20
19 18 18 16 16 13 13 13 13 10 9 8 8 6 6 6 5 5 5 3 2 
1 20 18 17 14 13 9 8 7 6 2 2 2 
2 20 18 17 14 13 9 8 7 6 1 1 1 
3 20 18 17 14 13 9 8 7 6 
4 20 18 17 14 13 9 8 7 6 
5 20 18 17 14 13 9 8 7 6 
6 20 18 17 14 13 9 8 7 1 2 3 4 5 
7 20 18 17 14 13 9 8 1 2 3 4 5 6 
8 20 18 17 14 13 9 1 2 3 4 5 6 7 
9 20 18 17 14 13 1 2 3 4 5 6 7 8 
10 20 18 17 14 13 
11 20 18 17 14 13 
12 20 18 17 14 13 
13 20 18 17 14 1 2 3 4 5 6 7 8 9 10 11 12 
14 20 18 17 1 2 3 4 5 6 7 8 9 10 11 12 13 
15 20 18 17 
16 20 18 17 
17 20 18 1 2 3 4 5 6 7 8 9 10 11 12 13 14 15 16 
18 20 1 2 3 4 5 6 7 8 9 10 11 12 13 14 15 16 17 
19 20 
20 1 2 3 4 5 6 7 8 9 10 11 12 13 14 15 16 17 18 19 
