19
18 18 16 14 14 12 10 9 9 9 9 8 7 7 6 4 3 3 2 0 
1 19 18 17 16 15 14 13 13 12 10 9 8 7 6 5 4 3 2 
2 19 18 17 16 15 14 13 12 11 10 9 8 7 6 5 4 3 1 
3 17 16 15 14 13 12 11 10 10 8 7 6 5 4 1 2 
4 15 14 13 12 11 10 9 8 7 6 5 2 1 3 
5 18 15 15 12 11 10 9 8 7 6 2 4 3 1 
6 14 13 11 10 9 8 7 5 1 4 3 2 
7 12 12 9 8 4 3 6 2 1 5 
8 12 10 5 6 2 1 7 4 3 
9 14 11 11 2 5 7 4 6 1 
10 14 6 2 1 4 3 3 8 5 
11 16 13 9 2 9 6 4 3 5 
12 2 8 1 7 3 5 7 4 
13 1 6 11 1 4 3 2 
14 9 1 6 3 10 2 4 
15 5 4 2 1 5 3 
16 11 1 3 2 
17 3 1 2 
18 5 1 2 
19 2 1 
