41
38 37 36 35 33 33 32 31 30 30 30 27 25 25 25 24 24 24 23 23 23 22 21 21 19 18 16 15 15 14 13 12 11 11 10 9 8 8 6 5 2 0 0 
1 39 38 37 36 35 34 33 32 31 30 29 28 27 26 25 24 23 22 21 20 19 18 17 17 16 16 15 12 11 10 9 8 7 6 5 4 3 2 
2 38 37 36 35 34 33 32 31 30 29 28 27 26 25 24 23 22 21 20 19 19 17 16 15 14 13 12 12 10 9 8 7 6 5 4 3 1 
3 40 38 36 35 35 32 31 30 29 28 27 26 25 24 23 23 21 20 19 18 17 16 15 14 13 12 11 10 9 8 7 6 5 4 2 1 
4 38 36 34 33 32 32 30 29 28 27 26 25 24 23 22 21 20 19 18 17 16 15 14 13 12 11 10 9 8 7 6 5 2 1 3 
5 39 37 32 31 30 29 28 27 26 25 24 23 22 21 20 19 18 18 16 15 14 13 12 11 10 9 8 7 6 1 2 4 3 
6 39 39 38 34 30 29 28 27 26 25 24 23 22 21 20 19 18 17 16 15 15 13 12 11 10 9 8 7 5 2 4 3 1 
7 40 37 31 30 30 29 29 29 26 24 23 22 21 20 19 18 17 16 15 14 13 12 11 10 9 8 3 2 1 6 5 4 
8 36 31 30 29 28 27 26 25 24 23 22 21 20 19 19 17 16 15 14 14 13 12 10 9 4 2 6 1 3 7 5 
9 37 34 30 28 27 26 25 24 23 23 21 20 19 18 17 16 15 14 13 12 11 11 7 2 3 8 4 1 5 6 
10 36 30 29 28 27 26 25 24 23 22 22 20 20 18 18 17 17 14 13 13 11 11 1 3 6 5 7 2 8 4 
11 40 39 37 32 28 26 26 24 23 22 21 20 19 18 17 16 15 14 13 12 9 9 6 4 3 10 10 5 7 1 
12 28 27 26 25 24 23 22 21 20 19 18 17 16 15 14 13 5 2 9 8 1 6 7 3 2 11 4 
13 38 25 24 23 22 21 20 19 18 18 16 15 14 12 8 10 10 9 6 11 2 3 5 4 7 
14 41 33 33 30 24 23 20 20 18 17 16 16 15 4 8 3 8 5 2 13 12 10 11 7 9 
15 35 35 31 30 29 27 23 22 21 21 17 14 9 1 4 11 13 8 6 2 12 6 5 7 3 
16 32 29 25 23 21 21 19 18 17 1 14 14 5 7 1 4 12 8 13 6 3 2 9 11 
17 41 32 31 30 21 20 19 18 7 1 3 1 11 15 8 2 10 9 10 16 4 6 14 12 
18 36 29 25 23 22 21 21 5 14 10 11 13 13 10 17 5 9 4 16 1 6 3 12 7 
19 38 32 31 28 28 26 22 16 2 8 8 2 13 4 9 5 6 1 17 11 3 7 12 
20 36 32 27 24 22 21 14 10 17 7 10 14 4 8 1 2 9 3 5 6 13 12 11 
21 24 23 22 15 15 20 18 18 2 13 8 12 9 17 16 5 16 7 4 1 11 3 6 
22 36 35 35 33 27 19 10 13 5 15 8 12 20 10 18 1 21 2 6 7 11 4 
23 33 10 21 6 1 3 9 8 9 12 16 18 2 3 14 15 5 11 13 4 7 
24 35 35 33 33 25 1 5 20 7 14 12 4 9 6 8 13 2 21 3 10 11 
25 34 33 28 28 26 1 18 8 16 4 24 12 2 13 6 9 10 5 3 
26 38 37 31 9 11 19 6 5 11 7 10 25 12 3 1 4 8 2 
27 34 34 31 15 2 22 4 8 6 20 9 12 1 10 3 5 
28 8 11 25 6 3 19 19 4 25 12 10 2 5 1 9 
29 39 16 15 7 4 7 7 18 8 3 2 6 10 5 1 
30 14 6 7 17 1 7 15 9 2 4 10 5 8 3 
31 40 33 26 17 19 15 5 27 8 7 1 2 3 
32 34 11 4 4 1 19 20 17 16 2 5 3 
33 2 24 22 23 1 14 14 24 25 31 4 
34 40 37 9 2 32 6 1 25 27 27 4 
35 15 24 3 22 15 24 22 3 1 2 
36 4 18 10 3 22 20 1 8 2 
37 7 11 5 26 2 34 9 1 
38 3 6 13 19 26 2 4 1 
39 6 5 29 6 11 1 
40 31 11 3 7 34 
41 17 14 
