58
57 54 54 54 52 52 50 49 49 49 48 48 47 46 45 45 45 43 43 42 39 39 37 37 36 36 35 35 33 32 31 31 30 28 28 27 27 26 25 25 24 22 20 19 17 16 15 15 14 11 9 7 7 4 4 3 3 1 
1 7 28 34 42 33 10 46 26 23 22 23 38 16 16 31 20 30 21 15 35 10 29 39 2 41 34 23 14 17 24 5 2 42 6 14 20 12 7 13 29 12 10 47 7 19 10 45 12 19 5 5 2 31 18 4 31 36 
2 28 49 32 7 14 17 38 21 30 13 23 11 19 38 36 7 48 34 1 19 5 5 24 1 36 12 42 7 13 28 4 50 49 4 22 6 12 12 25 8 3 34 18 14 13 29 19 7 15 1 13 12 5 35 
3 5 22 32 31 39 38 6 17 47 27 25 20 47 13 22 23 39 10 54 11 25 34 4 8 21 19 24 28 5 22 17 16 47 10 21 40 7 21 14 36 18 29 46 33 9 4 2 28 10 23 39 40 18 11 
4 41 8 31 7 25 8 5 37 41 8 40 24 28 54 8 11 11 14 15 22 13 3 42 11 29 13 18 26 2 24 11 37 53 2 38 26 10 14 22 3 34 38 32 22 17 34 21 11 38 16 16 1 36 30 
5 18 3 7 17 11 33 4 19 11 9 49 35 27 35 25 37 12 29 39 39 6 40 2 3 9 2 1 30 11 19 7 15 12 5 5 42 17 15 12 17 11 9 8 1 1 24 11 16 14 20 2 17 
6 39 10 32 7 24 10 3 33 12 21 12 27 21 16 31 47 31 18 34 9 28 21 12 5 9 37 14 20 9 9 47 47 14 24 1 50 12 6 6 2 29 30 10 15 52 22 25 40 35 25 8 15 
7 1 5 10 6 2 21 4 8 12 7 7 9 42 8 12 17 2 28 43 42 40 37 36 25 33 9 5 2 29 3 35 19 1 44 10 13 28 1 16 13 29 8 24 2 28 27 43 25 16 40 
8 34 17 18 33 43 4 19 7 4 42 51 4 11 40 41 4 35 7 28 19 19 14 3 39 24 33 49 18 46 20 13 20 14 17 42 25 2 35 50 12 5 26 7 10 13 39 10 6 18 
9 39 39 40 16 40 22 12 20 29 27 26 39 7 25 5 42 6 18 15 48 16 6 38 6 5 6 21 7 21 31 35 40 38 13 50 15 28 10 9 9 27 3 20 5 29 14 13 43 26 
10 6 29 7 1 6 21 28 26 29 43 26 29 25 11 19 51 3 1 20 11 51 22 25 13 3 9 20 30 38 28 7 11 1 28 16 4 22 6 1 3 23 19 8 24 13 49 8 31 46 
11 15 21 34 5 33 5 56 2 8 20 29 24 4 10 26 3 4 10 24 44 29 43 48 4 15 5 41 17 38 4 22 25 10 55 48 5 13 28 17 33 5 4 26 20 20 44 27 3 
12 15 33 24 36 18 6 13 6 9 7 13 26 23 25 7 20 37 27 6 5 31 24 21 40 29 2 57 5 12 12 1 26 6 2 1 2 5 18 22 21 8 17 44 1 48 15 2 19 
13 16 27 23 12 20 2 12 18 22 32 3 21 30 32 30 4 17 17 19 4 13 13 10 44 2 18 9 26 1 7 8 42 14 35 11 32 2 7 9 35 8 10 44 18 45 2 36 
14 33 2 27 52 27 15 31 16 42 39 4 15 50 8 36 27 19 22 19 1 6 37 15 6 22 1 3 45 45 14 14 43 16 8 20 4 13 2 30 25 9 33 36 38 5 38 
15 36 12 11 46 21 47 14 22 24 18 1 23 15 15 35 14 4 39 9 16 11 36 35 14 5 27 9 5 22 24 39 15 15 36 6 49 2 45 23 12 44 26 37 6 37 
16 13 18 9 6 22 14 1 1 22 20 20 17 28 42 9 25 15 17 51 19 3 37 33 32 37 14 31 26 10 34 44 52 7 44 27 32 17 26 34 34 4 5 4 48 7 
17 8 5 2 3 30 22 47 21 41 24 18 7 16 36 13 50 13 23 27 35 22 1 16 30 3 24 11 39 17 17 29 33 5 21 8 5 27 11 28 25 12 4 16 30 5 
18 5 8 16 29 12 32 35 13 40 15 6 19 17 28 49 9 41 27 27 26 36 34 24 31 4 47 37 13 8 3 27 27 12 22 44 2 33 41 13 1 8 3 57 
19 24 8 30 35 36 5 25 2 18 23 10 8 8 21 2 14 3 48 14 13 31 16 5 40 35 7 35 36 48 1 47 23 44 10 25 1 23 2 28 42 23 12 46 
20 42 23 13 9 3 11 27 32 1 20 20 12 16 24 10 16 6 38 21 24 26 10 25 1 8 22 8 36 14 28 9 20 20 49 33 37 27 11 11 28 5 43 
21 53 11 57 7 15 51 39 10 6 2 6 17 13 1 33 38 23 6 21 21 19 34 12 3 32 9 9 20 30 3 3 25 17 32 29 12 41 32 4 
22 3 46 32 41 28 17 9 23 1 16 15 13 3 50 16 26 50 4 29 25 14 17 3 10 14 11 39 38 2 20 10 15 4 31 12 18 6 4 27 
23 28 41 34 13 20 1 22 35 34 2 1 12 38 3 27 36 19 15 21 17 44 1 42 43 24 53 19 39 45 10 3 19 31 30 15 19 52 
24 28 12 37 19 33 6 31 32 15 45 17 4 33 11 29 20 25 11 12 3 18 1 8 2 20 17 6 43 34 4 23 15 31 7 10 5 45 
25 48 41 4 3 27 19 12 9 10 45 3 24 5 16 22 50 7 26 10 46 21 30 20 46 11 36 2 8 17 54 19 6 14 43 6 7 
26 36 31 26 26 1 38 10 30 29 9 12 10 31 22 11 53 43 18 25 4 41 20 13 12 16 4 46 48 39 8 16 11 15 9 26 26 
27 37 13 14 3 40 41 6 31 14 9 25 28 20 23 5 12 18 18 14 17 47 15 33 41 9 18 18 17 16 52 48 20 7 11 22 
28 2 23 1 24 22 35 29 10 27 4 38 6 36 18 50 8 7 16 56 3 35 2 46 9 10 10 7 20 49 3 11 17 19 7 20 
29 10 49 18 41 28 29 29 10 26 9 33 11 10 24 47 34 1 11 5 22 4 12 31 7 17 1 6 3 21 9 7 2 33 
30 50 37 17 35 19 2 26 31 1 13 13 35 46 5 43 21 17 41 32 25 10 6 43 39 53 34 31 14 23 17 31 4 
31 3 26 4 24 6 27 14 45 6 1 26 30 37 12 18 19 9 29 39 16 22 46 40 30 37 24 23 1 30 10 1 
32 2 55 6 22 47 3 24 35 18 36 13 20 36 44 13 41 54 32 32 34 21 30 42 16 52 21 13 4 21 16 39 
33 12 8 14 1 24 5 6 11 42 29 35 24 21 43 7 38 8 37 16 58 27 48 17 3 18 38 11 20 14 29 
34 8 1 23 11 35 23 6 48 29 37 3 2 21 1 18 32 37 24 40 45 45 16 4 2 30 4 16 16 
35 34 28 32 30 18 19 23 33 5 8 1 5 15 30 17 15 9 28 19 7 19 41 13 8 6 13 43 2 
36 26 15 12 19 32 23 32 2 44 28 17 14 18 40 7 15 2 3 19 25 20 15 14 4 13 49 1 
37 27 30 24 49 51 4 40 31 34 12 5 38 6 7 48 34 14 33 42 16 18 16 4 31 20 15 15 
38 39 3 26 2 1 23 28 2 21 37 9 20 33 9 45 11 49 22 10 4 4 43 33 4 14 14 
39 6 9 38 9 3 21 9 3 14 1 15 5 5 8 17 31 22 30 23 15 26 3 32 8 55 
40 9 43 27 9 37 4 18 8 49 7 52 12 5 36 44 19 9 3 34 51 31 6 44 3 7 
41 23 22 4 29 25 27 4 17 8 18 44 32 1 11 30 26 45 41 41 27 35 18 21 53 
42 1 20 46 33 8 7 9 14 53 7 16 4 23 2 37 1 32 5 45 13 8 19 
43 8 40 10 33 7 11 26 30 51 23 24 14 44 30 38 25 9 7 35 20 
44 55 36 32 11 41 23 40 13 7 43 16 19 18 16 12 40 13 15 11 
45 24 31 25 47 38 41 34 34 14 14 42 23 1 48 15 13 24 
46 51 15 22 1 42 30 25 28 25 8 3 26 31 56 10 19 
47 32 3 17 15 6 3 29 27 45 6 6 18 3 1 19 
48 25 34 2 9 11 19 37 33 11 19 26 12 27 45 16 
49 2 29 37 5 40 18 38 8 2 28 20 15 10 36 
50 30 22 22 28 14 17 25 9 6 2 8 
51 46 21 37 8 10 10 16 43 40 
52 14 40 32 16 6 27 23 
53 21 26 42 4 23 30 41 
54 4 3 32 25 
55 32 44 11 39 
56 11 28 46 
57 21 12 18 
58 33 
