37
36 32 29 29 28 28 28 27 26 26 24 24 22 22 19 19 19 18 17 17 16 15 15 14 14 11 10 10 7 6 4 4 4 4 3 3 2 0 
1 21 11 25 6 3 20 5 20 6 15 4 6 8 25 31 17 20 1 1 15 5 2 10 7 18 2 14 9 7 21 2 14 1 1 3 4 
2 5 9 7 9 6 14 34 17 25 8 22 10 13 32 18 4 4 12 1 4 1 34 11 22 1 3 16 15 29 28 18 17 
3 4 12 3 3 1 21 15 6 23 14 5 8 21 3 3 29 4 24 14 4 5 37 2 4 1 12 30 12 17 
4 3 6 10 11 15 20 21 1 6 12 27 11 8 15 25 35 2 2 3 24 3 16 2 12 6 8 3 1 18 
5 2 10 6 15 7 1 17 6 27 23 12 28 7 28 8 5 5 25 3 22 16 1 10 3 11 20 5 5 
6 4 5 22 1 22 2 13 3 1 5 12 11 8 1 15 20 4 18 24 14 13 9 13 9 22 20 26 4 
7 13 13 14 26 2 5 20 26 22 5 14 15 8 24 12 8 13 1 12 11 1 18 21 9 20 14 20 11 
8 21 8 8 17 10 10 12 27 30 10 27 6 2 1 9 9 5 4 27 3 7 17 17 22 7 36 4 
9 2 13 2 30 24 35 22 12 8 9 9 8 15 18 12 6 11 12 10 6 1 10 23 17 7 12 
10 18 5 18 4 17 8 8 8 18 14 22 2 15 5 13 16 1 9 19 17 33 9 19 11 19 16 
11 1 27 24 16 4 14 6 20 4 17 23 9 21 21 7 16 17 18 2 5 16 22 10 7 
12 3 8 14 19 31 6 5 9 4 28 9 9 19 7 19 2 25 12 12 7 4 9 3 3 
13 7 7 19 9 23 18 6 15 6 2 17 29 22 29 10 16 7 6 15 15 29 16 
14 16 7 14 14 2 12 11 10 18 7 6 18 3 33 3 23 1 24 31 23 1 7 
15 5 3 32 4 1 26 6 13 9 16 4 7 16 10 1 13 33 13 2 
16 14 11 23 21 15 23 29 15 5 28 10 13 4 11 11 2 13 10 36 
17 22 23 10 8 5 2 18 11 1 25 13 8 8 10 11 9 24 2 3 
18 10 10 21 27 13 10 14 17 6 9 14 2 1 11 7 19 2 4 
19 21 13 35 12 26 31 12 12 10 34 19 19 18 10 33 24 10 
20 1 1 7 4 11 6 26 27 1 25 30 25 26 6 7 5 7 
21 19 1 25 8 3 18 28 23 16 4 28 3 11 11 7 1 
22 17 6 6 25 9 7 2 10 27 5 13 8 6 2 11 
23 17 24 13 21 16 28 5 32 16 3 11 14 9 14 30 
24 23 11 24 24 9 37 6 26 7 3 4 14 19 17 
25 1 21 26 22 2 1 36 5 29 17 4 20 12 20 
26 34 7 25 7 15 19 20 24 20 28 6 
27 11 18 8 8 5 4 8 22 20 32 
28 30 21 23 5 21 5 12 16 26 2 
29 25 16 3 13 13 13 2 
30 28 9 8 20 23 3 
31 12 19 1 14 
32 15 23 2 27 
33 14 10 15 19 
34 26 2 19 2 
35 19 9 4 
36 25 8 16 
37 24 3 
