18
16 15 13 13 13 11 11 11 10 9 8 8 8 7 7 6 3 1 0 0 
1 12 5 4 8 16 12 2 15 16 3 10 14 14 13 1 1 
2 12 11 16 2 2 3 1 12 9 9 12 6 3 13 11 
3 12 5 5 2 9 14 11 1 10 4 11 6 2 
4 1 8 15 5 6 4 4 13 3 9 5 6 5 
5 1 7 10 3 9 4 3 10 6 7 4 4 14 
6 13 7 9 10 4 5 2 9 4 3 8 
7 14 9 6 5 15 7 7 15 11 15 5 
8 1 4 13 16 10 8 8 15 8 8 6 
9 7 12 6 5 3 2 10 2 6 4 
10 18 5 6 12 5 9 1 3 8 
11 2 14 7 3 13 17 3 2 
12 2 1 3 9 1 10 2 2 
13 6 13 13 8 11 4 2 1 
14 7 11 15 3 1 1 5 
15 7 14 4 7 7 1 8 
16 2 16 16 1 1 8 
17 17 17 11 
18 10 
