62
60 59 58 57 57 57 56 55 54 52 52 51 51 50 50 50 49 48 46 46 46 44 36 36 36 34 32 32 31 31 30 30 30 29 29 28 27 26 26 26 25 25 22 22 21 21 20 20 16 16 15 14 12 11 9 7 7 7 6 6 3 2 
1 6 27 23 9 7 2 10 56 15 15 43 7 6 21 42 22 44 25 29 53 21 19 10 2 33 22 17 30 43 52 24 29 29 31 38 38 12 19 42 17 6 20 6 22 30 6 51 48 6 55 27 20 59 22 7 32 6 7 9 11 
2 33 31 1 40 47 49 34 41 21 23 8 9 21 13 16 48 6 5 43 40 24 20 36 21 1 14 12 17 38 12 8 44 20 29 7 14 21 18 44 26 46 46 30 3 11 40 3 43 45 17 55 29 14 35 19 13 27 37 3 
3 32 30 51 20 43 61 19 48 23 27 32 5 21 22 36 7 13 42 39 27 28 3 3 35 37 26 51 31 47 23 33 14 5 10 27 39 19 21 25 34 17 29 44 29 2 2 5 48 14 19 24 4 31 17 22 13 25 2 
4 42 11 13 9 10 4 4 23 12 21 52 23 15 56 19 5 9 34 32 10 54 54 9 32 60 7 8 12 6 11 16 26 19 27 27 8 45 5 24 33 6 8 55 11 43 7 9 12 28 17 56 45 30 14 3 34 24 
5 24 32 41 13 48 36 10 56 6 12 24 36 14 2 9 3 4 31 53 12 35 22 21 31 50 18 4 27 3 21 17 13 5 5 9 51 30 19 7 26 22 7 9 14 3 7 16 7 24 9 10 23 48 10 20 47 6 
6 16 1 20 22 14 26 44 41 11 8 21 10 5 48 2 18 1 36 6 6 7 45 30 23 17 4 22 18 52 26 30 33 50 4 18 1 1 12 51 1 38 43 32 40 1 19 17 25 39 17 11 27 26 1 39 5 14 
7 17 48 1 12 45 20 39 19 39 37 1 26 18 23 24 6 3 47 4 25 50 31 11 13 8 18 2 33 11 14 17 13 38 10 22 4 19 16 5 14 31 5 12 5 16 8 30 5 31 32 1 44 14 1 18 9 
8 9 58 18 14 12 11 9 30 2 6 16 57 11 30 38 24 37 42 26 50 16 4 20 2 4 46 7 30 22 33 14 23 19 16 4 27 32 43 39 11 24 25 23 8 8 28 35 14 34 17 7 43 17 28 22 
9 8 16 17 4 1 44 11 46 19 28 36 42 26 8 18 20 61 2 13 12 50 45 53 5 10 34 4 4 13 39 34 54 40 18 15 34 5 41 45 42 33 4 11 20 25 5 11 18 13 41 5 1 45 7 
10 21 35 20 1 4 33 5 49 14 6 20 9 16 37 4 1 12 22 36 17 13 23 21 16 34 31 3 54 43 16 55 20 7 45 12 39 11 58 21 26 11 13 36 38 11 15 12 16 5 5 28 13 
11 4 53 9 20 8 13 48 6 37 11 11 8 44 15 21 4 15 22 23 7 25 43 16 59 28 22 7 22 32 4 8 15 39 10 26 41 29 2 10 25 9 19 13 35 10 9 17 14 6 38 43 1 
12 29 16 7 43 14 8 49 43 4 9 5 16 34 5 24 10 34 4 17 2 33 26 21 19 2 19 15 1 48 33 45 28 34 24 10 6 25 4 15 7 18 21 10 18 39 18 18 29 36 16 32 
13 47 4 18 44 21 33 5 57 11 9 56 27 2 31 20 49 50 3 15 44 9 10 23 24 7 15 23 31 14 20 18 5 16 7 42 31 41 14 42 11 10 37 36 54 9 19 2 27 18 3 10 
14 38 15 6 50 14 14 12 18 8 40 10 5 38 49 2 31 26 31 23 20 3 8 14 14 13 7 2 16 22 13 32 7 8 60 5 19 22 32 3 11 4 29 26 42 7 2 20 27 37 6 
15 40 38 14 47 17 20 50 20 1 29 1 20 30 11 4 57 51 30 20 13 11 46 22 13 12 9 40 44 48 18 16 40 11 28 27 12 39 21 10 35 37 29 22 41 17 53 47 26 24 51 
16 27 16 16 6 21 55 9 12 21 20 49 48 8 17 2 28 44 10 12 24 8 33 4 36 10 11 17 19 13 48 8 10 14 15 7 18 27 16 16 7 24 5 40 17 20 21 10 38 12 23 
17 43 7 37 9 38 15 36 48 45 16 41 18 49 6 1 12 10 2 31 26 50 18 22 44 23 16 5 31 21 40 7 1 38 3 39 2 4 6 8 32 11 20 16 6 8 15 18 3 42 
18 33 46 13 8 14 26 9 38 35 37 6 54 18 18 7 17 22 6 5 26 24 17 9 7 13 36 15 6 2 16 35 12 28 18 18 35 9 35 12 17 18 18 12 12 32 22 13 7 
19 40 19 19 9 44 21 7 31 30 3 4 44 35 34 1 61 4 28 26 53 12 12 54 53 27 16 8 21 1 27 3 29 5 28 7 26 24 11 6 14 3 13 28 2 25 28 
20 6 10 11 15 7 16 3 15 32 9 45 22 15 10 13 30 36 21 2 15 55 36 48 8 52 27 14 2 13 28 10 1 29 51 9 36 34 27 17 39 16 1 38 5 14 46 
21 16 44 10 16 19 13 2 38 6 46 2 4 11 34 1 3 20 2 1 37 5 35 12 10 5 21 21 19 17 32 3 2 41 28 10 47 35 22 55 15 12 33 28 23 16 52 
22 39 6 53 49 33 47 20 60 30 40 43 1 3 10 18 1 5 6 11 31 24 15 25 17 8 35 11 11 24 14 45 1 42 7 5 53 21 14 15 1 38 8 18 3 
23 32 50 1 4 2 3 4 7 42 6 39 35 10 13 11 14 13 3 29 17 30 8 55 38 8 40 37 36 21 34 5 51 24 54 25 16 
24 44 5 38 39 5 48 45 47 2 8 16 7 42 42 12 1 13 22 18 31 4 22 40 12 44 8 46 19 27 30 16 5 3 23 15 4 
25 26 53 40 32 36 46 34 1 54 29 36 27 7 45 11 30 22 49 28 3 50 12 8 11 48 9 28 6 45 36 30 25 25 3 23 19 
26 25 51 26 26 6 18 9 34 37 28 7 40 8 14 4 12 19 3 17 47 18 6 51 36 2 41 11 10 19 5 55 14 6 15 
27 16 1 31 13 34 3 36 58 47 3 25 4 4 20 5 19 3 19 8 43 46 15 16 24 20 1 6 28 13 14 2 33 
28 9 30 51 16 26 3 42 19 35 32 33 11 20 12 25 21 36 19 38 15 4 8 25 42 18 21 42 27 8 19 10 19 
29 12 15 52 37 1 25 31 1 1 57 36 35 23 2 41 19 3 3 50 20 11 50 45 30 15 42 2 14 39 32 12 
30 59 3 28 8 57 19 15 22 8 20 37 15 6 45 1 25 58 8 40 23 6 5 1 2 29 24 4 7 39 25 58 
31 2 45 45 27 19 13 5 33 5 29 14 17 14 1 7 22 3 10 24 41 49 13 17 13 7 40 32 7 3 49 
32 23 52 3 5 20 25 3 35 4 4 37 60 40 28 21 50 11 8 6 14 53 17 54 14 31 7 1 29 18 12 
33 18 2 41 13 54 10 22 41 31 1 16 12 3 8 7 4 28 12 6 40 60 9 33 33 39 21 42 49 35 27 
34 2 44 56 26 27 53 9 21 37 4 25 12 19 46 12 9 40 10 9 12 46 3 46 20 8 23 43 4 43 
35 52 10 47 51 18 32 59 19 5 3 21 23 28 29 39 37 22 41 38 18 21 8 11 18 15 18 33 41 2 
36 50 9 5 17 25 5 27 20 6 3 2 20 25 10 16 44 29 52 18 26 28 20 23 10 47 13 25 12 
37 17 45 11 7 26 18 30 10 34 29 8 21 37 37 3 32 46 35 40 23 13 15 41 37 37 2 14 
38 14 17 15 18 21 24 8 14 2 1 1 7 17 23 28 6 35 46 40 10 41 20 11 16 44 22 
39 22 47 52 7 24 7 62 3 23 9 35 3 8 11 17 10 33 15 20 6 30 29 12 6 40 51 
40 15 47 19 2 25 14 22 2 26 34 9 30 32 15 17 24 33 15 37 23 2 6 38 31 16 39 
41 56 33 5 2 6 42 33 17 31 46 29 9 62 21 13 26 11 35 51 9 38 37 15 35 58 
42 4 9 41 1 24 8 24 23 3 28 1 13 9 22 13 59 28 33 58 29 28 14 60 44 17 
43 17 12 12 3 1 46 2 22 1 11 10 52 8 4 27 6 2 8 34 46 11 34 
44 24 21 9 19 13 6 34 11 16 19 1 13 36 2 17 15 24 2 3 7 38 42 
45 37 31 7 31 17 20 9 24 6 30 25 4 12 9 22 10 2 29 4 25 9 
46 18 9 21 25 43 52 34 47 15 37 8 41 34 2 27 24 2 34 38 43 20 
47 13 39 40 15 2 35 52 22 24 27 7 46 26 3 21 36 15 5 47 47 
48 7 5 17 11 16 6 3 50 2 24 49 20 57 12 15 16 25 1 3 5 
49 2 22 12 16 10 13 48 17 14 31 25 49 49 33 31 52 
50 23 36 14 15 9 48 13 8 5 7 17 32 6 25 29 29 
51 26 3 35 28 15 3 26 5 6 1 20 41 23 39 15 
52 32 35 39 47 4 29 46 1 20 6 36 43 49 21 
53 22 11 25 9 34 5 1 19 19 22 32 15 
54 33 18 4 4 25 9 19 10 13 32 23 
55 16 20 10 4 23 2 21 26 1 
56 41 1 34 13 5 4 4 
57 13 30 8 15 29 48 59 
58 8 27 30 10 42 30 41 
59 30 35 11 57 42 1 
60 22 4 32 33 14 42 
61 9 3 19 
62 39 41 
