19
18 16 15 15 14 14 13 13 12 11 10 9 8 8 8 6 5 4 3 
1 19 16 14 13 11 10 8 7 5 3 3 2 2 2 
2 19 16 14 13 11 10 8 7 5 3 3 1 1 1 
3 19 16 14 13 11 10 8 7 5 1 2 1 2 
4 19 16 14 13 11 10 8 7 5 
5 19 16 14 13 11 10 8 7 1 2 3 4 
6 19 16 14 13 11 10 8 7 
7 19 16 14 13 11 10 8 1 2 3 4 5 6 
8 19 16 14 13 11 10 1 2 3 4 5 6 7 
9 19 16 14 13 11 10 
10 19 16 14 13 11 1 2 3 4 5 6 7 8 9 
11 19 16 14 13 1 2 3 4 5 6 7 8 9 10 
12 19 16 14 13 
13 19 16 14 1 2 3 4 5 6 7 8 9 10 11 12 
14 19 16 1 2 3 4 5 6 7 8 9 10 11 12 13 
15 19 16 
16 19 1 2 3 4 5 6 7 8 9 10 11 12 13 14 15 
17 19 
18 19 
19 1 2 3 4 5 6 7 8 9 10 11 12 13 14 15 16 17 18 
