56
55 54 52 52 48 47 47 45 43 43 42 42 41 40 39 39 36 36 36 35 34 32 32 32 31 31 31 30 30 29 28 27 27 25 25 23 20 20 20 19 18 16 16 13 13 11 11 9 8 6 5 5 4 2 2 1 0 
1 56 54 51 50 45 43 42 39 36 35 33 32 30 28 26 25 21 20 19 17 15 12 11 10 8 7 6 5 4 4 4 4 3 3 3 3 3 3 2 2 2 2 2 2 2 
2 56 54 51 50 45 43 42 39 36 35 33 32 30 28 26 25 21 20 19 17 15 12 11 10 8 7 6 5 4 4 4 4 3 3 3 3 3 3 1 1 1 1 1 1 1 
3 56 54 51 50 45 43 42 39 36 35 33 32 30 28 26 25 21 20 19 17 15 12 11 10 8 7 6 5 4 4 4 4 1 2 1 2 1 2 1 2 1 2 1 2 
4 56 54 51 50 45 43 42 39 36 35 33 32 30 28 26 25 21 20 19 17 15 12 11 10 8 7 6 5 1 2 3 1 2 3 1 2 3 1 2 3 
5 56 54 51 50 45 43 42 39 36 35 33 32 30 28 26 25 21 20 19 17 15 12 11 10 8 7 6 1 2 3 4 
6 56 54 51 50 45 43 42 39 36 35 33 32 30 28 26 25 21 20 19 17 15 12 11 10 8 7 1 2 3 4 5 
7 56 54 51 50 45 43 42 39 36 35 33 32 30 28 26 25 21 20 19 17 15 12 11 10 8 1 2 3 4 5 6 
8 56 54 51 50 45 43 42 39 36 35 33 32 30 28 26 25 21 20 19 17 15 12 11 10 1 2 3 4 5 6 7 
9 56 54 51 50 45 43 42 39 36 35 33 32 30 28 26 25 21 20 19 17 15 12 11 10 
10 56 54 51 50 45 43 42 39 36 35 33 32 30 28 26 25 21 20 19 17 15 12 11 1 2 3 4 5 6 7 8 9 
11 56 54 51 50 45 43 42 39 36 35 33 32 30 28 26 25 21 20 19 17 15 12 1 2 3 4 5 6 7 8 9 10 
12 56 54 51 50 45 43 42 39 36 35 33 32 30 28 26 25 21 20 19 17 15 1 2 3 4 5 6 7 8 9 10 11 
13 56 54 51 50 45 43 42 39 36 35 33 32 30 28 26 25 21 20 19 17 15 
14 56 54 51 50 45 43 42 39 36 35 33 32 30 28 26 25 21 20 19 17 15 
15 56 54 51 50 45 43 42 39 36 35 33 32 30 28 26 25 21 20 19 17 1 2 3 4 5 6 7 8 9 10 11 12 13 14 
16 56 54 51 50 45 43 42 39 36 35 33 32 30 28 26 25 21 20 19 17 
17 56 54 51 50 45 43 42 39 36 35 33 32 30 28 26 25 21 20 19 1 2 3 4 5 6 7 8 9 10 11 12 13 14 15 16 
18 56 54 51 50 45 43 42 39 36 35 33 32 30 28 26 25 21 20 19 
19 56 54 51 50 45 43 42 39 36 35 33 32 30 28 26 25 21 20 1 2 3 4 5 6 7 8 9 10 11 12 13 14 15 16 17 18 
20 56 54 51 50 45 43 42 39 36 35 33 32 30 28 26 25 21 1 2 3 4 5 6 7 8 9 10 11 12 13 14 15 16 17 18 19 
21 56 54 51 50 45 43 42 39 36 35 33 32 30 28 26 25 1 2 3 4 5 6 7 8 9 10 11 12 13 14 15 16 17 18 19 20 
22 56 54 51 50 45 43 42 39 36 35 33 32 30 28 26 25 
23 56 54 51 50 45 43 42 39 36 35 33 32 30 28 26 25 
24 56 54 51 50 45 43 42 39 36 35 33 32 30 28 26 25 
25 56 54 51 50 45 43 42 39 36 35 33 32 30 28 26 1 2 3 4 5 6 7 8 9 10 11 12 13 14 15 16 17 18 19 20 21 22 23 24 
26 56 54 51 50 45 43 42 39 36 35 33 32 30 28 1 2 3 4 5 6 7 8 9 10 11 12 13 14 15 16 17 18 19 20 21 22 23 24 25 
27 56 54 51 50 45 43 42 39 36 35 33 32 30 28 
28 56 54 51 50 45 43 42 39 36 35 33 32 30 1 2 3 4 5 6 7 8 9 10 11 12 13 14 15 16 17 18 19 20 21 22 23 24 25 26 27 
29 56 54 51 50 45 43 42 39 36 35 33 32 30 
30 56 54 51 50 45 43 42 39 36 35 33 32 1 2 3 4 5 6 7 8 9 10 11 12 13 14 15 16 17 18 19 20 21 22 23 24 25 26 27 28 29 
31 56 54 51 50 45 43 42 39 36 35 33 32 
32 56 54 51 50 45 43 42 39 36 35 33 1 2 3 4 5 6 7 8 9 10 11 12 13 14 15 16 17 18 19 20 21 22 23 24 25 26 27 28 29 30 31 
33 56 54 51 50 45 43 42 39 36 35 1 2 3 4 5 6 7 8 9 10 11 12 13 14 15 16 17 18 19 20 21 22 23 24 25 26 27 28 29 30 31 32 
34 56 54 51 50 45 43 42 39 36 35 
35 56 54 51 50 45 43 42 39 36 1 2 3 4 5 6 7 8 9 10 11 12 13 14 15 16 17 18 19 20 21 22 23 24 25 26 27 28 29 30 31 32 33 34 
36 56 54 51 50 45 43 42 39 1 2 3 4 5 6 7 8 9 10 11 12 13 14 15 16 17 18 19 20 21 22 23 24 25 26 27 28 29 30 31 32 33 34 35 
37 56 54 51 50 45 43 42 39 
38 56 54 51 50 45 43 42 39 
39 56 54 51 50 45 43 42 1 2 3 4 5 6 7 8 9 10 11 12 13 14 15 16 17 18 19 20 21 22 23 24 25 26 27 28 29 30 31 32 33 34 35 36 37 38 
40 56 54 51 50 45 43 42 
41 56 54 51 50 45 43 42 
42 56 54 51 50 45 43 1 2 3 4 5 6 7 8 9 10 11 12 13 14 15 16 17 18 19 20 21 22 23 24 25 26 27 28 29 30 31 32 33 34 35 36 37 38 39 40 41 
43 56 54 51 50 45 1 2 3 4 5 6 7 8 9 10 11 12 13 14 15 16 17 18 19 20 21 22 23 24 25 26 27 28 29 30 31 32 33 34 35 36 37 38 39 40 41 42 
44 56 54 51 50 45 
45 56 54 51 50 1 2 3 4 5 6 7 8 9 10 11 12 13 14 15 16 17 18 19 20 21 22 23 24 25 26 27 28 29 30 31 32 33 34 35 36 37 38 39 40 41 42 43 44 
46 56 54 51 50 
47 56 54 51 50 
48 56 54 51 50 
49 56 54 51 50 
50 56 54 51 1 2 3 4 5 6 7 8 9 10 11 12 13 14 15 16 17 18 19 20 21 22 23 24 25 26 27 28 29 30 31 32 33 34 35 36 37 38 39 40 41 42 43 44 45 46 47 48 49 
51 56 54 1 2 3 4 5 6 7 8 9 10 11 12 13 14 15 16 17 18 19 20 21 22 23 24 25 26 27 28 29 30 31 32 33 34 35 36 37 38 39 40 41 42 43 44 45 46 47 48 49 50 
52 56 54 
53 56 54 
54 56 1 2 3 4 5 6 7 8 9 10 11 12 13 14 15 16 17 18 19 20 21 22 23 24 25 26 27 28 29 30 31 32 33 34 35 36 37 38 39 40 41 42 43 44 45 46 47 48 49 50 51 52 53 
55 56 
56 1 2 3 4 5 6 7 8 9 10 11 12 13 14 15 16 17 18 19 20 21 22 23 24 25 26 27 28 29 30 31 32 33 34 35 36 37 38 39 40 41 42 43 44 45 46 47 48 49 50 51 52 53 54 55 
