82
81 81 81 80 79 78 72 71 71 70 70 68 67 67 65 62 62 61 60 58 58 58 57 57 52 50 50 50 48 47 44 43 42 42 41 41 40 40 39 39 38 36 35 35 35 34 34 32 31 30 28 27 27 26 25 25 25 25 23 22 21 20 19 18 15 15 14 14 14 14 13 12 11 10 10 10 8 7 5 4 4 4 2 1 
1 3 
2 3 
3 2 1 4 5 6 7 9 8 11 10 12 14 13 15 17 16 18 19 22 21 20 24 23 25 28 27 26 29 30 31 32 34 33 36 35 38 37 40 39 41 42 45 44 43 47 46 48 49 50 51 53 52 54 58 57 56 55 59 60 61 62 63 64 66 65 70 69 68 67 71 72 73 76 75 74 77 78 79 82 81 80 
4 3 
5 3 
6 3 
7 3 
8 3 
9 3 
10 3 
11 3 
12 3 
13 3 
14 3 
15 3 
16 3 
17 3 
18 3 
19 3 
20 3 
21 3 
22 3 
23 3 
24 3 
25 3 
26 3 
27 3 
28 3 
29 3 
30 3 
31 3 
32 3 
33 3 
34 3 
35 3 
36 3 
37 3 
38 3 
39 3 
40 3 
41 3 
42 3 
43 3 
44 3 
45 3 
46 3 
47 3 
48 3 
49 3 
50 3 
51 3 
52 3 
53 3 
54 3 
55 3 
56 3 
57 3 
58 3 
59 3 
60 3 
61 3 
62 3 
63 3 
64 3 
65 3 
66 3 
67 3 
68 3 
69 3 
70 3 
71 3 
72 3 
73 3 
74 3 
75 3 
76 3 
77 3 
78 3 
79 3 
80 3 
81 3 
82 3 
