37
36 33 33 33 31 29 28 28 27 25 24 24 24 23 23 23 22 22 22 22 21 20 20 17 16 16 14 14 13 13 12 10 7 6 5 4 2 
1 37 33 32 31 28 25 23 22 20 17 15 14 13 11 10 9 7 6 6 5 5 4 4 4 4 3 3 3 3 2 2 2 
2 37 33 32 31 28 25 23 22 20 17 15 14 13 11 10 9 7 6 6 5 5 4 4 4 4 3 3 3 3 1 1 1 
3 37 33 32 31 28 25 23 22 20 17 15 14 13 11 10 9 7 6 6 5 5 4 4 4 4 1 2 1 2 1 2 1 2 
4 37 33 32 31 28 25 23 22 20 17 15 14 13 11 10 9 7 6 6 5 5 1 2 3 1 2 3 1 2 3 1 2 3 
5 37 33 32 31 28 25 23 22 20 17 15 14 13 11 10 9 7 6 6 1 2 3 4 1 2 3 4 
6 37 33 32 31 28 25 23 22 20 17 15 14 13 11 10 9 7 1 2 3 4 5 1 2 3 4 5 
7 37 33 32 31 28 25 23 22 20 17 15 14 13 11 10 9 1 2 3 4 5 6 
8 37 33 32 31 28 25 23 22 20 17 15 14 13 11 10 9 
9 37 33 32 31 28 25 23 22 20 17 15 14 13 11 10 1 2 3 4 5 6 7 8 
10 37 33 32 31 28 25 23 22 20 17 15 14 13 11 1 2 3 4 5 6 7 8 9 
11 37 33 32 31 28 25 23 22 20 17 15 14 13 1 2 3 4 5 6 7 8 9 10 
12 37 33 32 31 28 25 23 22 20 17 15 14 13 
13 37 33 32 31 28 25 23 22 20 17 15 14 1 2 3 4 5 6 7 8 9 10 11 12 
14 37 33 32 31 28 25 23 22 20 17 15 1 2 3 4 5 6 7 8 9 10 11 12 13 
15 37 33 32 31 28 25 23 22 20 17 1 2 3 4 5 6 7 8 9 10 11 12 13 14 
16 37 33 32 31 28 25 23 22 20 17 
17 37 33 32 31 28 25 23 22 20 1 2 3 4 5 6 7 8 9 10 11 12 13 14 15 16 
18 37 33 32 31 28 25 23 22 20 
19 37 33 32 31 28 25 23 22 20 
20 37 33 32 31 28 25 23 22 1 2 3 4 5 6 7 8 9 10 11 12 13 14 15 16 17 18 19 
21 37 33 32 31 28 25 23 22 
22 37 33 32 31 28 25 23 1 2 3 4 5 6 7 8 9 10 11 12 13 14 15 16 17 18 19 20 21 
23 37 33 32 31 28 25 1 2 3 4 5 6 7 8 9 10 11 12 13 14 15 16 17 18 19 20 21 22 
24 37 33 32 31 28 25 
25 37 33 32 31 28 1 2 3 4 5 6 7 8 9 10 11 12 13 14 15 16 17 18 19 20 21 22 23 24 
26 37 33 32 31 28 
27 37 33 32 31 28 
28 37 33 32 31 1 2 3 4 5 6 7 8 9 10 11 12 13 14 15 16 17 18 19 20 21 22 23 24 25 26 27 
29 37 33 32 31 
30 37 33 32 31 
31 37 33 32 1 2 3 4 5 6 7 8 9 10 11 12 13 14 15 16 17 18 19 20 21 22 23 24 25 26 27 28 29 30 
32 37 33 1 2 3 4 5 6 7 8 9 10 11 12 13 14 15 16 17 18 19 20 21 22 23 24 25 26 27 28 29 30 31 
33 37 1 2 3 4 5 6 7 8 9 10 11 12 13 14 15 16 17 18 19 20 21 22 23 24 25 26 27 28 29 30 31 32 
34 37 
35 37 
36 37 
37 1 2 3 4 5 6 7 8 9 10 11 12 13 14 15 16 17 18 19 20 21 22 23 24 25 26 27 28 29 30 31 32 33 34 35 36 
