35
34 30 29 29 28 28 28 25 24 21 21 20 19 19 19 18 16 16 14 14 13 11 10 10 9 9 9 8 7 6 6 5 5 1 1 
1 32 24 9 15 14 2 23 28 2 21 13 5 8 4 2 5 12 5 2 18 9 14 6 18 2 2 30 19 13 17 21 2 22 7 
2 4 21 9 10 10 3 4 14 1 1 4 20 6 1 3 14 2 2 21 1 6 14 7 6 1 1 12 20 1 16 
3 4 23 2 28 7 14 17 8 33 13 4 13 10 10 12 20 13 19 9 4 2 30 35 10 31 7 17 3 3 
4 3 2 27 7 9 2 18 15 3 2 13 6 1 3 10 13 14 12 28 5 24 17 21 6 5 16 28 19 13 
5 10 27 10 7 18 8 5 5 25 22 9 13 10 1 8 1 11 1 22 17 4 8 16 5 5 30 21 4 
6 6 6 32 26 10 14 14 21 7 4 2 32 12 2 18 7 33 12 13 7 12 1 23 2 29 8 4 30 
7 22 28 5 24 3 4 8 23 18 9 29 6 31 24 12 10 21 15 3 6 11 6 29 2 14 11 24 1 
8 16 19 8 8 9 5 7 3 24 22 20 1 5 11 18 25 29 11 15 11 22 5 6 10 12 
9 2 13 10 1 16 10 25 4 8 24 7 5 16 12 10 3 17 22 9 9 1 27 13 20 
10 5 2 11 2 9 5 6 9 12 5 3 3 9 12 4 7 3 20 17 32 8 
11 33 16 10 13 25 22 27 29 17 26 14 8 21 8 5 8 7 16 21 7 20 
12 25 17 10 25 3 33 9 10 7 6 1 4 20 6 6 16 26 2 14 8 
13 9 11 29 3 5 4 3 1 3 19 4 6 19 23 15 1 9 4 19 
14 3 1 17 6 2 6 34 11 2 4 2 1 15 7 15 12 25 26 18 
15 21 1 4 26 19 17 31 18 8 7 19 14 27 14 17 17 13 18 23 
16 11 8 9 28 9 21 19 16 16 18 30 25 27 12 11 5 4 2 
17 14 3 12 20 11 18 15 9 5 4 15 20 15 10 1 3 
18 19 5 4 7 17 26 8 15 6 1 16 24 1 28 15 14 
19 18 8 22 13 3 16 15 15 13 23 1 25 4 13 
20 23 17 8 2 3 31 12 10 31 17 26 11 9 2 
21 2 23 15 6 1 16 11 2 7 4 11 5 1 
22 7 28 11 5 8 19 26 9 8 5 1 
23 3 21 20 1 7 6 13 19 27 15 
24 1 27 7 8 9 7 4 18 29 7 
25 11 9 12 5 12 8 16 19 14 
26 6 11 18 15 22 12 20 14 33 
27 5 32 24 4 11 16 15 9 23 
28 7 22 3 16 1 4 18 4 
29 13 11 7 8 7 6 24 
30 3 16 31 1 5 6 
31 7 15 3 20 20 30 
32 1 6 27 6 10 
33 11 3 12 6 26 
34 14 
35 3 
