70
69 68 67 66 66 64 63 63 62 59 58 57 54 52 52 51 50 50 49 49 49 47 46 43 42 41 40 39 38 38 36 36 35 35 34 33 33 33 32 32 31 31 31 29 29 28 26 26 25 24 22 21 20 20 17 16 16 14 13 13 12 12 11 11 10 8 8 8 5 5 4 1 0 0 
1 2 3 5 4 6 8 7 9 10 11 12 13 15 14 16 18 17 21 20 19 22 23 24 25 26 27 28 30 29 32 31 34 33 35 38 37 36 40 39 43 42 41 45 44 46 48 47 49 50 51 52 54 53 55 57 56 58 60 59 62 61 64 63 65 68 67 66 70 69 
2 1 
3 1 
4 1 
5 1 
6 1 
7 1 
8 1 
9 1 
10 1 
11 1 
12 1 
13 1 
14 1 
15 1 
16 1 
17 1 
18 1 
19 1 
20 1 
21 1 
22 1 
23 1 
24 1 
25 1 
26 1 
27 1 
28 1 
29 1 
30 1 
31 1 
32 1 
33 1 
34 1 
35 1 
36 1 
37 1 
38 1 
39 1 
40 1 
41 1 
42 1 
43 1 
44 1 
45 1 
46 1 
47 1 
48 1 
49 1 
50 1 
51 1 
52 1 
53 1 
54 1 
55 1 
56 1 
57 1 
58 1 
59 1 
60 1 
61 1 
62 1 
63 1 
64 1 
65 1 
66 1 
67 1 
68 1 
69 1 
70 1 
