50
49 49 48 47 45 45 43 43 43 42 42 39 38 36 36 35 34 34 34 33 32 32 31 31 29 28 27 27 27 26 26 25 24 23 22 21 18 18 18 16 16 15 15 15 13 12 10 7 6 5 5 1 
1 50 49 47 45 42 41 38 37 36 34 33 29 27 24 23 21 19 18 17 15 13 12 10 9 6 5 5 5 5 4 4 4 4 4 3 3 3 3 3 3 2 2 2 2 2 
2 50 49 47 45 42 41 38 37 36 34 33 29 27 24 23 21 19 18 17 15 13 12 10 9 6 5 5 5 5 4 4 4 4 4 3 3 3 3 3 3 1 1 1 1 1 
3 50 49 47 45 42 41 38 37 36 34 33 29 27 24 23 21 19 18 17 15 13 12 10 9 6 5 5 5 5 4 4 4 4 4 1 2 1 2 1 2 1 2 1 2 1 2 
4 50 49 47 45 42 41 38 37 36 34 33 29 27 24 23 21 19 18 17 15 13 12 10 9 6 5 5 5 5 1 2 3 1 2 3 1 2 3 1 2 3 1 2 3 
5 50 49 47 45 42 41 38 37 36 34 33 29 27 24 23 21 19 18 17 15 13 12 10 9 6 1 2 3 4 1 2 3 4 1 2 3 4 1 2 3 4 
6 50 49 47 45 42 41 38 37 36 34 33 29 27 24 23 21 19 18 17 15 13 12 10 9 1 2 3 4 5 
7 50 49 47 45 42 41 38 37 36 34 33 29 27 24 23 21 19 18 17 15 13 12 10 9 
8 50 49 47 45 42 41 38 37 36 34 33 29 27 24 23 21 19 18 17 15 13 12 10 9 
9 50 49 47 45 42 41 38 37 36 34 33 29 27 24 23 21 19 18 17 15 13 12 10 1 2 3 4 5 6 7 8 
10 50 49 47 45 42 41 38 37 36 34 33 29 27 24 23 21 19 18 17 15 13 12 1 2 3 4 5 6 7 8 9 
11 50 49 47 45 42 41 38 37 36 34 33 29 27 24 23 21 19 18 17 15 13 12 
12 50 49 47 45 42 41 38 37 36 34 33 29 27 24 23 21 19 18 17 15 13 1 2 3 4 5 6 7 8 9 10 11 
13 50 49 47 45 42 41 38 37 36 34 33 29 27 24 23 21 19 18 17 15 1 2 3 4 5 6 7 8 9 10 11 12 
14 50 49 47 45 42 41 38 37 36 34 33 29 27 24 23 21 19 18 17 15 
15 50 49 47 45 42 41 38 37 36 34 33 29 27 24 23 21 19 18 17 1 2 3 4 5 6 7 8 9 10 11 12 13 14 
16 50 49 47 45 42 41 38 37 36 34 33 29 27 24 23 21 19 18 17 
17 50 49 47 45 42 41 38 37 36 34 33 29 27 24 23 21 19 18 1 2 3 4 5 6 7 8 9 10 11 12 13 14 15 16 
18 50 49 47 45 42 41 38 37 36 34 33 29 27 24 23 21 19 1 2 3 4 5 6 7 8 9 10 11 12 13 14 15 16 17 
19 50 49 47 45 42 41 38 37 36 34 33 29 27 24 23 21 1 2 3 4 5 6 7 8 9 10 11 12 13 14 15 16 17 18 
20 50 49 47 45 42 41 38 37 36 34 33 29 27 24 23 21 
21 50 49 47 45 42 41 38 37 36 34 33 29 27 24 23 1 2 3 4 5 6 7 8 9 10 11 12 13 14 15 16 17 18 19 20 
22 50 49 47 45 42 41 38 37 36 34 33 29 27 24 23 
23 50 49 47 45 42 41 38 37 36 34 33 29 27 24 1 2 3 4 5 6 7 8 9 10 11 12 13 14 15 16 17 18 19 20 21 22 
24 50 49 47 45 42 41 38 37 36 34 33 29 27 1 2 3 4 5 6 7 8 9 10 11 12 13 14 15 16 17 18 19 20 21 22 23 
25 50 49 47 45 42 41 38 37 36 34 33 29 27 
26 50 49 47 45 42 41 38 37 36 34 33 29 27 
27 50 49 47 45 42 41 38 37 36 34 33 29 1 2 3 4 5 6 7 8 9 10 11 12 13 14 15 16 17 18 19 20 21 22 23 24 25 26 
28 50 49 47 45 42 41 38 37 36 34 33 29 
29 50 49 47 45 42 41 38 37 36 34 33 1 2 3 4 5 6 7 8 9 10 11 12 13 14 15 16 17 18 19 20 21 22 23 24 25 26 27 28 
30 50 49 47 45 42 41 38 37 36 34 33 
31 50 49 47 45 42 41 38 37 36 34 33 
32 50 49 47 45 42 41 38 37 36 34 33 
33 50 49 47 45 42 41 38 37 36 34 1 2 3 4 5 6 7 8 9 10 11 12 13 14 15 16 17 18 19 20 21 22 23 24 25 26 27 28 29 30 31 32 
34 50 49 47 45 42 41 38 37 36 1 2 3 4 5 6 7 8 9 10 11 12 13 14 15 16 17 18 19 20 21 22 23 24 25 26 27 28 29 30 31 32 33 
35 50 49 47 45 42 41 38 37 36 
36 50 49 47 45 42 41 38 37 1 2 3 4 5 6 7 8 9 10 11 12 13 14 15 16 17 18 19 20 21 22 23 24 25 26 27 28 29 30 31 32 33 34 35 
37 50 49 47 45 42 41 38 1 2 3 4 5 6 7 8 9 10 11 12 13 14 15 16 17 18 19 20 21 22 23 24 25 26 27 28 29 30 31 32 33 34 35 36 
38 50 49 47 45 42 41 1 2 3 4 5 6 7 8 9 10 11 12 13 14 15 16 17 18 19 20 21 22 23 24 25 26 27 28 29 30 31 32 33 34 35 36 37 
39 50 49 47 45 42 41 
40 50 49 47 45 42 41 
41 50 49 47 45 42 1 2 3 4 5 6 7 8 9 10 11 12 13 14 15 16 17 18 19 20 21 22 23 24 25 26 27 28 29 30 31 32 33 34 35 36 37 38 39 40 
42 50 49 47 45 1 2 3 4 5 6 7 8 9 10 11 12 13 14 15 16 17 18 19 20 21 22 23 24 25 26 27 28 29 30 31 32 33 34 35 36 37 38 39 40 41 
43 50 49 47 45 
44 50 49 47 45 
45 50 49 47 1 2 3 4 5 6 7 8 9 10 11 12 13 14 15 16 17 18 19 20 21 22 23 24 25 26 27 28 29 30 31 32 33 34 35 36 37 38 39 40 41 42 43 44 
46 50 49 47 
47 50 49 1 2 3 4 5 6 7 8 9 10 11 12 13 14 15 16 17 18 19 20 21 22 23 24 25 26 27 28 29 30 31 32 33 34 35 36 37 38 39 40 41 42 43 44 45 46 
48 50 49 
49 50 1 2 3 4 5 6 7 8 9 10 11 12 13 14 15 16 17 18 19 20 21 22 23 24 25 26 27 28 29 30 31 32 33 34 35 36 37 38 39 40 41 42 43 44 45 46 47 48 
50 1 2 3 4 5 6 7 8 9 10 11 12 13 14 15 16 17 18 19 20 21 22 23 24 25 26 27 28 29 30 31 32 33 34 35 36 37 38 39 40 41 42 43 44 45 46 47 48 49 
