99
98 96 94 92 92 90 88 86 86 85 84 84 83 83 82 82 81 81 79 78 76 75 74 71 71 71 69 68 68 67 64 64 63 62 62 62 62 61 60 60 60 60 59 55 55 54 52 51 51 50 49 49 48 48 43 42 42 41 40 39 39 38 38 38 36 34 32 31 31 30 30 30 30 29 28 26 26 24 23 21 21 20 20 19 19 17 13 12 10 10 8 8 6 6 6 4 3 1 1 
1 12 16 52 41 55 31 12 1 1 53 8 62 9 10 24 14 18 13 53 42 78 26 49 15 15 57 42 44 80 67 32 1 1 54 39 13 15 85 56 31 68 3 50 26 51 53 11 17 21 7 58 52 21 69 71 31 43 37 57 65 40 5 18 18 15 66 20 78 46 67 25 40 43 31 18 59 13 7 65 21 4 10 5 28 35 73 27 23 11 10 38 28 5 5 17 1 1 54 
2 11 28 33 68 37 59 10 14 21 5 8 15 12 50 72 26 97 66 32 11 52 81 32 13 8 12 58 72 48 19 43 20 68 64 7 20 8 5 60 82 29 50 69 24 45 62 66 6 45 6 11 15 19 21 52 41 13 2 2 15 14 35 69 3 31 4 68 16 20 43 47 31 39 11 17 50 75 66 54 56 6 60 31 32 21 3 27 33 10 19 50 34 51 28 8 5 
3 56 40 4 12 3 3 26 63 62 81 18 18 8 42 29 70 17 13 72 60 21 11 52 21 38 46 43 30 68 22 60 26 20 63 71 33 16 67 68 14 42 1 84 32 39 4 6 48 10 54 62 18 36 30 51 79 6 11 31 42 63 13 85 73 2 61 11 24 26 35 65 30 21 35 66 19 33 16 53 35 5 47 6 41 2 45 9 12 65 8 41 8 48 10 
4 29 88 3 10 21 30 67 87 51 35 24 81 47 22 14 16 58 41 18 12 26 58 51 38 65 61 86 35 5 87 23 70 51 49 4 4 6 17 73 26 38 3 23 20 4 4 40 48 75 40 9 8 11 5 17 12 22 23 71 57 2 43 49 44 38 9 17 76 10 15 1 9 43 17 11 25 64 16 61 13 51 24 6 24 23 54 18 79 5 15 4 4 
5 7 61 8 35 56 55 7 9 6 46 39 25 31 82 70 2 6 15 62 58 62 74 30 33 31 13 37 24 71 4 25 17 15 93 28 31 41 34 2 29 16 26 35 15 10 25 23 49 34 13 8 39 25 20 4 1 74 13 14 26 48 79 60 1 8 3 24 5 5 35 15 30 15 1 14 15 1 20 69 14 33 4 22 38 22 8 36 20 50 19 2 58 
6 7 22 5 8 46 24 35 7 18 40 5 31 46 55 50 11 8 61 76 89 32 22 13 77 47 88 75 63 25 14 34 37 55 60 52 19 23 48 44 4 58 2 3 15 21 26 2 10 73 19 49 24 19 60 45 30 27 25 50 45 46 3 97 34 60 15 20 30 42 13 20 47 2 35 53 7 4 60 3 15 6 6 8 15 18 57 53 54 49 97 
7 38 26 5 6 8 5 36 24 6 11 26 69 12 17 36 64 18 66 48 69 38 49 17 64 55 35 32 17 9 47 13 64 16 17 33 30 27 16 36 51 84 2 9 45 8 30 54 1 71 45 8 35 15 12 34 48 29 22 30 24 20 53 20 36 91 33 8 47 30 1 29 54 50 21 10 59 6 77 18 21 48 14 9 31 85 50 62 96 
8 34 17 5 15 21 7 39 6 41 33 23 25 28 3 1 34 2 94 63 15 51 66 6 46 17 58 24 2 95 76 11 67 19 31 22 19 2 13 59 51 7 12 82 64 10 26 65 35 75 7 8 8 5 4 39 43 14 64 62 30 94 9 23 49 7 46 57 56 25 54 83 49 5 76 48 27 72 17 84 6 80 3 3 2 5 55 
9 59 5 26 40 41 76 23 13 1 20 53 22 17 51 41 72 16 35 40 18 21 58 49 15 25 7 19 30 18 13 18 64 48 27 63 7 82 37 39 49 14 86 15 59 30 54 79 22 17 15 35 74 4 42 30 50 24 39 77 68 16 14 8 20 23 4 72 37 27 72 4 28 27 34 37 24 47 59 3 7 26 16 75 57 35 46 
10 75 4 19 59 59 16 2 58 19 46 27 85 26 60 48 61 64 26 1 51 22 45 16 16 37 11 17 12 45 84 78 16 42 24 20 76 11 33 44 12 61 21 35 69 46 81 8 44 19 52 5 6 3 37 32 41 13 18 49 34 47 38 58 55 29 21 52 75 16 33 4 60 1 40 7 58 1 47 85 15 21 2 39 18 3 
11 73 2 19 80 56 66 18 72 63 7 22 31 13 13 82 3 6 16 46 10 43 33 84 2 37 29 38 8 54 69 10 31 23 23 25 77 62 16 45 1 72 20 11 11 48 17 58 33 94 14 78 66 2 84 29 49 31 78 15 4 32 3 27 30 43 3 13 71 32 47 14 18 2 40 4 32 64 1 73 43 69 25 20 32 
12 1 25 28 3 57 83 53 1 20 27 46 44 35 20 37 36 7 2 84 32 55 20 29 46 4 23 51 10 42 2 34 15 47 34 54 61 56 10 50 20 37 19 58 8 62 39 18 80 83 69 49 40 35 7 61 39 26 34 71 4 79 47 42 63 26 61 50 31 18 31 40 86 24 48 61 67 30 42 14 3 19 39 15 72 
13 25 52 27 44 61 42 87 14 11 33 11 88 9 51 3 61 1 25 79 32 30 19 21 62 5 27 17 2 38 21 1 7 41 6 9 17 22 8 45 27 88 65 56 20 38 15 60 41 23 59 19 10 24 14 5 2 20 33 78 28 54 38 5 3 85 33 36 22 46 44 11 81 1 6 35 44 4 84 40 80 29 22 61 
14 17 15 45 75 2 34 19 14 14 13 25 4 29 1 16 56 19 28 40 29 28 24 62 26 71 76 35 41 86 76 65 6 80 48 3 36 54 9 35 11 18 50 37 49 13 15 19 83 55 2 21 8 33 9 68 5 41 53 26 84 11 14 14 24 46 82 83 82 93 93 17 77 24 7 5 95 35 12 25 5 26 36 16 
15 44 61 40 8 42 14 26 24 28 5 25 2 23 42 8 23 16 47 27 1 1 76 9 47 63 24 62 26 12 1 19 48 5 49 33 76 33 23 9 5 6 19 13 2 42 21 9 14 2 54 7 11 22 50 59 29 28 1 66 6 28 48 4 31 42 18 62 5 10 5 6 67 5 6 75 45 23 25 39 78 4 12 
16 1 43 47 10 41 40 45 42 95 48 47 21 56 64 4 14 10 69 34 11 9 20 73 10 15 37 37 10 32 67 3 46 7 60 7 74 64 39 11 36 37 42 39 20 5 36 29 28 56 57 19 18 86 26 18 74 75 41 9 81 82 2 65 10 33 76 26 32 33 3 50 4 36 63 55 53 9 43 73 60 14 38 
17 8 57 31 14 36 34 3 78 7 9 22 43 31 36 88 59 10 8 42 35 7 36 13 7 7 23 18 5 13 30 32 38 4 49 1 53 27 11 40 23 28 69 36 36 9 24 36 27 4 34 17 17 44 24 4 78 47 82 35 81 41 38 23 53 21 2 46 4 49 90 83 20 14 8 90 25 86 1 45 39 45 
18 70 22 87 41 80 54 11 3 3 6 39 62 1 49 67 7 4 9 70 74 19 55 43 42 38 9 47 9 17 37 41 89 33 45 54 47 43 49 12 44 14 51 46 49 23 84 3 10 16 16 26 19 44 1 1 62 47 22 63 25 34 1 25 12 11 26 71 25 60 15 27 22 7 36 6 63 4 82 20 10 39 
19 52 37 11 10 56 48 73 10 14 31 37 20 52 23 64 13 26 18 74 14 42 33 52 49 9 23 32 2 8 15 36 44 8 54 12 63 6 52 57 10 16 15 42 50 30 6 2 6 13 26 58 40 14 28 20 75 18 65 81 51 53 58 3 92 80 32 83 36 62 62 33 83 41 67 2 12 23 58 5 
20 28 22 12 12 41 19 45 29 9 66 67 47 12 26 16 37 62 3 52 74 36 44 10 39 30 2 24 2 37 12 73 37 22 16 11 79 77 53 4 13 41 64 22 22 13 42 43 75 19 36 29 5 63 37 7 66 7 1 9 72 42 35 2 6 6 80 36 17 54 5 78 77 85 18 25 5 11 34 
21 4 8 85 29 2 31 16 35 63 70 3 3 76 50 77 13 9 47 54 48 50 21 21 35 13 25 79 26 10 31 42 39 1 29 22 63 70 64 1 37 6 2 15 50 47 14 29 54 10 59 23 3 60 30 1 43 17 39 7 28 61 98 92 35 58 2 7 29 10 50 32 30 69 73 37 73 
22 51 18 44 45 23 34 79 20 47 6 95 29 11 4 47 86 25 9 28 17 38 10 80 37 77 3 32 22 22 41 6 8 34 13 77 23 57 20 32 21 9 20 20 53 69 25 15 48 73 51 4 7 27 37 18 13 75 32 67 24 77 51 53 42 39 57 84 18 37 25 36 13 5 5 66 
23 52 22 51 36 8 63 63 9 28 28 15 54 41 41 19 23 23 15 12 68 27 29 78 32 40 19 50 17 29 11 4 11 34 57 6 27 22 25 15 23 23 17 4 5 13 18 56 24 29 29 42 4 31 21 26 8 87 9 62 54 41 17 25 1 26 33 25 4 15 74 19 48 29 44 
24 55 39 53 67 46 39 6 60 25 4 7 27 68 15 52 1 26 85 37 82 61 14 59 5 8 15 36 10 46 46 32 39 51 20 2 30 74 33 87 67 6 57 17 13 23 46 56 30 9 36 7 3 56 65 50 82 81 22 17 42 35 55 14 5 12 4 4 14 9 32 47 
25 12 13 60 24 62 5 8 14 22 35 15 43 13 52 74 69 55 38 9 21 51 6 42 5 32 11 50 32 26 33 27 23 30 58 64 39 93 5 71 41 22 50 6 5 29 29 68 31 18 36 71 1 35 18 8 83 23 4 18 31 11 35 73 23 14 17 22 15 20 45 35 
26 7 31 3 35 9 86 15 10 7 10 44 24 39 62 20 40 1 2 19 3 4 51 14 85 32 15 52 55 21 78 1 25 4 5 37 8 28 6 19 40 57 16 12 18 43 26 26 68 52 53 23 3 12 47 84 5 14 16 31 18 41 48 23 63 9 38 38 66 56 14 38 
27 40 49 47 13 64 10 12 24 80 15 43 49 23 13 82 36 76 66 53 40 32 90 46 7 34 27 27 9 63 13 23 70 51 25 28 17 28 55 30 81 17 84 76 6 31 27 27 11 22 69 38 79 28 71 30 83 9 74 28 1 9 18 8 79 2 36 44 62 28 
28 28 28 12 2 41 37 52 20 72 38 43 57 8 35 40 15 23 23 38 22 37 30 52 45 14 14 32 34 60 37 59 5 34 31 28 28 72 36 27 16 42 27 26 17 66 13 19 72 35 71 15 60 34 27 88 73 15 30 1 27 9 21 55 1 34 2 33 27 
29 4 65 59 40 56 21 78 22 43 3 65 14 20 33 12 78 31 23 14 11 39 68 63 51 23 51 2 44 5 16 21 50 72 30 11 20 25 25 58 23 7 23 15 21 51 10 36 30 51 44 7 72 31 40 44 41 34 44 32 21 31 51 57 63 13 77 23 59 
30 68 4 34 67 34 73 13 3 28 56 5 32 56 76 53 45 36 9 68 7 20 77 17 76 84 45 7 24 44 25 34 27 9 19 29 3 6 24 9 89 46 11 56 8 7 57 59 29 73 3 6 46 27 7 63 21 28 65 5 53 54 91 12 53 21 38 37 
31 17 26 51 56 1 19 5 11 21 34 52 58 6 17 91 5 29 32 34 50 47 11 8 48 83 1 5 28 21 79 65 1 36 11 57 42 27 44 3 23 2 25 68 1 12 46 12 26 2 15 29 33 45 2 45 90 25 38 70 36 29 37 7 66 
32 81 32 32 49 49 64 36 58 12 13 2 22 76 30 31 7 1 16 2 27 6 23 28 26 19 24 25 52 49 17 36 81 25 3 22 50 50 38 56 10 48 11 54 37 64 22 11 75 19 37 16 44 11 87 2 35 57 42 29 36 21 75 24 11 
33 2 82 38 38 8 61 13 43 37 55 49 29 5 69 11 19 3 80 7 10 15 48 18 15 25 77 80 11 24 50 75 13 43 14 13 64 48 7 68 42 47 16 75 10 49 59 83 3 16 31 60 19 33 33 39 2 23 64 5 44 28 43 62 
34 8 22 17 43 78 14 59 73 8 30 31 35 30 16 39 43 46 52 31 28 12 43 12 27 6 81 22 62 5 28 23 89 41 30 55 55 68 5 65 10 61 40 85 7 12 17 6 45 72 28 18 92 67 48 29 9 39 48 28 38 2 20 
35 50 57 5 26 4 6 12 56 28 21 25 34 37 9 53 17 48 7 65 21 62 14 45 38 4 10 84 14 5 85 8 7 51 12 9 40 59 40 28 2 42 3 25 20 3 24 60 17 13 1 3 6 5 21 32 25 14 38 79 9 54 25 
36 17 7 23 38 57 12 38 32 39 41 7 48 17 27 17 30 20 24 43 48 7 19 38 55 14 32 16 28 16 71 17 17 31 17 77 3 20 24 57 13 7 78 25 29 91 49 49 19 20 45 31 16 32 27 18 57 22 60 14 5 62 43 
37 19 28 2 93 48 12 58 19 33 28 35 22 20 50 24 10 16 16 79 5 11 28 59 18 63 55 6 20 88 47 12 9 69 20 16 26 87 61 21 10 14 1 51 54 20 41 32 22 75 38 63 9 88 32 22 9 58 43 31 30 21 64 
38 39 7 33 90 33 28 36 74 36 28 43 89 22 45 3 90 63 7 25 18 11 13 4 74 35 48 41 36 58 17 59 32 4 71 13 84 10 86 66 13 27 4 37 39 92 17 58 1 31 39 63 26 26 35 65 34 76 30 5 16 26 
39 38 24 24 45 8 5 18 48 26 76 36 68 34 52 47 58 41 29 1 24 20 54 61 16 58 9 16 21 41 3 96 12 25 59 5 12 9 8 51 51 38 47 2 21 22 44 46 34 71 33 48 10 38 12 17 15 42 18 60 42 
40 27 15 3 58 29 46 9 16 6 28 77 80 46 26 9 14 65 27 23 66 70 68 62 49 17 52 4 12 65 26 79 19 4 61 35 34 35 1 41 65 52 51 49 1 45 12 11 48 29 10 41 48 82 41 55 13 48 66 70 70 
41 43 18 65 77 1 28 16 8 45 9 20 95 23 36 9 23 4 39 22 13 14 69 38 49 5 18 34 39 13 20 56 25 2 10 79 50 40 16 37 81 14 70 60 23 17 45 26 90 29 50 40 19 74 62 3 47 40 50 3 65 
42 90 51 15 61 54 13 58 3 16 44 90 15 1 17 19 1 18 12 10 73 53 57 25 69 61 3 52 16 67 21 28 96 19 15 74 20 66 9 31 65 3 49 23 72 12 54 35 33 20 52 24 45 6 22 15 32 55 12 39 39 
43 41 16 61 91 48 34 28 54 29 88 33 60 38 25 17 51 47 3 34 50 27 11 18 36 59 34 2 46 61 59 18 75 1 51 20 8 33 26 55 11 4 86 55 71 56 1 2 70 21 4 87 11 69 68 37 16 49 33 36 
44 15 22 83 13 12 26 42 1 20 79 63 10 56 19 89 6 29 91 78 30 92 54 10 18 45 61 73 88 72 31 18 78 83 70 4 13 54 17 70 29 32 39 29 68 13 45 62 52 29 66 27 55 33 56 23 
45 22 46 14 39 41 16 55 20 58 10 38 28 10 71 57 30 35 60 7 13 30 11 18 2 56 69 7 2 44 6 54 6 45 45 34 40 68 42 41 31 31 52 36 53 44 67 3 82 15 17 70 25 17 46 57 
46 57 45 80 24 40 6 5 49 10 12 93 49 57 6 3 11 40 12 8 34 57 47 24 16 24 27 43 55 10 18 24 6 30 70 55 1 13 75 8 30 31 47 14 17 39 55 61 76 49 51 9 78 59 45 
47 27 16 22 4 49 76 16 22 74 43 20 15 21 39 15 46 7 59 12 6 61 18 31 73 52 37 72 18 58 21 10 66 18 12 26 33 80 11 81 7 17 46 2 39 6 3 10 67 9 41 68 24 
48 77 19 49 87 43 58 56 37 10 16 39 36 7 49 21 53 35 2 36 38 9 79 31 15 14 33 6 11 3 32 4 7 22 71 75 33 5 15 40 34 26 8 12 40 39 7 34 73 40 23 3 
49 27 79 48 32 46 32 47 46 33 18 1 48 27 9 7 70 19 53 32 15 41 4 9 40 17 18 77 6 12 18 14 5 11 10 42 4 40 50 8 33 36 36 56 8 74 17 57 43 6 46 87 
50 35 2 6 21 68 37 43 71 52 21 54 23 31 74 12 1 25 2 62 32 32 29 52 19 33 14 21 41 25 6 15 9 69 24 49 12 57 2 7 59 16 41 53 63 21 82 2 41 7 5 
51 22 60 42 31 23 4 13 10 43 9 8 12 26 59 70 4 25 7 29 24 29 73 4 8 1 27 18 35 43 37 3 22 39 39 29 53 40 29 52 19 22 60 4 29 68 46 2 54 65 
52 19 1 23 28 13 55 53 24 19 31 3 70 25 28 39 20 50 19 34 2 26 61 32 47 66 6 42 68 67 19 40 1 10 50 2 67 40 64 10 26 51 42 67 45 74 44 53 88 55 
53 24 12 1 52 9 1 35 67 48 74 27 30 90 42 49 74 75 1 61 89 59 17 20 22 92 7 61 51 26 14 65 19 82 22 17 3 6 30 45 50 65 52 83 87 30 66 16 6 
54 18 42 43 23 94 21 1 50 11 59 64 65 39 12 19 60 85 14 54 54 18 7 44 54 54 9 3 15 45 13 32 77 37 21 42 44 23 8 7 2 30 20 56 4 6 1 51 35 
55 24 1 5 52 75 45 33 12 6 71 18 25 7 63 26 37 6 36 46 74 84 27 34 34 63 14 43 10 46 43 24 72 67 46 28 76 42 16 40 44 80 52 8 
56 3 19 69 11 5 29 31 81 48 35 16 30 14 30 57 70 44 1 12 56 56 96 45 16 63 13 32 41 23 24 30 24 43 8 49 2 54 83 26 60 44 81 
57 46 35 17 12 36 28 64 46 83 46 1 45 56 42 23 22 64 19 16 63 24 94 1 31 26 85 30 36 4 80 8 50 22 32 49 29 86 36 6 9 66 45 
58 62 40 48 60 10 71 42 37 32 45 31 5 4 9 4 39 62 8 2 38 63 39 12 6 1 25 11 66 47 19 29 10 71 19 79 38 10 21 37 19 5 
59 29 10 10 9 2 66 34 67 17 24 51 68 54 47 43 37 28 8 43 53 38 9 13 39 64 35 15 21 30 61 33 1 60 50 7 9 72 77 46 29 
60 51 58 25 24 10 43 3 3 75 77 28 16 45 86 54 2 6 89 13 6 6 28 21 35 59 5 41 10 51 2 18 33 88 6 86 36 56 16 39 
61 15 43 5 42 13 33 10 13 6 24 64 79 47 4 52 42 12 10 39 43 53 37 44 40 84 34 12 3 74 53 59 67 12 21 4 12 71 46 13 
62 58 80 3 25 1 5 18 26 5 20 13 14 58 35 15 81 34 11 50 79 40 2 12 3 8 18 23 68 19 19 15 83 44 41 7 27 33 36 
63 84 65 3 11 23 23 21 8 38 3 15 55 29 6 44 37 9 58 27 19 21 56 57 55 3 20 12 18 37 30 75 16 67 50 26 29 38 18 
64 27 10 57 16 72 32 7 65 19 61 7 7 54 9 69 2 16 85 57 8 25 21 20 59 8 33 32 52 75 11 66 70 4 68 77 71 33 37 
65 29 41 63 29 64 40 35 4 54 14 31 13 8 70 76 78 40 34 1 42 40 19 24 16 3 53 1 85 30 53 80 3 38 85 51 41 
66 11 86 59 72 20 8 7 2 27 40 52 2 58 11 28 42 38 47 1 20 89 75 15 3 2 78 64 53 26 44 40 57 22 31 
67 4 24 59 20 30 18 77 53 1 16 8 3 52 42 24 52 73 1 61 73 22 34 55 52 72 47 45 19 12 63 15 70 
68 30 2 24 39 3 50 23 59 29 30 2 40 3 1 52 34 9 26 14 25 2 31 33 45 86 62 44 64 43 51 47 
69 56 81 79 7 82 16 25 7 33 11 41 64 42 37 2 10 45 17 1 12 22 2 50 27 43 78 11 5 21 69 69 
70 18 5 3 75 21 52 18 49 51 56 40 71 4 27 72 21 65 46 74 44 44 41 94 43 64 31 45 40 67 40 
71 58 82 55 50 45 73 14 3 5 70 81 36 7 38 1 25 99 12 28 48 4 58 25 43 11 27 18 39 61 64 
72 81 89 28 11 77 64 66 3 9 2 2 28 47 11 70 29 44 28 42 34 20 9 29 9 55 74 67 8 59 12 
73 11 19 34 87 30 16 71 42 47 20 51 4 91 6 44 22 3 67 30 67 28 1 11 76 25 16 48 85 21 21 
74 38 47 25 18 5 19 20 53 38 53 50 16 55 83 24 9 42 16 5 70 61 27 49 72 52 92 41 23 78 
75 10 14 55 70 60 6 53 43 8 33 4 20 19 16 48 10 66 22 37 46 33 32 63 64 2 15 9 32 
76 9 47 39 77 21 15 32 6 27 30 8 14 10 14 15 30 65 27 16 86 4 8 55 73 46 38 
77 48 41 72 76 40 22 21 67 60 6 30 22 11 33 20 49 36 54 9 22 7 14 64 20 59 29 
78 29 34 91 17 29 1 10 23 26 44 11 65 13 11 44 36 1 17 66 69 20 74 15 46 
79 49 22 69 13 37 61 44 48 21 31 62 20 9 41 40 3 12 27 5 58 27 35 4 
80 11 18 86 46 62 22 40 27 1 33 14 33 12 57 47 19 20 65 8 13 55 
81 32 72 56 69 3 4 2 62 34 32 71 10 27 16 41 13 19 24 47 17 56 
82 33 5 11 71 69 24 27 9 2 8 16 24 17 53 14 14 40 45 50 18 
83 12 44 57 95 31 74 12 14 44 27 33 25 8 19 14 17 62 19 53 56 
84 63 12 10 11 7 3 30 35 55 11 18 38 61 27 26 14 22 8 13 
85 21 10 24 92 26 1 54 64 35 34 57 3 13 65 10 7 20 65 73 
86 80 66 26 22 4 14 60 9 16 38 43 68 76 12 60 57 17 
87 18 48 4 13 73 4 37 24 23 32 43 53 49 
88 4 43 13 17 6 37 13 44 28 37 60 52 
89 72 38 6 18 44 34 60 53 30 66 
90 42 38 42 38 53 27 41 31 17 17 
91 43 78 31 44 73 7 36 30 
92 85 44 53 34 19 38 21 74 
93 37 46 5 25 14 14 
94 8 54 11 57 8 70 
95 22 16 41 8 83 14 
96 56 39 42 7 
97 2 6 6 
98 21 
99 71 
