84
80 79 78 75 75 72 72 70 68 67 64 63 63 62 58 57 57 57 55 55 54 54 53 53 53 53 52 52 52 51 50 48 47 47 46 46 44 44 43 42 41 41 41 39 39 39 36 35 33 33 32 32 31 30 30 30 29 28 27 26 25 24 23 21 20 20 20 19 18 17 15 14 14 13 11 11 9 6 5 4 4 3 2 1 
1 37 29 19 8 37 18 15 46 32 44 72 36 27 47 19 5 50 48 19 24 3 41 38 30 53 31 59 28 27 76 4 2 37 30 11 9 7 20 69 22 8 58 5 12 24 47 13 26 12 24 37 6 30 23 11 30 29 55 68 25 33 3 20 31 15 13 13 23 32 5 69 34 71 12 11 21 54 38 5 7 
2 33 22 71 27 3 42 28 66 44 39 54 15 38 48 6 10 44 6 30 4 53 51 32 65 79 6 51 1 68 24 34 20 14 36 17 11 28 23 18 66 45 69 2 2 46 6 38 58 5 10 21 28 10 62 57 53 15 38 41 34 21 27 9 9 12 6 40 30 52 11 30 54 31 53 11 4 2 2 8 
3 3 3 41 9 2 41 35 6 45 28 34 50 47 20 30 1 17 8 24 64 25 35 22 28 10 12 27 37 16 62 6 43 19 58 23 25 38 48 34 45 20 60 8 59 7 27 5 61 64 68 11 9 10 67 31 5 1 23 20 5 8 15 12 8 26 44 34 5 37 24 48 29 3 3 31 61 29 11 
4 72 9 29 39 15 21 27 10 35 5 40 2 9 45 49 57 14 34 16 17 36 48 7 8 1 47 26 23 44 17 29 18 53 7 29 24 60 42 18 55 35 51 32 6 7 23 25 39 73 12 18 26 8 51 14 77 36 30 23 18 27 29 25 41 53 54 45 28 50 26 11 2 25 58 6 
5 7 59 25 42 73 61 50 63 8 65 41 60 22 1 25 4 22 51 7 38 74 32 40 16 10 78 8 25 6 21 33 68 21 41 64 61 7 29 13 15 24 50 1 67 54 9 50 56 27 8 3 2 11 33 3 12 3 29 65 51 24 57 27 3 14 50 1 16 40 12 14 6 1 70 28 
6 49 43 37 8 17 3 29 10 49 2 31 52 2 21 27 11 19 21 2 63 10 12 5 52 6 6 34 22 18 54 18 3 9 16 40 22 47 64 63 10 4 56 2 55 36 1 62 29 19 42 51 37 7 46 50 46 15 17 2 21 36 38 65 24 32 57 40 42 23 29 5 4 
7 5 65 75 20 20 10 27 12 12 9 5 25 54 14 13 23 42 4 49 43 17 17 5 70 28 1 4 19 74 60 51 29 23 39 10 31 30 13 24 14 51 10 3 50 4 7 7 35 57 27 41 42 34 6 13 44 11 13 34 58 72 58 8 42 14 56 36 15 36 1 37 50 
8 6 1 10 20 20 35 5 36 49 22 22 23 60 45 22 43 50 19 49 26 42 58 10 62 3 58 23 28 11 55 9 5 11 44 4 58 22 54 12 42 8 8 11 1 49 29 13 18 3 5 12 59 9 4 54 3 3 16 35 66 14 49 41 37 7 21 57 38 46 2 
9 57 43 4 55 27 27 57 3 14 43 48 33 17 63 42 11 7 4 40 42 22 70 19 8 63 38 48 56 10 31 6 68 47 1 15 30 44 63 36 5 53 66 45 11 17 22 9 9 38 10 62 8 52 20 59 3 39 10 27 62 2 2 67 17 28 59 13 22 
10 51 33 43 62 73 63 55 21 8 16 6 7 28 52 2 28 23 4 49 8 37 59 12 57 27 3 5 6 38 9 24 54 14 18 34 22 14 7 51 36 45 6 7 12 46 2 9 25 2 61 61 78 3 73 51 57 13 9 36 48 30 40 19 11 17 46 70 
11 16 18 21 26 41 21 20 40 28 14 39 59 9 60 8 6 66 33 75 14 8 17 68 1 70 23 77 23 24 14 8 2 18 36 13 21 68 32 9 12 20 32 1 5 3 32 56 44 7 16 2 27 24 29 19 44 10 1 4 2 18 3 36 12 
12 58 28 62 37 19 34 37 54 51 43 7 7 24 51 52 23 52 31 74 10 13 14 3 62 23 41 6 13 24 8 32 24 17 14 1 37 1 56 8 10 11 57 52 18 4 14 5 67 39 20 3 2 13 33 28 42 5 1 60 60 15 22 11 
13 31 52 48 74 75 33 34 40 30 31 35 22 55 27 12 43 7 57 35 17 40 12 81 36 18 45 65 17 26 5 39 22 8 11 7 1 41 19 46 39 58 13 13 20 20 60 10 7 29 7 1 12 55 1 40 42 46 9 47 39 31 46 38 
14 20 9 60 31 58 30 57 11 28 34 34 60 68 7 12 4 11 59 31 47 16 10 33 55 74 40 24 2 11 26 28 10 54 12 56 47 33 18 7 47 35 12 14 14 21 32 4 33 30 18 16 8 33 80 5 5 7 20 56 38 27 58 
15 51 4 40 1 37 43 41 41 68 76 2 36 33 21 70 38 36 29 59 20 34 61 47 30 66 29 20 5 9 70 62 53 17 22 53 50 2 40 71 17 57 3 42 52 6 1 38 52 26 57 20 47 32 59 7 12 36 57 
16 66 73 40 18 34 11 31 26 74 10 39 63 43 65 30 24 54 20 61 80 35 5 4 3 25 22 14 31 53 38 21 34 6 39 36 26 59 64 30 67 21 82 25 36 48 22 8 59 11 14 50 5 17 81 42 70 52 
17 40 59 21 35 66 6 9 39 53 24 44 3 30 60 22 4 31 37 13 23 11 26 49 7 34 38 4 7 13 2 12 31 57 15 73 27 19 9 31 62 35 30 15 28 17 17 6 43 36 9 27 24 16 10 49 20 44 
18 30 22 16 46 1 11 36 71 21 25 27 21 46 22 59 52 58 51 27 35 13 6 6 4 51 19 10 11 70 8 4 2 36 33 32 14 28 56 38 12 38 4 66 64 4 14 27 25 21 74 68 44 19 35 11 53 31 
19 53 61 28 53 35 1 12 39 1 36 30 1 8 47 22 39 6 35 9 26 19 19 32 54 35 24 25 29 3 68 42 60 18 7 46 23 73 17 44 46 13 42 6 44 11 10 21 77 18 45 64 22 73 57 67 
20 14 8 7 8 7 34 40 11 20 20 3 16 25 25 35 15 52 21 50 21 49 15 25 62 54 2 1 29 3 33 24 57 31 11 30 9 37 13 13 3 12 1 31 61 31 47 78 15 45 60 57 14 17 40 30 
21 81 27 25 17 75 4 51 25 11 10 11 15 42 18 6 18 44 56 66 6 55 20 47 20 5 5 16 62 42 40 26 33 52 11 40 61 47 28 16 57 32 2 60 14 2 40 6 58 18 19 8 1 32 34 
22 18 52 38 2 31 55 23 44 8 8 5 74 8 46 27 38 5 19 13 27 9 59 18 17 3 49 16 8 73 6 27 66 43 55 44 63 13 1 25 10 6 15 9 41 69 30 16 35 28 25 19 28 9 12 
23 32 53 39 43 22 30 8 33 10 55 12 41 8 41 32 56 7 12 43 17 63 4 69 32 11 11 3 43 37 35 7 19 36 2 43 72 34 78 38 31 4 30 1 56 3 53 4 1 69 40 6 51 35 
24 60 43 57 26 17 46 30 25 64 41 1 12 45 16 48 3 47 26 75 72 19 10 12 2 25 14 11 5 76 44 12 4 31 62 1 20 7 1 46 66 41 58 5 6 34 11 3 17 32 40 45 52 49 
25 30 21 5 21 30 40 24 5 18 7 55 20 3 20 5 16 19 46 20 30 24 49 49 3 26 22 41 43 67 56 50 51 33 4 45 10 72 16 44 32 26 75 1 35 52 18 4 26 22 48 4 33 38 
26 33 70 39 46 16 11 42 29 24 67 43 34 54 38 8 37 52 32 19 24 31 17 57 4 30 83 63 13 69 14 25 28 69 21 61 16 1 35 63 58 25 4 3 58 39 26 26 32 46 67 15 25 4 
27 21 9 9 2 32 28 48 45 1 31 22 4 7 6 22 36 18 13 55 10 29 3 76 64 1 18 22 38 45 79 32 75 5 17 31 3 49 7 49 9 2 55 18 11 4 5 51 17 64 53 50 14 
28 12 19 66 27 2 33 47 3 11 14 10 10 43 63 8 29 3 1 42 7 57 45 56 26 2 14 32 48 37 18 21 2 37 77 40 17 54 51 37 12 9 31 22 57 4 22 31 46 61 31 31 5 
29 31 31 41 44 30 4 1 55 26 29 29 6 33 54 77 15 28 27 35 76 19 15 4 5 51 7 20 32 4 8 46 34 31 43 34 34 81 54 41 6 1 37 5 13 38 4 11 3 66 6 3 41 
30 18 25 29 61 32 43 14 23 13 25 24 19 16 3 2 54 17 1 47 35 35 1 15 26 25 50 9 7 76 52 16 20 45 44 1 63 23 45 1 17 22 71 14 4 40 2 10 2 37 37 20 
31 13 29 29 22 37 14 16 32 27 13 6 56 12 53 1 17 26 42 14 16 52 9 56 17 24 7 29 47 37 17 20 27 23 33 36 39 37 3 33 1 20 20 2 28 28 28 3 28 13 18 
32 41 23 30 31 27 76 1 44 57 5 23 39 2 26 19 32 32 23 67 35 39 12 27 29 44 28 35 52 11 35 18 4 39 11 21 25 72 11 14 36 26 1 6 71 21 15 69 24 
33 51 26 40 10 2 45 53 67 9 13 47 28 29 15 23 71 43 11 5 71 14 60 41 21 54 20 18 14 25 31 48 5 31 1 14 44 50 12 14 72 46 41 58 49 25 61 38 
34 48 52 16 39 12 39 20 50 13 3 14 42 26 14 77 4 48 15 6 17 16 2 41 41 10 3 29 65 23 29 61 48 34 34 29 46 48 2 7 41 59 7 3 24 1 52 21 
35 17 19 3 8 42 46 4 13 50 19 3 16 20 29 13 71 30 19 18 30 32 63 41 23 32 46 32 4 44 26 55 14 7 54 17 79 25 22 8 58 66 49 18 45 23 45 
36 8 40 52 1 50 15 19 72 18 60 55 75 27 15 4 74 37 48 13 58 2 46 40 23 16 11 18 9 10 40 6 31 16 46 10 4 51 6 32 17 54 45 7 7 15 11 
37 1 6 31 1 12 15 12 10 26 47 17 3 36 59 48 1 23 58 12 40 69 28 54 50 31 39 1 74 42 28 65 31 6 20 29 41 28 58 67 30 3 8 30 7 
38 66 40 22 49 53 47 2 22 67 26 15 5 61 49 42 1 75 45 9 10 16 17 27 46 56 3 41 23 18 2 9 42 18 2 29 6 15 50 14 1 13 25 8 33 
39 26 4 23 34 16 34 17 2 19 41 11 19 56 32 65 51 63 39 39 75 32 16 13 7 46 56 32 37 82 31 4 13 56 9 12 48 53 26 39 39 55 68 13 
40 38 17 33 77 16 15 54 36 20 13 25 11 4 9 51 5 48 73 13 48 14 68 6 21 36 37 21 36 80 15 28 21 2 30 13 64 5 10 23 6 24 20 
41 32 29 3 3 11 5 15 15 39 24 1 23 63 23 68 12 5 34 33 34 35 45 25 38 65 58 13 60 73 22 29 52 7 2 34 37 24 8 4 33 29 
42 64 62 5 2 26 35 9 34 21 8 38 76 9 43 64 43 31 7 28 48 8 19 59 21 51 76 4 69 61 19 37 38 6 7 15 12 13 7 6 83 16 
43 9 6 10 67 9 30 24 23 15 16 8 26 52 12 28 33 55 13 42 42 23 78 7 3 22 47 50 23 48 45 25 23 29 56 58 74 66 17 61 56 65 
44 29 22 2 62 1 50 17 32 2 21 50 56 67 8 4 54 22 24 32 9 52 57 19 66 35 30 25 19 11 7 33 46 3 18 84 53 11 56 17 
45 71 69 33 73 3 8 27 24 4 38 45 45 13 27 28 55 43 41 3 2 10 69 9 64 30 25 30 55 47 61 36 4 20 19 24 48 35 51 35 
46 26 18 1 24 22 72 35 53 47 18 25 38 19 36 29 35 39 34 2 19 72 10 13 24 61 6 36 6 44 64 26 67 13 75 33 10 28 13 8 
47 73 64 38 33 28 62 1 3 19 46 68 37 24 30 76 21 14 15 4 9 43 58 6 31 1 21 14 71 14 45 54 20 50 15 13 49 
48 34 13 9 27 58 1 2 24 63 48 48 34 40 4 69 60 9 37 36 42 40 43 3 28 34 49 33 34 60 16 39 10 25 3 45 
49 6 38 8 6 70 8 10 38 4 65 68 22 20 17 7 25 25 50 8 58 48 27 27 53 64 8 53 35 51 33 17 24 47 
50 59 5 34 44 36 3 1 8 44 35 20 70 43 30 49 5 5 25 37 62 7 15 51 6 33 16 5 38 47 4 63 27 7 
51 33 10 15 21 12 12 5 40 2 39 2 18 29 18 7 42 10 25 4 7 66 6 10 50 4 36 28 5 27 49 23 45 
52 34 22 13 76 36 10 43 12 6 12 26 20 18 6 31 21 44 32 30 12 41 9 70 15 25 2 63 15 34 24 59 16 
53 19 23 38 19 33 73 17 53 53 46 2 1 31 16 4 60 15 9 55 15 2 49 39 23 49 55 44 4 2 27 18 
54 71 40 2 12 29 26 16 30 7 19 8 44 6 10 57 20 14 33 5 37 29 77 35 8 28 36 47 2 4 1 
55 9 22 10 29 64 23 36 25 78 13 8 27 43 21 14 22 45 4 53 6 35 1 45 27 55 55 13 53 39 63 
56 66 69 31 70 39 21 23 44 9 31 38 28 14 5 25 39 12 18 6 43 23 59 11 39 65 69 7 14 43 44 
57 9 9 24 14 32 4 10 13 26 54 28 17 44 20 21 12 7 2 10 15 5 64 15 6 28 8 20 19 15 
58 12 14 48 8 8 18 8 3 47 36 37 1 49 41 2 26 13 43 26 24 21 37 7 35 7 33 4 14 
59 50 17 5 11 10 22 15 18 1 14 37 59 59 42 16 3 8 82 74 9 56 34 16 65 9 15 52 
60 24 61 14 8 5 36 14 11 17 48 19 53 7 33 4 3 41 63 48 21 13 71 65 12 20 12 
61 19 5 30 60 80 38 16 15 5 65 26 34 21 42 3 46 10 10 20 74 45 43 28 3 33 
62 10 42 12 77 44 47 8 68 12 3 62 62 21 20 24 15 50 17 6 9 2 9 63 70 
63 10 5 16 9 28 41 48 9 6 39 23 26 22 35 9 6 26 30 60 62 52 55 50 
64 42 47 55 24 72 3 68 42 27 5 6 45 16 3 18 49 46 40 57 19 27 
65 67 7 5 16 69 49 39 2 13 61 34 41 37 72 5 56 6 59 60 43 
66 38 16 28 17 56 2 21 11 15 22 2 9 44 51 24 18 43 8 35 29 
67 43 65 33 26 38 68 44 32 5 25 16 3 12 71 9 71 26 37 46 19 
68 15 67 47 14 49 62 41 64 5 11 2 9 19 40 11 3 1 18 39 
69 45 56 65 70 48 23 26 1 26 37 45 2 42 22 56 23 1 32 
70 26 49 69 15 79 56 9 50 11 7 15 18 52 62 5 16 10 
71 45 2 54 18 33 35 33 47 15 30 67 60 67 32 1 
72 4 79 1 36 46 64 24 23 46 25 65 32 7 33 
73 47 16 5 10 45 53 40 22 19 17 41 4 10 19 
74 13 16 22 5 12 36 14 7 37 59 43 61 18 
75 21 13 7 36 11 38 24 39 27 25 46 
76 32 52 15 42 47 27 1 29 24 42 30 
77 40 62 29 34 11 54 28 4 19 
78 55 5 43 23 10 20 
79 72 70 2 27 35 
80 61 16 40 14 
81 21 13 29 16 
82 39 59 16 
83 26 42 
84 44 
