66
65 65 64 64 64 64 62 59 58 57 57 56 56 55 54 54 53 52 51 51 49 49 48 46 45 44 43 41 38 38 36 36 35 33 33 33 32 32 29 29 29 28 28 28 27 24 24 24 23 22 22 20 20 20 19 14 13 13 12 10 9 9 8 7 7 2 0 
1 2 
2 1 6 5 4 3 7 8 9 11 10 13 12 14 16 15 17 18 20 19 22 21 23 24 25 26 27 28 30 29 32 31 33 36 35 34 38 37 41 40 39 44 43 42 45 48 47 46 49 51 50 54 53 52 55 56 58 57 59 60 62 61 63 65 64 66 
3 2 
4 2 
5 2 
6 2 
7 2 
8 2 
9 2 
10 2 
11 2 
12 2 
13 2 
14 2 
15 2 
16 2 
17 2 
18 2 
19 2 
20 2 
21 2 
22 2 
23 2 
24 2 
25 2 
26 2 
27 2 
28 2 
29 2 
30 2 
31 2 
32 2 
33 2 
34 2 
35 2 
36 2 
37 2 
38 2 
39 2 
40 2 
41 2 
42 2 
43 2 
44 2 
45 2 
46 2 
47 2 
48 2 
49 2 
50 2 
51 2 
52 2 
53 2 
54 2 
55 2 
56 2 
57 2 
58 2 
59 2 
60 2 
61 2 
62 2 
63 2 
64 2 
65 2 
66 2 
