68
63 62 61 61 61 58 58 58 56 54 50 50 49 49 49 49 48 46 46 46 44 44 43 42 40 40 40 39 38 37 36 35 34 30 30 30 28 27 26 26 26 26 26 24 24 24 23 22 22 20 19 18 15 14 14 14 14 13 12 12 10 9 8 8 6 3 3 2 
1 64 63 63 62 62 62 62 62 
3 68 66 64 64 63 
6 64 
7 65 
12 64 
15 65 
17 67 
18 67 
19 68 
20 65 
22 63 
24 63 
25 64 64 
27 67 63 
29 65 
36 65 
45 66 
48 63 
49 63 
50 64 
51 65 
62 66 1 1 1 1 1 
63 48 24 22 27 3 49 1 1 
64 50 3 3 25 12 25 6 1 
65 15 36 7 51 29 20 
66 45 62 3 
67 27 18 17 
68 3 19 
