92
91 85 85 83 82 82 82 82 81 79 79 76 75 75 74 74 72 71 69 68 68 68 66 66 65 64 64 64 63 62 62 61 60 60 60 60 59 55 55 54 53 52 51 50 50 48 47 46 46 46 46 46 44 42 41 41 40 39 39 37 34 31 31 30 29 27 25 25 25 23 22 21 21 20 19 14 13 13 12 12 9 9 8 8 8 7 7 5 4 4 2 1 0 
1 4 26 16 55 58 8 19 24 25 11 14 13 58 18 26 18 18 57 40 13 25 40 19 27 12 23 22 47 31 68 36 18 18 3 1 1 29 48 34 62 43 27 3 17 75 60 43 12 52 57 26 71 36 37 14 11 20 20 71 16 14 55 44 33 2 56 57 9 26 75 28 41 65 55 11 29 23 59 82 62 6 74 61 32 5 40 43 17 14 42 29 
2 8 29 77 15 20 5 5 47 24 61 47 34 64 11 42 14 68 37 25 7 11 64 16 75 53 11 18 48 41 77 55 50 53 31 8 4 72 17 20 24 6 49 10 71 7 10 32 12 39 54 40 48 1 32 11 67 57 53 5 62 57 60 30 60 35 5 28 27 89 29 16 13 58 62 52 12 25 51 73 7 4 28 50 62 36 
3 16 50 64 17 40 28 47 70 55 30 28 19 60 31 13 9 13 12 59 63 43 49 24 28 34 35 1 59 35 62 13 1 59 36 60 26 7 51 26 8 16 26 63 25 36 31 44 76 34 30 62 12 15 5 24 22 46 65 28 23 67 43 19 23 30 13 31 80 3 3 16 8 10 13 35 34 14 9 45 14 24 20 12 23 50 
4 1 33 81 45 8 51 33 31 24 47 42 31 81 62 9 19 15 28 40 22 6 17 43 11 20 35 13 30 24 50 24 15 6 37 23 38 39 17 2 11 6 46 18 26 19 22 44 58 13 38 36 9 31 52 15 57 23 20 15 51 11 14 49 31 32 16 58 25 17 55 30 9 34 61 21 21 16 67 14 88 73 2 30 
5 21 25 30 52 29 44 2 63 2 77 60 63 76 52 48 47 39 22 9 19 58 12 29 10 34 55 17 36 26 14 38 50 35 57 17 31 15 41 17 31 26 42 54 44 73 18 45 32 48 18 70 62 28 3 23 39 13 84 27 2 7 50 13 76 12 42 11 31 76 2 1 21 37 74 38 49 22 86 6 77 21 46 
6 18 37 9 25 34 28 18 9 17 54 41 64 72 38 16 29 32 36 20 21 13 20 24 4 65 73 77 37 28 30 49 27 22 84 67 54 67 49 21 59 4 62 42 73 4 2 15 16 42 19 43 87 65 18 7 34 38 6 6 6 6 37 7 31 14 38 38 33 8 7 18 1 8 12 46 64 5 27 38 17 45 43 
7 60 7 7 36 57 16 18 61 16 10 22 54 78 9 19 54 18 2 63 72 18 85 68 74 16 21 23 46 25 53 13 11 11 51 79 57 29 60 3 22 20 26 37 35 2 35 6 29 66 6 22 29 29 25 45 9 60 5 14 28 6 10 49 77 11 47 33 10 15 70 10 27 18 20 54 25 27 2 11 61 19 65 
8 2 84 80 46 4 12 12 1 45 15 57 65 11 41 41 15 21 75 8 8 48 59 35 8 8 46 54 42 17 50 11 79 28 26 71 26 12 40 19 74 10 2 46 33 51 24 3 28 51 13 13 9 33 17 36 12 56 52 26 26 20 51 6 71 12 76 72 13 68 17 6 11 60 3 52 24 70 40 61 26 15 36 
9 43 69 6 6 63 28 40 41 72 14 4 7 49 37 37 5 17 37 10 24 20 59 24 13 33 25 3 40 30 57 39 12 64 69 36 77 61 39 36 20 12 14 22 8 22 54 61 15 4 48 28 64 59 25 1 14 7 19 13 62 72 38 32 47 48 4 68 26 19 9 9 18 22 56 50 21 33 56 43 3 17 
10 57 7 21 21 33 15 22 47 40 69 63 47 33 9 24 50 5 19 35 24 40 56 27 28 54 79 40 11 63 11 25 15 8 78 30 24 81 32 51 2 22 12 2 29 15 30 41 28 54 70 12 29 42 7 16 63 50 75 23 12 72 29 7 13 35 14 7 31 17 3 59 61 58 56 57 55 21 24 14 
11 22 27 45 71 48 68 39 41 63 15 1 8 15 29 2 22 38 2 57 23 25 34 2 18 22 8 4 32 42 12 12 14 7 7 10 30 48 10 60 71 58 34 56 4 76 51 19 52 57 23 45 60 60 1 59 48 2 18 4 16 1 36 7 21 5 17 14 8 18 79 29 57 24 32 35 18 7 20 60 
12 33 51 27 32 8 63 42 8 45 36 45 20 13 47 28 5 37 77 20 55 27 23 3 24 1 14 11 9 11 77 21 8 65 28 13 1 27 9 27 63 37 45 13 30 25 52 19 10 8 2 21 38 26 3 37 29 10 8 5 28 10 18 6 59 25 44 42 49 14 26 50 24 50 2 3 66 
13 46 45 62 44 38 51 12 26 1 69 35 18 29 36 9 6 3 71 21 3 1 59 35 45 4 17 45 7 23 38 21 17 3 44 12 13 13 15 55 70 18 16 56 8 51 8 12 4 45 46 13 13 5 5 54 9 36 57 8 50 3 79 10 2 51 61 77 3 35 15 26 15 43 46 69 
14 43 21 36 31 59 51 40 33 42 9 1 53 2 68 42 70 22 27 43 58 12 61 5 69 39 11 58 32 14 14 50 72 9 40 1 51 49 63 32 75 1 55 80 53 6 63 59 9 4 16 20 7 66 11 89 38 10 41 22 12 74 55 41 14 14 4 19 24 3 1 3 20 69 18 10 
15 78 50 21 2 46 41 35 43 10 50 8 47 16 11 30 63 11 4 8 72 36 70 26 58 26 34 68 57 48 63 17 23 64 4 55 10 5 22 40 13 6 38 67 57 9 62 15 15 44 54 40 4 10 3 25 4 64 22 50 58 53 51 65 38 21 7 18 27 58 13 52 39 13 8 
16 50 3 44 42 37 7 38 46 1 7 30 15 43 44 52 6 37 23 35 26 2 26 31 24 7 74 19 35 18 32 22 59 42 56 35 18 3 39 6 42 13 59 37 32 19 43 45 1 46 43 20 19 11 14 31 45 10 31 4 23 46 40 3 2 22 25 30 36 4 59 29 37 75 27 
17 3 52 6 46 35 22 44 9 60 59 49 33 81 35 28 4 5 28 8 23 26 37 39 13 75 53 15 21 13 5 1 27 4 37 5 2 90 40 8 40 65 33 73 50 54 33 51 53 26 66 46 41 57 31 40 50 8 11 4 21 34 24 10 1 87 56 67 42 56 23 9 6 
18 35 6 62 43 7 6 55 18 18 79 36 21 45 1 7 13 56 23 1 7 1 21 32 2 29 11 48 19 1 1 16 20 69 26 16 45 63 13 4 48 5 5 6 51 73 82 47 62 11 55 34 38 36 36 37 37 6 45 12 11 15 7 34 9 90 31 49 11 23 14 33 
19 34 37 28 34 55 64 58 1 70 27 4 7 5 74 44 3 79 38 49 37 10 1 24 54 18 26 16 35 31 37 8 37 31 11 4 6 28 16 21 21 28 30 39 12 27 34 27 28 35 16 9 56 61 27 47 3 41 40 44 36 55 9 31 36 14 65 44 7 31 
20 77 2 41 12 80 63 57 68 9 38 52 6 32 12 6 32 38 53 4 57 18 78 39 74 38 38 45 29 7 46 9 2 46 81 57 1 1 53 41 45 50 29 16 61 4 49 8 14 65 34 51 42 33 49 86 22 69 33 88 39 7 83 32 3 14 26 36 11 
21 40 5 15 14 43 87 74 10 10 41 54 48 65 18 34 78 8 65 39 6 34 13 27 21 21 18 35 43 22 42 7 49 64 42 36 12 13 17 43 6 48 81 23 32 30 19 19 35 67 78 25 12 37 35 11 55 59 52 15 56 5 17 4 4 9 10 5 43 
22 11 29 22 22 24 7 76 17 10 50 5 63 11 35 28 29 4 25 14 1 64 21 55 11 86 6 83 61 31 16 38 33 49 86 15 27 72 7 49 9 38 9 4 40 10 36 26 51 55 7 3 55 60 26 34 25 15 16 20 49 9 39 14 58 5 32 49 64 
23 56 32 36 50 59 36 65 76 60 92 24 46 18 47 16 11 67 12 54 69 1 17 7 41 13 55 15 23 23 39 33 4 52 21 55 11 25 70 49 43 61 53 4 5 3 72 69 67 1 68 16 10 3 54 69 41 36 30 59 34 48 17 68 36 18 3 
24 75 46 26 56 22 4 1 2 59 36 23 9 10 9 32 16 6 10 12 19 52 31 3 37 4 51 49 80 4 38 25 42 33 8 45 2 10 72 50 33 37 26 75 37 46 3 66 59 77 50 83 34 40 56 36 17 42 27 8 11 12 14 30 29 3 10 
25 48 5 61 6 26 27 44 1 26 33 52 42 44 2 54 9 87 46 11 45 22 1 76 39 71 88 7 10 62 32 24 30 30 36 47 3 32 60 12 47 23 45 21 9 15 67 7 44 66 22 43 35 37 56 4 30 16 12 32 48 2 52 7 36 43 
26 1 24 29 25 30 46 46 25 27 54 13 48 38 1 36 27 16 16 65 15 15 5 19 17 8 60 8 30 48 53 3 18 3 54 53 7 5 1 4 3 67 41 30 24 8 82 22 12 50 17 47 8 1 52 22 35 45 9 60 12 13 20 8 49 
27 32 71 12 45 11 25 79 26 70 19 44 37 26 21 36 39 12 33 14 1 10 34 6 39 45 81 67 32 51 1 17 31 22 75 12 39 12 36 29 43 19 35 19 32 5 86 30 19 55 74 2 7 45 80 24 72 15 46 40 7 6 79 16 70 
28 19 48 37 56 6 38 3 9 41 40 39 71 33 12 4 3 22 32 34 33 17 17 6 3 10 8 53 29 53 76 42 52 12 8 46 64 19 19 9 44 42 5 19 10 36 3 1 32 35 12 7 34 52 54 2 40 38 70 53 2 41 46 40 65 
29 32 22 78 2 5 26 67 29 29 50 71 11 59 68 6 13 5 35 22 53 30 32 48 18 36 54 58 41 1 28 7 29 29 20 52 68 27 44 46 7 10 20 63 12 7 43 7 10 69 1 45 62 10 2 65 11 66 44 53 24 16 51 1 
30 5 74 51 43 26 36 16 15 32 3 29 48 9 33 6 40 48 57 4 26 39 58 54 11 43 33 44 75 25 25 21 10 26 39 12 46 40 19 3 10 56 54 44 85 27 50 48 3 48 83 2 53 69 4 25 16 35 40 23 57 24 4 
31 39 14 33 40 52 4 37 49 4 80 69 3 16 41 45 1 24 63 58 55 19 22 2 5 27 33 19 45 58 33 5 78 76 3 4 65 38 58 6 31 31 32 58 4 16 16 17 47 42 62 5 62 3 71 10 18 38 19 59 33 47 19 
32 29 27 23 63 12 43 34 62 65 35 30 6 61 20 24 28 20 18 29 39 11 58 14 16 27 25 21 41 52 68 67 67 61 25 34 16 10 61 5 14 2 38 2 27 31 67 28 4 37 46 64 1 9 60 49 11 20 25 44 37 22 
33 12 4 49 41 31 4 67 10 14 73 45 28 25 10 17 9 56 39 27 28 58 30 56 59 53 30 22 23 42 31 8 24 31 64 71 8 24 17 55 37 17 1 47 6 62 88 52 38 41 50 7 20 74 20 63 9 56 31 64 18 
34 19 52 19 6 63 47 32 74 39 21 2 41 5 21 36 28 47 11 70 15 3 27 39 40 1 11 73 61 69 32 45 3 66 6 19 43 61 48 57 18 22 20 28 39 39 66 24 53 17 35 56 4 18 44 58 3 23 58 79 60 
35 18 47 43 15 61 17 32 13 22 78 46 16 17 29 8 10 21 44 13 3 4 19 5 60 16 3 16 65 57 72 52 7 43 21 36 56 7 27 53 37 19 44 73 48 50 28 26 21 25 49 2 10 34 78 30 3 13 35 35 11 
36 7 68 23 14 23 12 30 18 53 24 6 79 15 13 26 27 34 73 5 80 36 36 21 29 1 53 9 38 50 3 9 27 25 1 3 35 74 4 8 22 40 28 56 11 18 18 13 66 62 19 23 16 24 68 19 20 23 8 25 2 
37 19 6 16 28 45 51 58 31 54 39 9 62 9 9 2 27 47 16 12 75 19 6 69 24 53 17 19 61 39 4 39 19 17 64 12 7 1 16 24 33 24 75 6 35 49 12 18 21 18 32 65 25 5 53 41 89 52 16 32 
38 16 28 76 13 6 51 26 11 20 19 44 56 20 5 57 87 13 61 22 36 24 46 20 4 20 44 22 15 4 53 54 54 6 31 54 12 51 32 68 6 6 80 18 42 33 66 9 15 14 28 64 5 31 86 6 
39 31 48 45 11 5 37 28 66 34 85 61 55 47 52 21 48 46 27 33 32 25 44 9 14 17 50 27 34 30 23 37 20 37 9 4 16 27 30 19 2 51 82 5 84 53 53 50 56 34 34 22 20 64 15 43 
40 21 43 31 3 14 9 28 41 10 44 47 54 4 59 1 9 1 10 30 54 10 34 47 41 8 15 17 56 14 22 63 30 17 36 2 47 15 51 56 51 82 17 24 19 16 28 1 30 27 8 40 40 72 28 
41 42 33 15 6 78 20 9 28 21 11 40 8 8 34 48 55 61 48 31 57 2 23 90 29 52 40 5 46 32 70 26 46 20 10 55 17 1 45 42 67 33 19 54 23 42 67 37 14 55 14 55 28 72 
42 53 16 41 45 47 12 14 4 72 59 25 2 14 8 80 68 69 21 11 59 21 83 16 33 28 6 24 66 16 6 5 66 64 28 53 49 64 38 10 41 20 5 31 58 41 49 12 24 50 88 17 1 
43 51 9 14 18 40 30 21 35 15 69 32 16 87 65 66 57 62 54 21 4 14 3 64 69 30 21 1 1 63 6 27 55 16 35 34 23 16 29 46 3 25 1 53 9 67 54 13 39 21 6 25 
44 16 73 51 45 51 58 25 5 13 16 40 17 50 27 60 25 19 38 35 48 39 55 51 53 71 30 38 13 46 4 29 5 57 49 3 15 28 1 35 30 25 50 19 70 12 29 34 52 19 32 
45 4 27 52 44 42 37 11 76 12 39 13 8 12 18 33 50 25 46 31 13 47 58 13 27 50 20 18 59 31 24 12 11 5 13 34 16 25 20 7 41 16 61 29 18 26 67 27 55 3 6 
46 61 8 24 15 13 16 26 17 26 23 35 39 25 8 45 7 68 38 8 41 20 4 63 20 28 44 30 66 41 16 29 13 50 24 3 43 17 32 16 84 6 27 73 28 60 58 5 13 
47 35 42 34 64 10 2 15 4 3 5 2 12 40 48 10 66 51 23 39 37 65 57 34 59 1 45 40 82 25 25 40 26 18 33 51 61 55 19 31 7 74 71 9 48 62 65 31 
48 25 28 39 51 11 5 21 47 26 41 69 8 39 30 85 56 29 41 44 2 18 30 15 26 11 1 85 21 18 5 11 9 50 2 34 35 84 30 30 59 9 47 53 25 66 23 
49 58 33 31 51 60 9 17 83 19 60 3 6 21 6 24 65 58 22 50 75 53 22 66 55 44 2 14 23 37 20 42 4 50 7 35 60 20 22 32 42 12 5 18 26 63 22 
50 15 16 3 23 15 29 22 44 45 10 8 5 39 4 2 81 45 14 36 49 53 24 53 17 20 48 26 46 35 44 5 49 39 24 10 30 15 13 17 33 42 9 12 12 2 3 
51 43 44 12 30 4 48 37 44 14 49 38 13 52 47 44 7 27 24 58 3 8 11 8 13 53 10 14 58 18 39 22 38 17 40 47 4 8 40 60 20 91 15 13 2 29 70 
52 34 45 5 74 31 17 67 5 16 25 51 20 39 24 60 83 41 28 23 1 32 29 11 57 35 60 12 8 4 66 58 57 53 60 26 33 56 28 21 8 2 54 44 37 25 15 
53 42 36 14 29 2 20 37 33 7 36 17 28 44 2 28 26 55 49 50 26 50 62 51 38 20 35 14 17 42 52 23 39 2 39 61 15 70 30 34 37 48 43 28 29 
54 85 6 7 37 21 71 26 7 77 73 25 43 40 8 23 19 10 40 29 6 30 26 5 9 38 38 15 2 17 38 30 10 13 28 23 41 55 52 7 43 72 83 
55 19 18 1 57 3 39 41 5 12 22 44 31 23 2 15 53 13 49 23 43 33 14 1 22 41 22 18 1 47 69 27 21 19 4 54 41 14 73 45 41 10 
56 23 28 24 61 84 76 18 38 69 33 48 10 33 16 11 13 40 35 8 1 30 40 36 19 59 39 74 52 73 25 21 24 34 80 9 9 33 10 67 17 17 
57 7 10 55 8 69 64 20 43 11 1 47 41 9 15 38 30 5 20 7 35 1 11 44 52 20 15 64 4 52 1 2 34 17 13 2 11 30 10 71 64 
58 49 37 44 19 1 73 1 5 33 15 14 32 31 14 45 29 30 49 51 59 11 31 60 4 51 31 52 31 15 4 42 2 70 22 34 10 15 34 46 
59 14 23 24 29 42 17 9 8 40 3 47 13 33 42 16 3 6 58 3 45 80 16 59 59 11 9 14 24 56 78 71 1 21 48 12 10 16 23 31 
60 62 7 23 5 49 17 44 3 49 61 35 26 52 75 11 3 7 68 1 58 11 11 52 25 52 7 22 51 2 49 2 8 32 26 46 11 34 
61 46 25 56 7 35 74 2 39 32 41 60 14 22 38 37 9 34 32 32 9 34 23 20 47 19 45 53 66 1 13 4 10 8 7 
62 60 18 13 32 4 67 37 43 64 25 1 6 3 53 15 5 3 18 33 2 9 1 91 29 36 31 31 72 2 47 2 
63 32 34 12 9 5 5 11 15 22 20 10 7 64 3 31 15 10 18 46 12 43 3 40 66 14 29 14 89 10 33 49 
64 3 19 47 6 2 57 2 62 63 22 21 9 43 15 33 37 28 57 42 9 42 15 65 32 6 38 39 33 57 22 
65 23 8 21 32 43 21 47 26 72 6 49 12 35 66 17 6 31 3 64 20 1 86 37 15 29 19 47 28 7 
66 39 43 47 87 42 65 42 49 46 63 34 7 70 52 17 24 14 25 38 61 36 34 70 29 48 71 12 
67 33 29 52 62 23 6 6 27 26 32 32 15 21 25 2 3 32 23 41 45 41 4 56 43 17 
68 36 68 68 11 29 20 2 14 7 42 15 1 46 60 32 29 84 38 23 74 8 9 36 23 75 
69 9 43 57 13 10 31 48 56 23 42 37 14 9 43 18 34 70 29 23 55 30 23 20 14 13 
70 27 3 19 15 14 34 13 41 82 5 23 66 69 10 66 53 44 7 58 28 8 51 27 
71 27 11 29 54 28 73 13 25 8 11 44 33 1 2 1 8 59 47 31 81 66 57 
72 9 6 15 42 7 65 22 2 14 24 35 74 23 8 9 10 62 27 41 40 54 
73 44 75 33 58 71 54 82 6 36 6 34 5 17 18 35 56 75 55 46 4 2 
74 30 52 21 61 34 19 7 16 20 8 36 72 68 56 1 27 47 33 5 14 
75 24 73 8 37 2 17 60 30 1 27 49 14 24 37 1 10 73 68 16 
76 45 22 23 38 5 56 25 28 11 31 3 5 8 5 
77 20 2 5 54 12 6 12 2 9 24 7 13 5 
78 15 29 41 7 21 35 20 10 31 21 59 82 35 
79 90 27 18 36 19 8 10 7 13 11 34 27 
80 8 31 20 42 36 24 59 14 38 3 27 56 
81 4 4 17 27 50 21 10 20 71 
82 73 47 70 26 39 18 40 1 78 
83 49 42 22 52 24 30 20 54 
84 8 56 6 68 39 5 48 46 
85 54 39 7 48 85 85 48 30 
86 22 22 27 65 20 38 5 
87 21 43 66 25 38 6 17 
88 25 33 20 42 4 
89 63 14 2 37 
90 79 41 17 18 
91 51 62 
92 23 
