79
77 77 70 68 67 67 66 65 65 64 61 58 58 58 58 57 55 54 54 54 53 53 53 53 52 52 52 52 51 50 48 48 46 46 46 46 45 44 44 44 42 39 39 39 38 38 35 34 32 31 30 30 29 29 28 27 26 26 24 23 19 19 18 18 18 16 14 13 13 12 10 9 8 8 7 5 3 1 1 
1 30 75 27 19 4 28 16 40 35 44 56 56 4 14 57 24 24 5 22 31 27 48 47 48 2 35 11 72 4 17 23 48 1 1 9 36 62 21 38 28 12 48 25 17 17 14 20 8 44 21 76 33 18 54 11 29 40 65 27 19 24 29 23 25 11 17 20 16 42 38 27 3 76 40 31 21 32 
2 62 32 52 62 39 63 41 9 53 15 76 18 18 65 18 15 5 50 34 35 52 31 16 14 28 34 6 35 70 1 14 30 44 30 4 15 39 52 14 56 28 32 26 43 18 46 65 66 8 11 11 45 5 46 7 61 37 19 57 26 57 22 2 2 13 32 41 3 51 48 13 2 2 8 6 45 19 
3 14 38 24 46 24 10 6 43 50 31 28 38 9 6 22 16 7 59 5 67 19 31 5 32 42 9 13 20 23 9 16 24 8 15 31 9 6 29 30 39 20 53 22 4 15 15 11 49 31 4 53 28 43 4 33 59 43 19 2 13 45 52 9 56 72 54 10 1 6 53 
4 12 21 1 40 12 15 8 43 55 1 13 6 20 6 9 49 43 56 12 27 39 17 44 37 18 13 13 46 60 49 58 5 1 37 2 30 24 58 52 64 14 69 23 33 3 7 20 62 30 8 45 55 3 26 5 6 44 3 39 55 34 23 18 8 33 58 15 33 
5 39 36 38 27 35 42 41 43 41 21 20 12 2 22 9 3 65 1 15 5 5 3 30 6 22 9 25 63 4 32 30 36 45 31 18 18 11 28 18 2 12 16 25 34 69 27 31 13 8 4 45 8 32 31 48 33 6 19 6 17 23 51 34 10 12 8 18 
6 44 19 8 67 18 8 3 7 44 4 63 3 4 46 46 57 26 53 16 5 33 73 35 2 35 55 15 12 31 43 44 51 29 65 29 26 29 3 26 28 42 37 24 7 45 4 21 10 19 48 25 42 45 2 42 19 6 6 14 22 5 56 7 9 5 3 33 
7 10 52 23 30 40 23 51 12 39 50 36 50 6 44 35 3 16 60 11 17 8 22 72 13 55 60 38 8 45 37 11 42 27 30 22 15 33 19 42 37 26 10 4 54 6 2 25 20 66 41 19 35 39 12 58 28 25 19 41 61 11 50 6 62 8 52 
8 17 49 6 28 43 6 15 43 38 4 26 34 64 45 46 33 9 12 27 72 7 41 14 65 39 7 3 58 11 14 2 1 12 15 27 16 30 27 4 5 22 55 5 18 44 40 40 2 15 4 27 28 32 10 21 24 63 35 36 31 40 7 35 5 15 
9 47 38 53 23 14 56 29 2 35 39 60 15 3 39 48 27 29 41 24 4 30 18 8 5 28 45 30 66 48 3 52 5 51 3 47 53 1 28 19 3 39 36 42 10 68 64 52 13 18 33 22 42 9 9 3 26 40 9 9 55 56 28 6 47 52 
10 33 7 10 10 38 37 21 3 13 21 42 13 26 37 12 63 40 16 29 61 51 57 15 31 15 25 36 18 70 54 9 26 42 34 7 67 17 14 43 29 17 57 14 37 61 6 54 18 18 52 68 12 61 75 34 28 8 3 15 35 42 14 5 38 
11 32 54 28 33 21 55 15 14 40 12 34 22 13 19 47 7 78 47 28 34 1 46 36 47 27 12 42 61 58 7 25 26 8 21 14 2 2 5 46 21 14 3 45 1 58 17 37 31 11 11 36 23 29 1 7 62 44 27 36 25 37 
12 29 4 23 4 7 38 29 69 5 43 11 10 8 17 32 21 63 47 4 41 55 6 11 46 22 49 24 1 29 43 24 27 20 15 45 8 74 5 26 29 20 27 44 7 46 28 46 10 49 12 12 60 36 28 25 5 27 31 
13 50 47 10 37 31 32 24 70 63 24 25 10 24 4 39 28 38 18 11 32 38 19 4 62 44 4 3 29 66 7 39 21 57 36 27 25 15 39 26 9 49 51 64 31 5 2 68 20 33 3 23 32 2 58 38 18 32 42 
14 15 46 3 29 9 32 45 58 61 11 37 32 21 1 20 28 26 2 45 48 2 32 25 8 62 70 2 52 24 51 4 43 53 1 8 11 42 31 11 10 59 10 21 20 43 29 27 16 15 35 19 6 49 10 44 16 47 25 
15 24 14 45 27 49 11 8 39 77 4 2 35 9 2 40 66 51 20 18 36 5 17 35 55 60 43 10 6 10 46 2 23 20 3 26 12 7 20 13 29 24 48 8 37 3 3 40 40 28 69 51 14 71 16 8 10 4 8 
16 33 67 1 40 43 43 26 3 2 44 57 7 42 10 60 22 27 21 6 21 42 62 24 49 3 38 25 17 26 29 31 29 50 40 43 33 46 23 5 8 24 49 45 30 39 42 14 15 1 67 51 53 50 35 29 63 14 
17 61 45 27 8 32 67 41 26 12 41 25 49 4 15 25 7 47 29 28 1 16 19 42 21 1 38 1 34 22 32 17 17 22 59 47 58 10 10 43 36 36 11 50 43 46 41 31 47 19 1 44 36 27 5 23 
18 33 30 63 6 30 20 22 27 2 2 30 2 9 13 40 23 23 53 15 44 4 38 56 50 10 23 55 59 2 5 38 27 5 5 1 9 52 56 38 10 8 10 21 48 4 13 30 21 48 20 5 23 60 40 
19 20 6 48 1 34 44 49 46 66 41 11 28 3 13 20 37 64 73 54 23 22 17 26 9 38 7 37 2 41 7 25 35 1 28 29 6 56 3 7 17 14 6 53 5 36 19 19 53 62 2 51 25 22 47 
20 30 19 32 21 18 24 28 5 23 4 51 14 50 38 15 57 19 36 3 27 20 20 39 24 15 57 46 28 12 22 54 15 1 24 3 22 59 35 4 67 35 7 77 30 12 30 14 24 13 61 1 34 21 18 
21 4 22 63 55 20 11 10 10 38 49 5 40 21 21 14 32 12 42 37 40 16 44 60 16 60 21 21 35 35 24 13 1 75 17 11 1 11 28 61 26 14 33 6 18 38 45 8 18 20 29 1 34 24 
22 24 21 18 74 11 29 3 30 64 5 32 32 16 1 34 5 47 42 7 55 12 19 36 74 40 7 20 31 69 17 52 38 20 3 17 24 34 54 30 8 2 9 22 22 27 43 33 6 50 37 40 55 19 
23 43 7 65 9 7 12 25 20 54 37 41 48 62 18 18 52 26 36 37 31 3 31 28 54 1 19 15 18 60 4 71 37 16 48 47 66 11 1 38 13 34 66 66 4 44 25 45 33 29 5 17 74 18 
24 15 22 30 56 3 30 50 40 3 55 13 20 13 13 59 9 53 46 37 38 1 42 1 16 20 65 3 39 21 51 4 34 14 12 12 35 20 6 15 28 22 61 16 58 29 20 1 35 26 64 8 44 21 
25 56 35 71 29 23 44 13 32 46 17 41 37 17 5 40 14 58 10 75 16 70 41 11 29 1 59 13 34 47 37 73 58 7 5 49 19 50 53 51 47 7 1 25 25 6 35 23 12 19 11 40 14 
26 38 68 8 69 36 41 17 10 68 16 41 14 23 6 62 39 58 33 16 55 31 67 34 11 2 30 19 15 6 6 71 10 37 7 13 12 60 2 64 21 4 35 40 24 9 58 45 50 49 48 44 40 
27 44 17 15 35 5 1 62 48 42 18 28 35 9 62 4 16 8 1 20 34 54 46 11 64 7 32 13 36 12 18 79 48 8 5 8 39 35 12 30 1 22 14 67 33 8 1 17 50 32 68 11 12 
28 11 43 46 8 48 1 39 3 20 27 65 13 54 14 71 19 9 2 11 23 67 17 36 74 2 1 9 20 57 33 6 35 30 41 5 24 55 49 21 44 3 15 19 7 12 63 12 9 10 8 47 35 
29 12 32 14 31 25 9 30 12 45 55 51 33 9 22 48 34 39 37 10 13 17 16 69 16 6 12 6 25 32 6 3 51 15 53 10 51 12 1 63 24 1 19 11 14 47 54 53 21 23 41 16 
30 20 53 24 18 1 44 24 7 74 50 18 29 45 50 18 44 9 22 47 55 5 9 2 2 32 4 5 42 40 26 7 3 28 32 70 70 8 4 20 22 20 27 72 16 41 45 74 18 33 54 
31 34 29 68 70 13 3 53 54 58 2 56 46 34 3 47 1 23 10 23 47 42 45 6 53 3 16 26 44 32 5 34 22 14 5 41 13 3 11 53 42 17 5 61 48 32 1 8 12 
32 2 11 29 20 17 14 52 52 13 40 14 46 47 21 25 40 22 12 33 13 22 3 76 14 64 5 30 42 2 31 29 27 30 17 51 44 40 2 5 13 8 13 31 38 50 27 1 49 
33 10 18 16 11 71 43 29 8 32 39 6 34 35 26 57 52 28 7 33 33 34 4 55 16 1 9 41 21 3 53 13 54 35 55 27 5 44 22 41 4 23 6 59 30 35 4 
34 31 19 41 39 46 8 60 11 2 29 31 51 2 22 33 69 11 62 27 41 48 26 24 25 31 17 10 33 22 5 45 39 34 34 4 64 23 39 38 20 10 55 5 37 21 39 
35 27 25 5 46 63 9 15 1 27 43 2 7 54 44 38 15 6 2 6 43 1 21 33 37 21 42 24 28 20 20 27 19 7 26 33 24 14 25 57 10 8 8 45 16 28 33 
36 68 5 43 45 45 7 26 58 62 66 40 40 44 15 23 39 20 10 11 28 57 1 5 22 13 54 58 54 27 9 60 54 17 17 11 45 44 12 47 17 19 41 41 8 38 11 
37 39 10 56 13 41 14 73 10 23 57 29 24 21 4 25 23 51 19 35 4 41 46 7 6 23 26 25 7 15 48 19 2 67 40 45 11 10 60 71 60 49 22 34 66 11 
38 26 10 3 9 5 69 12 8 21 3 72 13 61 24 35 20 13 18 16 7 1 69 44 18 17 40 19 75 22 18 41 23 54 21 46 13 34 1 55 32 36 61 58 10 
39 5 2 37 44 39 39 15 34 28 41 7 9 75 9 13 29 4 57 42 33 57 36 26 20 24 2 8 13 40 9 3 58 13 27 34 52 7 4 53 16 34 52 49 34 
40 7 45 4 24 1 66 68 32 11 21 15 16 51 36 32 18 36 10 52 21 25 30 39 22 16 38 43 15 32 1 37 15 42 8 26 8 9 1 8 22 60 25 26 18 
41 43 5 2 5 34 37 39 47 51 17 26 9 23 19 26 17 44 12 60 25 49 8 34 37 25 28 68 62 31 7 19 33 2 38 17 30 7 54 33 36 36 29 
42 5 51 59 27 10 57 21 16 24 39 16 3 22 31 49 35 11 32 30 7 17 6 14 66 65 9 7 10 43 65 31 40 9 16 6 1 6 10 13 
43 23 55 41 28 5 36 8 53 3 8 33 4 35 12 16 16 4 15 56 35 52 50 6 46 12 2 14 16 40 42 10 65 17 3 14 17 3 22 72 
44 6 30 27 39 19 25 1 6 30 7 35 16 36 41 18 4 21 13 2 31 6 38 1 32 45 28 4 12 8 33 23 36 17 24 11 60 14 26 46 
45 17 75 15 40 59 14 36 30 36 29 65 8 73 14 9 31 7 5 12 2 44 34 11 4 6 37 5 16 3 36 30 6 21 23 26 2 35 70 
46 14 60 3 28 35 34 19 32 8 6 25 24 6 47 31 60 66 4 15 11 27 43 37 12 20 2 62 11 16 2 69 17 12 12 38 63 77 44 
47 9 13 41 32 30 46 12 11 31 73 11 1 22 17 31 9 11 25 57 17 23 64 60 59 25 56 29 17 48 36 28 55 9 19 14 
48 48 48 19 28 51 27 55 9 23 29 1 9 1 14 64 1 55 34 1 15 37 27 23 6 2 5 31 18 47 48 48 51 18 26 
49 8 52 15 59 19 21 4 17 54 41 16 71 4 42 12 63 25 28 13 3 53 16 53 12 39 52 37 14 64 26 32 73 
50 13 24 30 3 52 63 7 7 30 2 56 20 56 18 71 43 72 16 56 59 70 25 17 61 22 26 7 27 32 16 67 
51 42 48 7 41 62 29 40 15 20 34 10 37 9 24 6 14 65 29 32 56 13 29 25 2 15 48 16 52 5 19 
52 7 2 49 32 32 50 54 2 40 23 9 43 53 2 14 4 33 76 22 9 65 18 39 3 10 39 49 51 7 9 
53 30 9 43 65 2 31 24 18 66 6 52 31 9 14 3 29 49 3 25 57 31 49 39 33 19 29 19 16 3 
54 11 61 52 23 31 28 35 59 60 49 27 23 19 36 36 20 10 7 1 22 36 65 10 33 38 41 29 3 30 
55 43 73 21 11 24 4 29 48 30 15 6 12 7 22 26 48 18 33 28 4 8 4 33 9 38 34 47 22 
56 24 25 9 37 65 1 1 31 50 4 56 56 43 50 18 2 58 50 51 74 18 19 47 3 63 9 6 
57 59 1 42 37 16 20 39 6 39 58 10 36 33 20 13 68 28 57 57 47 2 2 10 53 35 68 
58 14 59 36 31 70 57 25 4 26 64 11 4 8 56 36 39 25 17 11 24 7 26 13 4 61 38 
59 57 45 42 49 58 61 24 3 54 61 18 25 20 17 50 14 47 66 3 63 64 71 70 33 
60 46 9 34 41 16 7 54 46 21 15 21 4 7 23 36 26 47 37 37 12 44 40 18 
61 17 54 14 59 38 10 11 59 2 24 21 10 20 31 50 7 10 58 38 
62 2 2 27 51 36 27 23 16 13 26 34 14 1 46 4 41 11 19 7 
63 18 21 2 35 13 50 6 10 12 5 49 29 59 28 56 8 46 16 
64 8 22 69 19 32 48 27 58 4 9 13 26 47 34 67 59 24 49 
65 23 53 56 2 45 28 5 24 8 6 2 51 42 42 52 43 1 54 
66 40 15 19 36 53 9 46 13 2 42 7 23 59 23 23 37 
67 6 16 17 3 69 28 26 20 10 37 64 27 16 50 
68 36 31 26 40 26 57 41 9 72 13 10 27 57 
69 38 26 12 34 67 64 29 38 4 22 5 46 15 
70 31 13 58 2 25 14 10 30 30 50 59 45 
71 25 33 28 49 50 26 23 37 15 59 
72 38 8 7 1 50 68 30 43 3 
73 55 37 45 47 6 19 25 49 
74 30 22 28 22 12 56 30 23 
75 45 1 39 25 21 38 10 
76 2 32 52 1 1 
77 15 20 46 
78 11 
79 27 
