94
93 90 89 87 87 86 85 84 84 83 82 81 79 79 78 78 78 77 76 73 73 72 72 71 70 68 65 64 64 64 63 63 61 61 61 61 60 60 59 58 56 55 54 53 51 50 49 49 48 48 46 46 42 41 41 39 37 36 36 36 35 35 35 33 32 32 31 28 28 27 26 26 25 24 24 24 21 21 19 18 18 17 16 15 15 15 13 13 12 10 9 7 6 4 
1 3 69 57 8 45 40 22 21 3 22 13 74 69 6 5 40 27 29 14 17 1 1 65 54 9 42 86 10 22 17 11 30 31 15 41 21 55 21 4 3 19 14 73 65 32 52 6 3 20 16 10 30 7 28 10 59 7 54 8 63 50 9 64 47 34 21 9 3 71 68 19 11 3 43 66 51 5 49 14 65 40 19 2 3 24 17 21 17 70 83 85 66 18 
2 37 44 33 63 30 2 2 14 45 89 11 36 52 48 18 14 20 43 74 55 50 31 31 73 19 58 20 16 71 48 5 48 10 3 32 9 31 19 70 28 23 57 16 28 29 43 55 8 42 20 26 63 21 33 53 50 52 71 25 15 22 36 28 84 16 4 17 11 49 35 55 67 6 25 38 12 63 9 25 19 14 58 1 57 27 59 17 86 74 31 
3 70 63 1 22 59 21 8 37 31 71 1 74 4 36 84 62 13 8 24 12 22 56 84 11 44 76 2 23 53 63 5 64 22 16 70 66 26 9 38 1 5 75 28 46 8 1 13 7 52 22 37 41 25 23 17 48 1 13 87 20 12 65 50 81 44 45 1 8 19 19 9 50 42 1 58 10 16 38 68 18 22 55 34 67 32 19 27 33 82 
4 40 19 72 36 34 52 35 55 30 58 59 60 51 5 3 26 28 12 75 29 56 39 47 8 45 61 32 37 36 30 6 13 9 47 72 47 9 36 47 47 57 14 14 47 39 1 45 46 11 13 5 20 51 67 23 43 25 61 56 47 13 88 6 81 84 31 22 2 42 19 18 88 33 13 12 41 69 39 27 7 13 67 19 29 57 33 32 
5 44 54 40 55 30 11 45 37 53 27 47 79 66 91 15 4 58 14 10 1 67 19 25 49 18 42 35 2 56 28 74 3 16 86 84 13 65 59 3 10 11 69 42 4 16 33 22 44 8 71 12 60 27 66 43 30 8 15 9 30 59 22 9 22 1 30 28 21 21 42 12 13 66 17 23 6 41 9 16 64 33 7 5 5 52 24 13 
6 36 62 54 34 73 50 21 47 39 16 47 24 76 63 37 12 1 43 10 12 24 16 63 57 7 44 4 14 89 25 6 6 35 63 48 15 37 25 52 63 51 43 73 11 42 1 39 42 25 35 8 83 43 48 20 57 25 48 24 4 50 51 74 48 28 2 44 39 18 93 57 58 89 41 23 36 28 73 83 27 5 6 6 7 28 48 
7 15 60 48 45 47 19 78 40 12 15 54 82 24 28 38 39 72 50 66 54 24 20 55 20 8 57 62 6 20 31 66 10 8 56 17 43 8 41 22 44 41 55 26 19 91 80 50 58 1 38 62 1 3 41 42 44 40 15 38 54 35 15 68 11 26 34 11 88 11 9 72 34 4 44 16 19 49 75 19 6 20 5 41 40 22 
8 31 17 15 47 70 30 1 48 3 64 33 14 31 85 39 20 90 19 58 41 3 15 4 51 7 81 51 29 24 10 27 63 16 16 7 73 33 7 13 35 43 74 2 3 38 85 35 6 21 41 54 1 5 56 67 39 77 5 65 28 70 45 21 29 13 3 49 24 36 39 46 19 52 37 20 51 23 46 24 46 83 20 18 9 
9 41 9 9 67 18 37 47 20 45 58 12 30 11 18 52 11 27 27 35 21 1 27 77 16 4 23 2 4 24 24 27 3 53 15 50 55 20 47 65 43 62 87 19 29 45 29 17 42 1 54 20 88 1 50 47 26 14 5 26 40 43 37 53 5 2 48 46 7 76 3 16 40 33 21 22 17 5 60 92 40 60 25 8 48 
10 48 47 40 18 60 61 25 24 5 53 6 57 58 21 75 14 15 81 74 1 2 8 18 49 39 67 7 55 69 11 69 77 52 20 81 31 23 45 28 5 37 18 79 59 81 18 57 25 15 1 15 22 14 1 12 33 48 45 28 48 49 26 16 27 32 31 63 71 23 27 43 13 54 13 16 53 29 24 39 22 3 33 37 
11 35 32 29 30 5 64 2 16 35 67 43 43 46 9 18 34 72 9 22 68 16 3 51 22 70 52 76 1 32 46 37 58 10 40 31 38 39 46 12 45 81 59 4 5 11 11 6 19 28 25 18 24 54 64 58 50 51 14 64 21 49 7 2 65 16 63 1 60 19 17 79 7 41 29 7 21 24 11 11 88 21 52 
12 38 38 77 80 49 33 49 72 20 7 16 49 15 16 15 49 9 23 50 6 36 4 27 68 6 3 18 30 31 31 60 66 94 53 16 31 37 46 69 72 62 28 56 11 54 25 35 78 20 10 48 25 19 5 76 13 31 32 14 26 19 14 13 90 3 50 22 23 2 4 47 51 17 47 5 85 39 52 33 33 36 
13 41 21 18 14 16 31 80 24 42 1 35 3 64 51 69 29 21 20 4 38 36 50 5 13 13 72 46 8 15 45 45 49 22 19 4 43 80 26 34 3 32 24 28 21 40 4 75 18 12 22 45 37 69 28 12 3 15 22 49 4 69 54 8 18 16 31 10 10 16 57 19 5 44 79 4 52 36 45 5 
14 28 33 18 13 41 2 88 8 2 38 5 62 10 1 15 38 71 46 39 59 6 25 21 28 64 4 4 73 52 25 50 42 80 1 38 17 68 72 10 36 49 90 61 11 59 12 52 64 50 41 26 54 26 37 12 80 9 19 81 37 94 16 28 51 36 51 26 21 1 2 14 14 15 32 15 17 43 45 48 
15 60 28 7 31 17 8 42 60 58 12 12 5 52 7 75 70 50 29 75 24 36 8 10 14 42 27 57 31 62 17 52 18 62 66 1 13 6 64 9 16 83 34 10 10 38 23 24 7 2 42 78 7 37 27 46 41 5 13 75 15 15 70 36 36 42 79 30 36 50 32 22 21 57 18 14 14 18 27 
16 40 21 43 47 60 17 25 13 6 53 68 11 69 12 12 89 33 45 40 20 18 65 20 18 38 11 6 2 17 34 9 37 12 5 26 3 54 8 56 8 24 2 15 5 59 1 78 94 75 20 48 28 2 34 34 29 32 88 30 10 61 11 20 29 14 13 42 87 13 10 74 9 7 23 3 5 30 27 
17 35 15 8 16 39 24 61 41 23 19 24 24 75 89 1 16 79 27 84 68 52 15 32 1 67 47 72 23 69 38 7 43 32 28 77 90 61 42 33 18 14 26 73 9 48 47 39 61 45 3 2 31 20 25 33 93 64 53 30 32 38 12 11 34 41 88 54 5 74 9 14 1 1 26 2 63 39 19 
18 50 13 9 29 22 61 14 36 82 26 31 10 40 44 46 2 39 27 11 16 9 42 16 12 42 5 30 31 22 87 10 86 15 37 50 75 27 74 66 10 19 10 17 82 43 30 20 28 11 24 63 74 13 56 4 41 34 48 51 64 24 44 62 6 13 89 27 29 21 15 65 28 30 3 15 8 1 
19 4 38 7 30 37 21 76 17 68 8 40 5 2 69 41 53 42 78 35 21 25 2 34 69 32 13 65 51 49 26 7 1 18 36 21 11 62 9 44 32 39 70 12 31 25 12 80 4 79 32 41 78 32 14 1 23 11 3 3 36 8 46 2 13 1 51 29 31 34 27 7 4 7 3 27 17 
20 67 23 21 9 64 12 44 60 8 77 45 2 86 16 16 50 7 33 7 2 42 13 44 50 7 10 48 41 77 39 73 49 22 53 4 9 18 1 12 2 78 16 33 79 6 54 26 75 46 9 48 31 62 17 76 22 3 23 21 16 22 66 38 43 67 81 8 26 35 67 7 55 8 
21 30 60 16 13 23 6 20 3 54 64 19 1 82 39 40 67 62 10 23 43 9 13 28 92 23 43 19 14 92 1 1 30 33 19 25 23 13 2 8 52 52 71 37 26 32 11 1 45 43 44 20 57 8 24 22 29 82 83 25 38 29 11 15 5 14 60 5 18 9 38 1 11 29 
22 32 35 35 18 3 27 89 61 84 36 74 26 1 36 1 41 42 11 3 11 35 77 91 18 1 34 90 3 23 7 20 13 93 28 81 35 10 70 3 5 86 53 2 4 29 41 44 13 36 20 13 42 52 12 32 20 38 5 21 69 72 5 15 34 51 10 9 3 55 7 55 61 
23 31 77 21 56 20 39 23 23 38 27 17 48 28 12 40 21 40 63 38 56 27 61 21 9 3 55 69 76 22 17 37 10 2 56 38 24 47 63 83 4 37 46 15 46 48 21 50 57 28 40 3 45 50 20 43 12 80 19 10 56 6 73 43 31 37 41 48 27 16 5 8 37 
24 67 76 25 17 55 56 13 6 7 10 17 17 53 42 15 3 6 7 45 52 74 8 27 32 34 92 9 9 47 53 16 43 56 29 64 23 37 80 13 11 18 54 15 6 55 37 64 47 53 36 32 56 43 72 68 52 18 21 40 8 51 10 11 61 33 42 1 39 8 62 5 
25 44 28 24 16 57 60 52 70 66 45 10 49 33 46 67 5 29 63 19 6 14 73 50 56 62 40 14 6 43 33 12 30 29 10 4 48 11 21 6 12 76 6 2 19 3 74 17 68 2 76 28 85 60 81 86 58 47 41 21 78 26 72 2 78 33 47 40 46 33 9 
26 51 45 59 18 22 85 4 28 67 32 51 57 62 44 32 51 86 28 16 67 86 3 28 38 34 40 28 7 83 19 38 44 27 13 47 17 51 2 42 26 26 71 20 21 12 14 14 27 61 10 67 9 35 51 9 7 41 32 53 78 25 32 14 42 35 20 17 82 
27 32 54 42 22 48 61 31 78 23 5 41 80 18 30 12 1 9 9 15 82 23 17 9 24 29 8 76 36 50 91 9 18 43 77 26 58 41 66 41 5 30 34 26 15 52 10 40 36 10 64 30 18 38 30 72 4 6 23 2 19 15 48 3 19 16 
28 14 15 25 55 48 68 32 33 23 4 7 26 46 33 53 21 43 41 5 71 26 14 26 2 12 53 29 17 10 26 22 2 3 75 11 46 18 1 13 23 10 16 42 2 73 8 69 89 37 13 64 6 77 25 68 33 14 55 5 6 76 87 18 6 
29 47 50 11 18 43 73 59 51 39 15 51 4 1 34 42 45 13 25 8 27 63 43 55 39 87 39 69 89 77 28 24 2 50 68 55 25 31 65 9 9 70 88 60 22 52 16 34 37 8 16 21 21 11 75 18 10 50 19 34 36 4 57 21 35 
30 21 55 57 60 11 5 2 8 64 64 4 60 19 49 9 56 27 81 37 12 31 18 49 88 4 53 72 61 62 1 59 42 46 41 21 73 25 38 18 37 1 45 59 38 64 69 65 27 5 62 16 17 5 15 47 27 27 5 54 51 18 44 59 16 
31 23 42 58 63 15 8 71 13 8 27 18 58 3 62 42 52 34 2 2 30 12 12 18 15 65 2 7 12 55 34 56 1 11 40 10 58 32 32 51 29 49 83 12 19 36 64 4 20 17 38 10 56 13 65 77 92 23 50 46 19 51 39 2 
32 45 22 27 77 11 39 81 28 63 26 36 54 59 4 2 26 45 17 11 24 38 19 17 34 50 80 31 40 31 1 13 83 19 40 12 21 50 53 24 19 50 16 19 10 47 22 73 17 26 49 40 61 34 66 15 26 35 55 14 49 68 4 3 
33 46 14 2 45 12 42 8 28 44 47 16 25 35 76 41 20 62 36 54 28 84 62 8 21 25 47 17 45 5 10 2 20 35 39 44 44 49 43 17 4 40 53 28 44 76 34 92 9 12 10 24 77 70 12 4 25 70 5 63 3 25 
34 54 6 37 4 82 35 35 36 31 11 41 29 83 59 48 16 22 35 58 31 24 19 91 26 32 87 38 15 40 44 13 42 65 70 1 34 34 36 16 27 16 18 29 75 51 93 52 32 7 22 7 33 45 17 29 19 35 94 3 61 62 
35 45 11 17 73 22 22 4 34 45 49 40 11 34 13 33 45 9 70 22 63 5 19 59 67 34 6 91 61 8 45 52 53 22 40 43 12 8 6 76 46 78 47 33 53 7 74 2 71 26 48 40 49 82 32 26 55 34 59 20 65 29 
36 4 6 70 18 22 37 57 78 2 65 58 22 3 12 34 32 15 33 4 87 13 43 27 85 4 48 78 39 39 19 77 41 71 56 14 47 31 2 34 24 22 56 90 15 27 15 15 14 19 58 8 84 6 36 36 29 51 45 12 78 13 
37 2 41 34 9 38 36 19 3 5 6 38 47 41 30 59 51 4 40 49 16 52 11 88 59 12 46 59 18 49 23 83 6 10 24 23 30 85 72 86 3 21 24 15 14 13 28 63 29 83 9 61 14 60 43 23 8 66 10 23 72 
38 12 12 19 37 23 37 61 14 65 7 59 58 41 16 14 71 23 13 51 60 32 11 80 26 17 79 3 57 89 23 26 30 34 14 8 43 88 7 15 30 46 7 52 31 2 40 62 53 39 22 17 20 53 27 21 21 3 68 85 56 
39 56 32 68 17 6 50 44 23 18 29 8 21 7 4 61 53 14 40 10 62 29 57 29 66 20 46 79 11 61 4 56 36 67 36 84 74 65 6 19 17 33 8 59 69 46 6 38 45 72 4 8 55 10 66 48 12 24 31 17 
40 4 16 5 60 10 46 50 7 1 56 18 35 21 23 16 1 70 19 23 55 45 46 37 39 52 55 44 44 11 31 25 26 50 32 35 34 13 77 32 23 7 27 38 9 33 24 32 35 45 59 65 52 9 1 79 9 25 7 
41 9 13 37 14 67 17 27 22 8 34 43 37 38 61 33 19 28 72 45 76 20 1 7 30 7 85 43 70 44 27 36 57 8 7 27 3 69 14 22 67 18 15 19 65 55 26 4 6 25 11 83 23 17 5 63 7 
42 31 63 27 15 33 13 55 31 71 18 22 24 84 29 18 20 5 15 1 19 55 49 30 51 56 14 75 47 5 56 17 6 6 34 2 26 51 9 7 28 15 51 73 81 4 22 68 15 16 26 3 5 91 24 52 
43 16 29 59 65 11 11 2 6 41 21 52 28 50 46 75 21 29 36 58 64 7 17 24 44 27 8 25 6 41 2 13 82 4 18 35 9 38 6 82 5 49 21 24 33 23 9 77 10 1 55 23 37 20 14 
44 25 5 2 39 45 20 75 18 73 33 67 47 20 52 6 3 26 40 55 40 71 43 7 52 87 26 34 41 90 19 49 55 5 7 60 33 33 22 71 77 21 6 18 3 33 7 13 46 30 49 65 46 65 
45 32 35 33 26 7 1 35 5 2 48 44 9 71 48 52 20 25 16 35 24 29 4 40 60 32 54 41 78 10 13 13 11 4 35 30 33 9 10 54 17 23 21 13 8 39 3 40 34 14 36 13 
46 33 40 56 18 70 11 58 25 28 14 40 43 11 37 50 12 79 30 39 13 11 4 52 3 92 28 23 60 23 35 38 20 71 39 15 53 66 53 60 9 8 19 63 31 8 44 8 69 25 44 
47 54 29 8 16 10 6 7 9 54 64 6 5 37 33 44 4 4 4 4 4 17 24 4 42 68 33 23 26 9 69 4 35 17 36 63 1 24 9 67 65 32 12 30 25 68 12 59 25 79 
48 10 7 8 27 28 45 2 23 45 71 34 2 2 62 48 48 20 36 6 25 75 23 12 6 10 67 17 16 6 20 63 10 6 3 63 18 66 35 50 74 9 39 23 76 74 27 14 6 9 
49 12 12 35 52 81 12 12 30 25 5 30 62 37 10 42 57 64 72 37 60 20 13 70 19 31 62 14 44 57 33 11 10 2 43 13 57 55 32 8 35 1 82 32 7 54 49 49 44 
50 29 18 6 53 39 40 12 2 15 7 20 62 43 20 13 46 27 18 25 32 14 40 9 29 7 60 23 11 2 1 6 32 14 69 9 23 70 68 32 12 48 3 15 3 29 31 59 83 
51 26 29 4 60 70 29 13 61 26 8 37 11 76 8 56 26 38 42 19 6 4 84 31 26 42 11 6 42 61 18 93 26 75 34 14 12 14 24 1 22 65 30 19 8 31 36 
52 4 54 2 25 49 15 45 31 9 24 43 11 74 44 17 40 15 37 10 14 6 44 35 85 46 1 79 87 3 21 21 2 14 29 38 27 22 24 34 40 8 12 13 42 11 5 
53 62 50 5 16 86 57 10 24 19 39 28 75 30 12 3 60 24 9 28 66 20 35 60 2 79 35 22 57 24 32 17 46 38 33 53 53 26 9 46 38 10 86 
54 34 47 5 6 27 21 47 52 7 32 7 70 1 33 56 56 45 16 12 67 24 1 11 8 20 9 45 7 71 14 81 57 76 13 10 89 30 17 49 56 59 
55 30 5 28 4 24 42 2 7 58 40 42 23 29 40 10 44 31 1 7 29 2 9 44 64 24 76 2 41 49 28 56 43 39 32 67 35 3 85 20 22 22 
56 39 23 24 40 46 60 30 4 3 5 54 23 51 54 65 31 16 7 25 12 74 23 24 39 42 42 36 4 69 8 18 24 36 23 31 55 80 54 38 
57 30 1 36 76 25 53 10 6 7 26 15 39 49 4 2 38 63 10 63 41 23 6 85 53 49 54 72 49 21 6 64 13 15 2 86 4 29 
58 31 66 4 15 91 36 9 31 67 46 5 8 10 38 2 55 43 63 11 34 85 73 31 27 7 11 61 72 6 63 25 36 58 58 2 3 
59 26 43 3 29 4 38 37 34 32 14 35 37 37 30 5 11 10 16 30 1 78 14 39 61 72 5 40 70 82 35 47 2 89 30 50 54 
60 15 21 7 30 16 40 30 15 25 20 10 4 56 51 68 12 45 53 38 66 49 53 50 46 5 44 29 65 25 11 37 46 21 9 9 69 
61 18 22 27 79 17 81 10 38 51 41 4 39 23 30 66 39 35 17 84 4 14 58 17 26 51 59 69 16 67 37 32 65 24 34 22 
62 6 53 71 31 3 14 21 33 49 7 50 48 26 15 39 33 30 15 66 12 25 64 19 9 7 49 72 30 20 38 18 73 68 34 24 
63 31 3 42 2 6 32 6 23 35 25 29 3 58 8 6 6 57 57 23 2 18 1 83 47 48 48 37 10 11 2 58 46 41 17 33 
64 66 30 11 30 8 20 21 47 80 13 3 87 43 49 14 15 24 62 79 11 30 55 1 31 11 24 14 28 18 17 27 57 5 
65 36 43 38 16 1 31 56 5 19 1 39 9 29 34 30 8 11 60 47 73 41 3 31 40 51 61 80 1 18 35 44 44 
66 64 58 67 5 25 7 12 77 7 61 15 62 3 39 60 53 18 80 27 87 5 91 48 46 20 1 32 39 37 5 1 68 
67 24 20 9 41 66 11 58 5 26 21 44 25 35 10 17 26 39 54 4 48 8 41 47 26 2 61 20 55 4 20 3 
68 87 39 28 16 19 60 12 11 17 73 29 47 14 68 68 7 50 25 24 1 42 28 47 62 38 3 32 66 
69 1 16 1 13 19 23 10 10 12 19 29 17 5 47 56 41 30 39 50 28 13 61 13 22 4 73 46 60 
70 3 36 8 25 46 15 51 40 54 11 35 3 2 49 41 22 34 19 29 88 50 8 15 59 33 33 1 
71 31 45 62 3 42 48 14 2 38 76 28 44 84 82 36 5 26 21 2 46 54 44 35 1 10 81 
72 4 90 12 7 11 78 41 30 4 17 12 49 13 14 37 58 62 57 24 59 39 22 25 7 27 37 
73 35 6 29 44 2 25 58 68 79 8 14 20 6 30 1 86 17 42 28 65 32 23 69 62 6 
74 22 77 3 1 2 10 52 24 5 56 18 39 8 18 78 35 6 25 48 82 16 17 48 2 
75 44 15 15 4 10 17 53 43 18 3 42 28 90 48 82 16 13 20 15 34 51 29 7 78 
76 24 57 19 6 33 51 3 80 71 11 23 27 41 35 25 12 55 20 25 54 33 9 28 48 
77 32 12 23 74 20 22 9 66 10 20 29 27 17 36 40 8 44 28 43 31 33 
78 7 36 27 72 19 45 36 12 16 20 59 35 74 15 19 90 26 25 25 75 36 
79 61 5 17 46 73 39 38 10 85 52 64 53 20 19 15 11 13 40 47 
80 12 13 27 64 76 38 66 32 14 13 24 7 19 14 23 65 93 56 
81 32 61 49 30 10 8 10 11 22 10 4 42 54 14 3 25 20 71 
82 34 18 21 7 27 43 18 71 75 43 21 35 74 59 49 26 3 
83 34 37 26 15 23 32 6 31 63 37 21 41 6 1 8 50 
84 22 3 42 3 17 33 5 71 86 51 39 61 4 2 36 
85 8 26 36 58 41 52 79 37 8 57 25 12 55 1 38 
86 53 20 1 26 18 5 26 84 73 37 22 25 53 57 2 
87 68 36 18 29 64 44 34 9 52 66 3 16 28 
88 14 30 37 38 4 29 9 70 4 16 7 17 11 
89 22 2 16 17 6 29 38 28 6 18 54 59 
90 72 8 22 17 75 44 14 12 36 78 
91 58 5 22 35 34 27 7 66 42 
92 21 24 21 46 31 33 9 
93 22 51 17 34 6 80 
94 12 16 14 34 
