95
94 94 92 92 90 87 87 86 86 86 83 78 78 77 77 74 74 72 72 68 68 67 61 61 59 58 58 57 57 56 54 54 54 54 53 52 51 51 51 50 49 48 47 46 46 45 44 42 42 42 41 40 40 38 36 36 35 35 35 35 34 33 33 33 33 33 32 32 31 30 27 26 25 25 23 22 22 21 19 18 16 16 16 15 13 13 12 12 12 10 10 9 7 7 6 5 4 0 
1 95 94 91 90 87 83 82 80 79 78 74 68 67 65 64 60 59 56 55 50 49 47 40 39 36 34 33 31 30 28 25 24 23 22 20 18 16 15 14 12 10 8 8 8 7 7 7 7 7 6 6 6 6 6 6 5 5 5 5 5 5 5 5 4 4 4 4 4 4 4 4 3 3 3 3 3 3 3 3 3 2 2 2 2 2 2 2 2 
2 95 94 91 90 87 83 82 80 79 78 74 68 67 65 64 60 59 56 55 50 49 47 40 39 36 34 33 31 30 28 25 24 23 22 20 18 16 15 14 12 10 8 8 8 7 7 7 7 7 6 6 6 6 6 6 5 5 5 5 5 5 5 5 4 4 4 4 4 4 4 4 3 3 3 3 3 3 3 3 3 1 1 1 1 1 1 1 1 
3 95 94 91 90 87 83 82 80 79 78 74 68 67 65 64 60 59 56 55 50 49 47 40 39 36 34 33 31 30 28 25 24 23 22 20 18 16 15 14 12 10 8 8 8 7 7 7 7 7 6 6 6 6 6 6 5 5 5 5 5 5 5 5 4 4 4 4 4 4 4 4 1 2 1 2 1 2 1 2 1 2 1 2 1 2 1 2 1 2 
4 95 94 91 90 87 83 82 80 79 78 74 68 67 65 64 60 59 56 55 50 49 47 40 39 36 34 33 31 30 28 25 24 23 22 20 18 16 15 14 12 10 8 8 8 7 7 7 7 7 6 6 6 6 6 6 5 5 5 5 5 5 5 5 1 2 3 1 2 3 1 2 3 1 2 3 1 2 3 1 2 3 1 2 3 1 2 3 
5 95 94 91 90 87 83 82 80 79 78 74 68 67 65 64 60 59 56 55 50 49 47 40 39 36 34 33 31 30 28 25 24 23 22 20 18 16 15 14 12 10 8 8 8 7 7 7 7 7 6 6 6 6 6 6 1 2 3 4 1 2 3 4 1 2 3 4 1 2 3 4 1 2 3 4 1 2 3 4 1 2 3 4 1 2 3 4 
6 95 94 91 90 87 83 82 80 79 78 74 68 67 65 64 60 59 56 55 50 49 47 40 39 36 34 33 31 30 28 25 24 23 22 20 18 16 15 14 12 10 8 8 8 7 7 7 7 7 1 2 3 4 5 1 2 3 4 5 1 2 3 4 5 1 2 3 4 5 1 2 3 4 5 1 2 3 4 5 
7 95 94 91 90 87 83 82 80 79 78 74 68 67 65 64 60 59 56 55 50 49 47 40 39 36 34 33 31 30 28 25 24 23 22 20 18 16 15 14 12 10 8 8 8 1 2 3 4 5 6 1 2 3 4 5 6 1 2 3 4 5 6 1 2 3 4 5 6 1 2 3 4 5 6 
8 95 94 91 90 87 83 82 80 79 78 74 68 67 65 64 60 59 56 55 50 49 47 40 39 36 34 33 31 30 28 25 24 23 22 20 18 16 15 14 12 10 1 2 3 4 5 6 7 1 2 3 4 5 6 7 1 2 3 4 5 6 7 
9 95 94 91 90 87 83 82 80 79 78 74 68 67 65 64 60 59 56 55 50 49 47 40 39 36 34 33 31 30 28 25 24 23 22 20 18 16 15 14 12 10 
10 95 94 91 90 87 83 82 80 79 78 74 68 67 65 64 60 59 56 55 50 49 47 40 39 36 34 33 31 30 28 25 24 23 22 20 18 16 15 14 12 1 2 3 4 5 6 7 8 9 
11 95 94 91 90 87 83 82 80 79 78 74 68 67 65 64 60 59 56 55 50 49 47 40 39 36 34 33 31 30 28 25 24 23 22 20 18 16 15 14 12 
12 95 94 91 90 87 83 82 80 79 78 74 68 67 65 64 60 59 56 55 50 49 47 40 39 36 34 33 31 30 28 25 24 23 22 20 18 16 15 14 1 2 3 4 5 6 7 8 9 10 11 
13 95 94 91 90 87 83 82 80 79 78 74 68 67 65 64 60 59 56 55 50 49 47 40 39 36 34 33 31 30 28 25 24 23 22 20 18 16 15 14 
14 95 94 91 90 87 83 82 80 79 78 74 68 67 65 64 60 59 56 55 50 49 47 40 39 36 34 33 31 30 28 25 24 23 22 20 18 16 15 1 2 3 4 5 6 7 8 9 10 11 12 13 
15 95 94 91 90 87 83 82 80 79 78 74 68 67 65 64 60 59 56 55 50 49 47 40 39 36 34 33 31 30 28 25 24 23 22 20 18 16 1 2 3 4 5 6 7 8 9 10 11 12 13 14 
16 95 94 91 90 87 83 82 80 79 78 74 68 67 65 64 60 59 56 55 50 49 47 40 39 36 34 33 31 30 28 25 24 23 22 20 18 1 2 3 4 5 6 7 8 9 10 11 12 13 14 15 
17 95 94 91 90 87 83 82 80 79 78 74 68 67 65 64 60 59 56 55 50 49 47 40 39 36 34 33 31 30 28 25 24 23 22 20 18 
18 95 94 91 90 87 83 82 80 79 78 74 68 67 65 64 60 59 56 55 50 49 47 40 39 36 34 33 31 30 28 25 24 23 22 20 1 2 3 4 5 6 7 8 9 10 11 12 13 14 15 16 17 
19 95 94 91 90 87 83 82 80 79 78 74 68 67 65 64 60 59 56 55 50 49 47 40 39 36 34 33 31 30 28 25 24 23 22 20 
20 95 94 91 90 87 83 82 80 79 78 74 68 67 65 64 60 59 56 55 50 49 47 40 39 36 34 33 31 30 28 25 24 23 22 1 2 3 4 5 6 7 8 9 10 11 12 13 14 15 16 17 18 19 
21 95 94 91 90 87 83 82 80 79 78 74 68 67 65 64 60 59 56 55 50 49 47 40 39 36 34 33 31 30 28 25 24 23 22 
22 95 94 91 90 87 83 82 80 79 78 74 68 67 65 64 60 59 56 55 50 49 47 40 39 36 34 33 31 30 28 25 24 23 1 2 3 4 5 6 7 8 9 10 11 12 13 14 15 16 17 18 19 20 21 
23 95 94 91 90 87 83 82 80 79 78 74 68 67 65 64 60 59 56 55 50 49 47 40 39 36 34 33 31 30 28 25 24 1 2 3 4 5 6 7 8 9 10 11 12 13 14 15 16 17 18 19 20 21 22 
24 95 94 91 90 87 83 82 80 79 78 74 68 67 65 64 60 59 56 55 50 49 47 40 39 36 34 33 31 30 28 25 1 2 3 4 5 6 7 8 9 10 11 12 13 14 15 16 17 18 19 20 21 22 23 
25 95 94 91 90 87 83 82 80 79 78 74 68 67 65 64 60 59 56 55 50 49 47 40 39 36 34 33 31 30 28 1 2 3 4 5 6 7 8 9 10 11 12 13 14 15 16 17 18 19 20 21 22 23 24 
26 95 94 91 90 87 83 82 80 79 78 74 68 67 65 64 60 59 56 55 50 49 47 40 39 36 34 33 31 30 28 
27 95 94 91 90 87 83 82 80 79 78 74 68 67 65 64 60 59 56 55 50 49 47 40 39 36 34 33 31 30 28 
28 95 94 91 90 87 83 82 80 79 78 74 68 67 65 64 60 59 56 55 50 49 47 40 39 36 34 33 31 30 1 2 3 4 5 6 7 8 9 10 11 12 13 14 15 16 17 18 19 20 21 22 23 24 25 26 27 
29 95 94 91 90 87 83 82 80 79 78 74 68 67 65 64 60 59 56 55 50 49 47 40 39 36 34 33 31 30 
30 95 94 91 90 87 83 82 80 79 78 74 68 67 65 64 60 59 56 55 50 49 47 40 39 36 34 33 31 1 2 3 4 5 6 7 8 9 10 11 12 13 14 15 16 17 18 19 20 21 22 23 24 25 26 27 28 29 
31 95 94 91 90 87 83 82 80 79 78 74 68 67 65 64 60 59 56 55 50 49 47 40 39 36 34 33 1 2 3 4 5 6 7 8 9 10 11 12 13 14 15 16 17 18 19 20 21 22 23 24 25 26 27 28 29 30 
32 95 94 91 90 87 83 82 80 79 78 74 68 67 65 64 60 59 56 55 50 49 47 40 39 36 34 33 
33 95 94 91 90 87 83 82 80 79 78 74 68 67 65 64 60 59 56 55 50 49 47 40 39 36 34 1 2 3 4 5 6 7 8 9 10 11 12 13 14 15 16 17 18 19 20 21 22 23 24 25 26 27 28 29 30 31 32 
34 95 94 91 90 87 83 82 80 79 78 74 68 67 65 64 60 59 56 55 50 49 47 40 39 36 1 2 3 4 5 6 7 8 9 10 11 12 13 14 15 16 17 18 19 20 21 22 23 24 25 26 27 28 29 30 31 32 33 
35 95 94 91 90 87 83 82 80 79 78 74 68 67 65 64 60 59 56 55 50 49 47 40 39 36 
36 95 94 91 90 87 83 82 80 79 78 74 68 67 65 64 60 59 56 55 50 49 47 40 39 1 2 3 4 5 6 7 8 9 10 11 12 13 14 15 16 17 18 19 20 21 22 23 24 25 26 27 28 29 30 31 32 33 34 35 
37 95 94 91 90 87 83 82 80 79 78 74 68 67 65 64 60 59 56 55 50 49 47 40 39 
38 95 94 91 90 87 83 82 80 79 78 74 68 67 65 64 60 59 56 55 50 49 47 40 39 
39 95 94 91 90 87 83 82 80 79 78 74 68 67 65 64 60 59 56 55 50 49 47 40 1 2 3 4 5 6 7 8 9 10 11 12 13 14 15 16 17 18 19 20 21 22 23 24 25 26 27 28 29 30 31 32 33 34 35 36 37 38 
40 95 94 91 90 87 83 82 80 79 78 74 68 67 65 64 60 59 56 55 50 49 47 1 2 3 4 5 6 7 8 9 10 11 12 13 14 15 16 17 18 19 20 21 22 23 24 25 26 27 28 29 30 31 32 33 34 35 36 37 38 39 
41 95 94 91 90 87 83 82 80 79 78 74 68 67 65 64 60 59 56 55 50 49 47 
42 95 94 91 90 87 83 82 80 79 78 74 68 67 65 64 60 59 56 55 50 49 47 
43 95 94 91 90 87 83 82 80 79 78 74 68 67 65 64 60 59 56 55 50 49 47 
44 95 94 91 90 87 83 82 80 79 78 74 68 67 65 64 60 59 56 55 50 49 47 
45 95 94 91 90 87 83 82 80 79 78 74 68 67 65 64 60 59 56 55 50 49 47 
46 95 94 91 90 87 83 82 80 79 78 74 68 67 65 64 60 59 56 55 50 49 47 
47 95 94 91 90 87 83 82 80 79 78 74 68 67 65 64 60 59 56 55 50 49 1 2 3 4 5 6 7 8 9 10 11 12 13 14 15 16 17 18 19 20 21 22 23 24 25 26 27 28 29 30 31 32 33 34 35 36 37 38 39 40 41 42 43 44 45 46 
48 95 94 91 90 87 83 82 80 79 78 74 68 67 65 64 60 59 56 55 50 49 
49 95 94 91 90 87 83 82 80 79 78 74 68 67 65 64 60 59 56 55 50 1 2 3 4 5 6 7 8 9 10 11 12 13 14 15 16 17 18 19 20 21 22 23 24 25 26 27 28 29 30 31 32 33 34 35 36 37 38 39 40 41 42 43 44 45 46 47 48 
50 95 94 91 90 87 83 82 80 79 78 74 68 67 65 64 60 59 56 55 1 2 3 4 5 6 7 8 9 10 11 12 13 14 15 16 17 18 19 20 21 22 23 24 25 26 27 28 29 30 31 32 33 34 35 36 37 38 39 40 41 42 43 44 45 46 47 48 49 
51 95 94 91 90 87 83 82 80 79 78 74 68 67 65 64 60 59 56 55 
52 95 94 91 90 87 83 82 80 79 78 74 68 67 65 64 60 59 56 55 
53 95 94 91 90 87 83 82 80 79 78 74 68 67 65 64 60 59 56 55 
54 95 94 91 90 87 83 82 80 79 78 74 68 67 65 64 60 59 56 55 
55 95 94 91 90 87 83 82 80 79 78 74 68 67 65 64 60 59 56 1 2 3 4 5 6 7 8 9 10 11 12 13 14 15 16 17 18 19 20 21 22 23 24 25 26 27 28 29 30 31 32 33 34 35 36 37 38 39 40 41 42 43 44 45 46 47 48 49 50 51 52 53 54 
56 95 94 91 90 87 83 82 80 79 78 74 68 67 65 64 60 59 1 2 3 4 5 6 7 8 9 10 11 12 13 14 15 16 17 18 19 20 21 22 23 24 25 26 27 28 29 30 31 32 33 34 35 36 37 38 39 40 41 42 43 44 45 46 47 48 49 50 51 52 53 54 55 
57 95 94 91 90 87 83 82 80 79 78 74 68 67 65 64 60 59 
58 95 94 91 90 87 83 82 80 79 78 74 68 67 65 64 60 59 
59 95 94 91 90 87 83 82 80 79 78 74 68 67 65 64 60 1 2 3 4 5 6 7 8 9 10 11 12 13 14 15 16 17 18 19 20 21 22 23 24 25 26 27 28 29 30 31 32 33 34 35 36 37 38 39 40 41 42 43 44 45 46 47 48 49 50 51 52 53 54 55 56 57 58 
60 95 94 91 90 87 83 82 80 79 78 74 68 67 65 64 1 2 3 4 5 6 7 8 9 10 11 12 13 14 15 16 17 18 19 20 21 22 23 24 25 26 27 28 29 30 31 32 33 34 35 36 37 38 39 40 41 42 43 44 45 46 47 48 49 50 51 52 53 54 55 56 57 58 59 
61 95 94 91 90 87 83 82 80 79 78 74 68 67 65 64 
62 95 94 91 90 87 83 82 80 79 78 74 68 67 65 64 
63 95 94 91 90 87 83 82 80 79 78 74 68 67 65 64 
64 95 94 91 90 87 83 82 80 79 78 74 68 67 65 1 2 3 4 5 6 7 8 9 10 11 12 13 14 15 16 17 18 19 20 21 22 23 24 25 26 27 28 29 30 31 32 33 34 35 36 37 38 39 40 41 42 43 44 45 46 47 48 49 50 51 52 53 54 55 56 57 58 59 60 61 62 63 
65 95 94 91 90 87 83 82 80 79 78 74 68 67 1 2 3 4 5 6 7 8 9 10 11 12 13 14 15 16 17 18 19 20 21 22 23 24 25 26 27 28 29 30 31 32 33 34 35 36 37 38 39 40 41 42 43 44 45 46 47 48 49 50 51 52 53 54 55 56 57 58 59 60 61 62 63 64 
66 95 94 91 90 87 83 82 80 79 78 74 68 67 
67 95 94 91 90 87 83 82 80 79 78 74 68 1 2 3 4 5 6 7 8 9 10 11 12 13 14 15 16 17 18 19 20 21 22 23 24 25 26 27 28 29 30 31 32 33 34 35 36 37 38 39 40 41 42 43 44 45 46 47 48 49 50 51 52 53 54 55 56 57 58 59 60 61 62 63 64 65 66 
68 95 94 91 90 87 83 82 80 79 78 74 1 2 3 4 5 6 7 8 9 10 11 12 13 14 15 16 17 18 19 20 21 22 23 24 25 26 27 28 29 30 31 32 33 34 35 36 37 38 39 40 41 42 43 44 45 46 47 48 49 50 51 52 53 54 55 56 57 58 59 60 61 62 63 64 65 66 67 
69 95 94 91 90 87 83 82 80 79 78 74 
70 95 94 91 90 87 83 82 80 79 78 74 
71 95 94 91 90 87 83 82 80 79 78 74 
72 95 94 91 90 87 83 82 80 79 78 74 
73 95 94 91 90 87 83 82 80 79 78 74 
74 95 94 91 90 87 83 82 80 79 78 1 2 3 4 5 6 7 8 9 10 11 12 13 14 15 16 17 18 19 20 21 22 23 24 25 26 27 28 29 30 31 32 33 34 35 36 37 38 39 40 41 42 43 44 45 46 47 48 49 50 51 52 53 54 55 56 57 58 59 60 61 62 63 64 65 66 67 68 69 70 71 72 73 
75 95 94 91 90 87 83 82 80 79 78 
76 95 94 91 90 87 83 82 80 79 78 
77 95 94 91 90 87 83 82 80 79 78 
78 95 94 91 90 87 83 82 80 79 1 2 3 4 5 6 7 8 9 10 11 12 13 14 15 16 17 18 19 20 21 22 23 24 25 26 27 28 29 30 31 32 33 34 35 36 37 38 39 40 41 42 43 44 45 46 47 48 49 50 51 52 53 54 55 56 57 58 59 60 61 62 63 64 65 66 67 68 69 70 71 72 73 74 75 76 77 
79 95 94 91 90 87 83 82 80 1 2 3 4 5 6 7 8 9 10 11 12 13 14 15 16 17 18 19 20 21 22 23 24 25 26 27 28 29 30 31 32 33 34 35 36 37 38 39 40 41 42 43 44 45 46 47 48 49 50 51 52 53 54 55 56 57 58 59 60 61 62 63 64 65 66 67 68 69 70 71 72 73 74 75 76 77 78 
80 95 94 91 90 87 83 82 1 2 3 4 5 6 7 8 9 10 11 12 13 14 15 16 17 18 19 20 21 22 23 24 25 26 27 28 29 30 31 32 33 34 35 36 37 38 39 40 41 42 43 44 45 46 47 48 49 50 51 52 53 54 55 56 57 58 59 60 61 62 63 64 65 66 67 68 69 70 71 72 73 74 75 76 77 78 79 
81 95 94 91 90 87 83 82 
82 95 94 91 90 87 83 1 2 3 4 5 6 7 8 9 10 11 12 13 14 15 16 17 18 19 20 21 22 23 24 25 26 27 28 29 30 31 32 33 34 35 36 37 38 39 40 41 42 43 44 45 46 47 48 49 50 51 52 53 54 55 56 57 58 59 60 61 62 63 64 65 66 67 68 69 70 71 72 73 74 75 76 77 78 79 80 81 
83 95 94 91 90 87 1 2 3 4 5 6 7 8 9 10 11 12 13 14 15 16 17 18 19 20 21 22 23 24 25 26 27 28 29 30 31 32 33 34 35 36 37 38 39 40 41 42 43 44 45 46 47 48 49 50 51 52 53 54 55 56 57 58 59 60 61 62 63 64 65 66 67 68 69 70 71 72 73 74 75 76 77 78 79 80 81 82 
84 95 94 91 90 87 
85 95 94 91 90 87 
86 95 94 91 90 87 
87 95 94 91 90 1 2 3 4 5 6 7 8 9 10 11 12 13 14 15 16 17 18 19 20 21 22 23 24 25 26 27 28 29 30 31 32 33 34 35 36 37 38 39 40 41 42 43 44 45 46 47 48 49 50 51 52 53 54 55 56 57 58 59 60 61 62 63 64 65 66 67 68 69 70 71 72 73 74 75 76 77 78 79 80 81 82 83 84 85 86 
88 95 94 91 90 
89 95 94 91 90 
90 95 94 91 1 2 3 4 5 6 7 8 9 10 11 12 13 14 15 16 17 18 19 20 21 22 23 24 25 26 27 28 29 30 31 32 33 34 35 36 37 38 39 40 41 42 43 44 45 46 47 48 49 50 51 52 53 54 55 56 57 58 59 60 61 62 63 64 65 66 67 68 69 70 71 72 73 74 75 76 77 78 79 80 81 82 83 84 85 86 87 88 89 
91 95 94 1 2 3 4 5 6 7 8 9 10 11 12 13 14 15 16 17 18 19 20 21 22 23 24 25 26 27 28 29 30 31 32 33 34 35 36 37 38 39 40 41 42 43 44 45 46 47 48 49 50 51 52 53 54 55 56 57 58 59 60 61 62 63 64 65 66 67 68 69 70 71 72 73 74 75 76 77 78 79 80 81 82 83 84 85 86 87 88 89 90 
92 95 94 
93 95 94 
94 95 1 2 3 4 5 6 7 8 9 10 11 12 13 14 15 16 17 18 19 20 21 22 23 24 25 26 27 28 29 30 31 32 33 34 35 36 37 38 39 40 41 42 43 44 45 46 47 48 49 50 51 52 53 54 55 56 57 58 59 60 61 62 63 64 65 66 67 68 69 70 71 72 73 74 75 76 77 78 79 80 81 82 83 84 85 86 87 88 89 90 91 92 93 
95 1 2 3 4 5 6 7 8 9 10 11 12 13 14 15 16 17 18 19 20 21 22 23 24 25 26 27 28 29 30 31 32 33 34 35 36 37 38 39 40 41 42 43 44 45 46 47 48 49 50 51 52 53 54 55 56 57 58 59 60 61 62 63 64 65 66 67 68 69 70 71 72 73 74 75 76 77 78 79 80 81 82 83 84 85 86 87 88 89 90 91 92 93 94 
