41
38 37 36 35 34 33 31 29 29 28 26 26 23 23 22 22 21 20 19 17 17 16 16 14 14 12 12 11 10 8 7 7 7 6 6 6 5 4 3 3 3 
1 18 3 27 22 17 24 8 31 8 3 9 17 13 7 3 11 7 11 14 19 9 12 6 18 5 1 1 11 5 35 10 15 6 35 3 23 30 19 
2 10 18 20 8 19 30 16 15 23 10 2 2 11 3 9 5 5 4 12 11 12 4 15 33 5 6 32 6 17 5 18 25 20 16 7 12 11 
3 1 6 11 41 11 37 28 20 25 5 13 7 1 8 15 14 23 17 18 16 20 2 1 17 24 4 36 37 11 27 4 40 14 1 18 12 
4 10 22 8 14 9 23 8 28 34 10 6 27 14 7 5 16 8 3 32 2 13 27 12 13 5 39 2 7 28 11 32 3 23 11 13 
5 24 25 22 6 15 3 25 12 16 12 4 17 17 10 6 9 20 17 11 2 12 6 22 2 4 1 1 15 21 2 9 2 21 20 
6 9 8 7 3 24 14 11 5 16 4 9 21 22 5 27 5 26 17 9 12 26 14 1 14 29 7 16 2 1 2 35 12 15 
7 20 6 26 21 10 29 39 21 10 3 10 12 4 18 15 1 24 1 14 27 4 16 6 35 12 17 22 12 14 2 11 
8 6 4 19 23 4 25 19 24 12 1 2 1 14 21 3 14 4 10 13 13 13 12 32 9 27 17 9 22 18 
9 11 16 6 10 4 29 15 34 14 23 18 28 20 6 1 36 2 5 6 1 35 36 8 5 8 29 13 9 9 
10 4 2 9 16 7 7 4 7 14 26 2 18 19 33 5 22 8 33 28 40 31 21 1 30 18 19 13 20 
11 9 13 19 3 6 3 22 17 2 35 14 1 5 1 20 2 1 3 4 20 20 29 15 4 7 2 
12 15 8 28 5 5 7 33 15 5 37 6 14 16 15 2 1 4 18 2 7 8 7 25 6 3 2 
13 11 29 26 20 13 13 3 29 19 14 1 4 8 4 8 23 18 8 29 9 33 10 4 
14 4 6 9 33 8 10 4 3 13 11 8 17 7 26 1 12 6 25 24 6 3 19 7 
15 12 9 27 23 5 23 17 2 3 7 24 12 12 20 19 5 2 32 1 22 11 6 
16 17 9 10 30 29 6 22 28 21 5 2 4 3 26 41 34 12 7 25 23 6 2 
17 16 1 19 19 15 11 38 3 1 5 5 22 23 14 3 5 6 7 28 8 2 
18 2 1 31 20 9 29 7 10 3 41 32 12 1 24 13 19 3 2 10 8 
19 11 8 8 17 17 2 20 32 13 10 23 37 1 31 15 18 10 14 1 
20 7 26 18 13 3 2 19 9 3 5 11 15 11 11 2 5 10 
21 7 7 16 36 8 38 24 22 6 28 25 39 27 24 10 5 5 
22 27 4 1 5 16 11 21 6 10 17 26 5 7 15 30 8 
23 4 8 9 15 15 2 3 19 17 24 26 13 16 34 4 1 
24 6 5 1 8 38 21 26 15 7 3 23 21 14 18 
25 8 5 3 28 5 30 30 21 14 16 12 36 2 36 
26 20 13 7 10 24 16 22 6 14 6 23 27 
27 22 1 15 4 38 6 7 21 4 3 8 26 
28 4 12 3 25 16 9 21 30 10 4 17 
29 13 9 7 16 18 13 6 13 9 11 
30 16 2 25 25 28 10 22 1 
31 18 37 1 10 19 40 34 
32 19 18 4 15 4 8 2 
33 14 10 12 34 10 2 13 
34 9 4 33 16 23 31 
35 11 9 7 1 1 6 
36 21 9 3 9 25 25 
37 31 3 19 12 3 
38 24 27 17 21 
39 7 21 4 
40 10 31 3 
41 3 18 16 
