63
62 62 62 61 59 55 54 54 54 53 48 48 48 47 47 47 47 44 42 42 42 42 41 40 39 39 37 36 35 34 33 32 32 31 31 29 28 27 27 26 26 25 24 24 23 23 22 21 21 21 19 18 15 15 12 12 11 7 6 5 5 5 5 0 
1 63 62 61 59 56 51 49 48 47 45 39 38 37 35 34 33 32 28 25 24 23 22 20 18 16 15 12 10 8 6 5 5 5 5 5 4 4 4 4 4 3 3 3 3 3 3 2 2 2 2 2 2 2 2 
2 63 62 61 59 56 51 49 48 47 45 39 38 37 35 34 33 32 28 25 24 23 22 20 18 16 15 12 10 8 6 5 5 5 5 5 4 4 4 4 4 3 3 3 3 3 3 1 1 1 1 1 1 1 1 
3 63 62 61 59 56 51 49 48 47 45 39 38 37 35 34 33 32 28 25 24 23 22 20 18 16 15 12 10 8 6 5 5 5 5 5 4 4 4 4 4 1 2 1 2 1 2 1 2 1 2 1 2 
4 63 62 61 59 56 51 49 48 47 45 39 38 37 35 34 33 32 28 25 24 23 22 20 18 16 15 12 10 8 6 5 5 5 5 5 1 2 3 1 2 3 1 2 3 1 2 3 1 2 3 
5 63 62 61 59 56 51 49 48 47 45 39 38 37 35 34 33 32 28 25 24 23 22 20 18 16 15 12 10 8 6 1 2 3 4 1 2 3 4 1 2 3 4 1 2 3 4 1 2 3 4 
6 63 62 61 59 56 51 49 48 47 45 39 38 37 35 34 33 32 28 25 24 23 22 20 18 16 15 12 10 8 1 2 3 4 5 
7 63 62 61 59 56 51 49 48 47 45 39 38 37 35 34 33 32 28 25 24 23 22 20 18 16 15 12 10 8 
8 63 62 61 59 56 51 49 48 47 45 39 38 37 35 34 33 32 28 25 24 23 22 20 18 16 15 12 10 1 2 3 4 5 6 7 
9 63 62 61 59 56 51 49 48 47 45 39 38 37 35 34 33 32 28 25 24 23 22 20 18 16 15 12 10 
10 63 62 61 59 56 51 49 48 47 45 39 38 37 35 34 33 32 28 25 24 23 22 20 18 16 15 12 1 2 3 4 5 6 7 8 9 
11 63 62 61 59 56 51 49 48 47 45 39 38 37 35 34 33 32 28 25 24 23 22 20 18 16 15 12 
12 63 62 61 59 56 51 49 48 47 45 39 38 37 35 34 33 32 28 25 24 23 22 20 18 16 15 1 2 3 4 5 6 7 8 9 10 11 
13 63 62 61 59 56 51 49 48 47 45 39 38 37 35 34 33 32 28 25 24 23 22 20 18 16 15 
14 63 62 61 59 56 51 49 48 47 45 39 38 37 35 34 33 32 28 25 24 23 22 20 18 16 15 
15 63 62 61 59 56 51 49 48 47 45 39 38 37 35 34 33 32 28 25 24 23 22 20 18 16 1 2 3 4 5 6 7 8 9 10 11 12 13 14 
16 63 62 61 59 56 51 49 48 47 45 39 38 37 35 34 33 32 28 25 24 23 22 20 18 1 2 3 4 5 6 7 8 9 10 11 12 13 14 15 
17 63 62 61 59 56 51 49 48 47 45 39 38 37 35 34 33 32 28 25 24 23 22 20 18 
18 63 62 61 59 56 51 49 48 47 45 39 38 37 35 34 33 32 28 25 24 23 22 20 1 2 3 4 5 6 7 8 9 10 11 12 13 14 15 16 17 
19 63 62 61 59 56 51 49 48 47 45 39 38 37 35 34 33 32 28 25 24 23 22 20 
20 63 62 61 59 56 51 49 48 47 45 39 38 37 35 34 33 32 28 25 24 23 22 1 2 3 4 5 6 7 8 9 10 11 12 13 14 15 16 17 18 19 
21 63 62 61 59 56 51 49 48 47 45 39 38 37 35 34 33 32 28 25 24 23 22 
22 63 62 61 59 56 51 49 48 47 45 39 38 37 35 34 33 32 28 25 24 23 1 2 3 4 5 6 7 8 9 10 11 12 13 14 15 16 17 18 19 20 21 
23 63 62 61 59 56 51 49 48 47 45 39 38 37 35 34 33 32 28 25 24 1 2 3 4 5 6 7 8 9 10 11 12 13 14 15 16 17 18 19 20 21 22 
24 63 62 61 59 56 51 49 48 47 45 39 38 37 35 34 33 32 28 25 1 2 3 4 5 6 7 8 9 10 11 12 13 14 15 16 17 18 19 20 21 22 23 
25 63 62 61 59 56 51 49 48 47 45 39 38 37 35 34 33 32 28 1 2 3 4 5 6 7 8 9 10 11 12 13 14 15 16 17 18 19 20 21 22 23 24 
26 63 62 61 59 56 51 49 48 47 45 39 38 37 35 34 33 32 28 
27 63 62 61 59 56 51 49 48 47 45 39 38 37 35 34 33 32 28 
28 63 62 61 59 56 51 49 48 47 45 39 38 37 35 34 33 32 1 2 3 4 5 6 7 8 9 10 11 12 13 14 15 16 17 18 19 20 21 22 23 24 25 26 27 
29 63 62 61 59 56 51 49 48 47 45 39 38 37 35 34 33 32 
30 63 62 61 59 56 51 49 48 47 45 39 38 37 35 34 33 32 
31 63 62 61 59 56 51 49 48 47 45 39 38 37 35 34 33 32 
32 63 62 61 59 56 51 49 48 47 45 39 38 37 35 34 33 1 2 3 4 5 6 7 8 9 10 11 12 13 14 15 16 17 18 19 20 21 22 23 24 25 26 27 28 29 30 31 
33 63 62 61 59 56 51 49 48 47 45 39 38 37 35 34 1 2 3 4 5 6 7 8 9 10 11 12 13 14 15 16 17 18 19 20 21 22 23 24 25 26 27 28 29 30 31 32 
34 63 62 61 59 56 51 49 48 47 45 39 38 37 35 1 2 3 4 5 6 7 8 9 10 11 12 13 14 15 16 17 18 19 20 21 22 23 24 25 26 27 28 29 30 31 32 33 
35 63 62 61 59 56 51 49 48 47 45 39 38 37 1 2 3 4 5 6 7 8 9 10 11 12 13 14 15 16 17 18 19 20 21 22 23 24 25 26 27 28 29 30 31 32 33 34 
36 63 62 61 59 56 51 49 48 47 45 39 38 37 
37 63 62 61 59 56 51 49 48 47 45 39 38 1 2 3 4 5 6 7 8 9 10 11 12 13 14 15 16 17 18 19 20 21 22 23 24 25 26 27 28 29 30 31 32 33 34 35 36 
38 63 62 61 59 56 51 49 48 47 45 39 1 2 3 4 5 6 7 8 9 10 11 12 13 14 15 16 17 18 19 20 21 22 23 24 25 26 27 28 29 30 31 32 33 34 35 36 37 
39 63 62 61 59 56 51 49 48 47 45 1 2 3 4 5 6 7 8 9 10 11 12 13 14 15 16 17 18 19 20 21 22 23 24 25 26 27 28 29 30 31 32 33 34 35 36 37 38 
40 63 62 61 59 56 51 49 48 47 45 
41 63 62 61 59 56 51 49 48 47 45 
42 63 62 61 59 56 51 49 48 47 45 
43 63 62 61 59 56 51 49 48 47 45 
44 63 62 61 59 56 51 49 48 47 45 
45 63 62 61 59 56 51 49 48 47 1 2 3 4 5 6 7 8 9 10 11 12 13 14 15 16 17 18 19 20 21 22 23 24 25 26 27 28 29 30 31 32 33 34 35 36 37 38 39 40 41 42 43 44 
46 63 62 61 59 56 51 49 48 47 
47 63 62 61 59 56 51 49 48 1 2 3 4 5 6 7 8 9 10 11 12 13 14 15 16 17 18 19 20 21 22 23 24 25 26 27 28 29 30 31 32 33 34 35 36 37 38 39 40 41 42 43 44 45 46 
48 63 62 61 59 56 51 49 1 2 3 4 5 6 7 8 9 10 11 12 13 14 15 16 17 18 19 20 21 22 23 24 25 26 27 28 29 30 31 32 33 34 35 36 37 38 39 40 41 42 43 44 45 46 47 
49 63 62 61 59 56 51 1 2 3 4 5 6 7 8 9 10 11 12 13 14 15 16 17 18 19 20 21 22 23 24 25 26 27 28 29 30 31 32 33 34 35 36 37 38 39 40 41 42 43 44 45 46 47 48 
50 63 62 61 59 56 51 
51 63 62 61 59 56 1 2 3 4 5 6 7 8 9 10 11 12 13 14 15 16 17 18 19 20 21 22 23 24 25 26 27 28 29 30 31 32 33 34 35 36 37 38 39 40 41 42 43 44 45 46 47 48 49 50 
52 63 62 61 59 56 
53 63 62 61 59 56 
54 63 62 61 59 56 
55 63 62 61 59 56 
56 63 62 61 59 1 2 3 4 5 6 7 8 9 10 11 12 13 14 15 16 17 18 19 20 21 22 23 24 25 26 27 28 29 30 31 32 33 34 35 36 37 38 39 40 41 42 43 44 45 46 47 48 49 50 51 52 53 54 55 
57 63 62 61 59 
58 63 62 61 59 
59 63 62 61 1 2 3 4 5 6 7 8 9 10 11 12 13 14 15 16 17 18 19 20 21 22 23 24 25 26 27 28 29 30 31 32 33 34 35 36 37 38 39 40 41 42 43 44 45 46 47 48 49 50 51 52 53 54 55 56 57 58 
60 63 62 61 
61 63 62 1 2 3 4 5 6 7 8 9 10 11 12 13 14 15 16 17 18 19 20 21 22 23 24 25 26 27 28 29 30 31 32 33 34 35 36 37 38 39 40 41 42 43 44 45 46 47 48 49 50 51 52 53 54 55 56 57 58 59 60 
62 63 1 2 3 4 5 6 7 8 9 10 11 12 13 14 15 16 17 18 19 20 21 22 23 24 25 26 27 28 29 30 31 32 33 34 35 36 37 38 39 40 41 42 43 44 45 46 47 48 49 50 51 52 53 54 55 56 57 58 59 60 61 
63 1 2 3 4 5 6 7 8 9 10 11 12 13 14 15 16 17 18 19 20 21 22 23 24 25 26 27 28 29 30 31 32 33 34 35 36 37 38 39 40 41 42 43 44 45 46 47 48 49 50 51 52 53 54 55 56 57 58 59 60 61 62 
