38
36 36 35 35 34 34 33 32 32 31 31 29 29 29 29 28 28 27 27 26 25 25 24 23 22 20 17 16 16 15 14 12 12 12 11 3 2 2 
1 38 36 35 34 33 32 31 30 29 28 27 26 25 24 23 22 21 20 19 18 17 16 15 14 13 12 11 10 9 8 7 6 5 4 3 2 
2 37 36 35 34 33 32 31 30 29 28 27 26 25 24 23 22 21 20 19 18 17 16 15 14 13 12 11 10 9 8 7 6 5 4 3 1 
3 36 35 34 33 32 31 30 29 28 27 26 25 24 23 22 21 20 19 18 17 16 15 14 13 12 11 10 9 8 7 6 5 4 1 2 
4 37 35 34 33 32 31 30 29 28 27 26 25 24 23 22 21 20 19 18 17 16 15 14 13 12 11 10 9 8 7 6 5 1 2 3 
5 35 34 33 32 31 30 29 28 27 26 25 24 23 22 21 20 19 18 17 16 15 14 13 12 11 10 9 8 7 6 2 4 3 1 
6 35 34 33 32 31 30 29 28 27 26 25 24 23 22 21 20 19 18 17 16 15 14 13 12 11 10 9 8 7 2 3 1 5 4 
7 34 33 32 31 30 29 28 27 26 25 24 23 22 21 20 19 18 17 16 15 14 13 12 11 10 9 8 5 6 2 4 1 3 
8 35 32 32 30 29 28 27 26 25 24 23 22 21 20 19 18 17 16 15 14 13 12 11 10 9 5 3 4 7 1 2 6 
9 33 32 31 30 29 28 27 26 25 24 23 22 21 20 19 18 17 16 15 14 13 12 11 10 6 2 1 7 5 3 4 8 
10 35 33 30 29 28 27 26 25 24 23 22 21 20 19 18 17 16 15 14 13 12 11 4 3 7 9 6 2 8 1 5 
11 34 31 30 29 28 27 26 25 24 23 22 21 20 19 18 17 16 15 14 13 12 9 8 10 5 2 1 3 4 7 6 
12 31 29 28 27 26 25 24 23 22 21 20 19 18 17 16 15 14 13 10 6 11 3 2 5 8 1 7 9 4 
13 30 29 28 28 27 25 24 23 22 21 20 19 18 17 16 15 14 8 11 2 4 5 10 12 1 9 6 3 7 
14 30 29 28 27 26 25 24 23 22 21 20 19 18 17 16 15 4 8 3 6 5 9 2 1 13 11 12 7 10 
15 33 33 29 27 26 25 24 23 22 21 20 19 18 17 16 7 11 13 12 3 10 6 9 1 2 8 4 14 5 
16 33 31 31 31 31 30 25 22 21 20 19 18 17 9 4 13 15 7 11 8 12 10 6 5 2 1 14 3 
17 32 28 27 26 25 24 23 22 21 20 19 18 11 16 9 1 4 14 15 10 7 3 13 5 8 12 6 2 
18 34 32 26 25 24 23 22 21 20 19 2 5 4 16 3 8 14 9 1 10 15 6 17 12 13 11 7 
19 30 27 26 25 24 23 22 21 20 1 13 18 3 2 8 7 11 5 4 10 14 9 15 16 6 12 17 
20 34 26 25 24 23 22 21 19 14 9 4 17 13 1 16 8 6 15 7 5 12 2 11 3 10 18 
21 26 25 24 23 22 1 9 16 19 20 4 18 15 3 12 17 2 13 6 8 7 11 10 14 5 
22 26 25 24 23 6 13 4 10 11 9 21 14 20 17 8 3 15 18 2 16 7 19 1 5 12 
23 35 35 34 21 12 13 10 6 3 1 4 11 8 5 15 2 20 14 22 7 18 17 19 9 
24 38 35 18 5 20 19 15 6 4 7 22 9 8 2 13 11 10 14 12 17 1 3 21 
25 19 22 16 12 18 9 20 7 5 14 2 4 15 8 17 21 1 13 6 3 11 10 
26 11 9 14 12 4 10 17 18 19 21 20 5 3 7 15 2 6 8 22 1 
27 15 13 6 14 3 11 19 5 17 12 1 7 8 4 9 2 10 
28 3 4 9 13 17 13 6 5 8 2 11 14 1 7 10 12 
29 34 5 15 1 8 11 10 7 12 2 13 6 14 3 4 9 
30 19 16 5 14 8 9 3 2 11 10 6 4 7 13 1 
31 16 7 16 9 12 16 16 5 2 6 4 1 11 3 
32 8 1 7 8 4 18 17 9 5 6 2 3 
33 9 10 1 15 16 15 3 5 4 7 2 6 
34 23 20 11 18 5 29 4 2 3 6 7 1 
35 8 10 23 24 23 3 4 2 5 1 6 
36 3 2 1 
37 4 2 
38 1 24 
