36
32 32 32 32 30 29 27 26 24 23 23 22 22 21 20 19 19 17 16 16 16 15 15 15 14 13 13 12 10 9 9 9 7 3 2 2 
1 23 9 28 3 14 6 6 23 1 1 16 3 4 3 21 8 31 23 28 7 10 21 16 30 4 3 13 21 3 25 12 9 
2 13 29 19 16 21 14 16 31 22 3 13 19 32 25 4 15 32 17 4 11 8 10 7 9 22 4 4 4 4 5 7 4 
3 1 13 20 23 15 5 5 14 15 24 2 11 15 1 4 20 16 1 15 18 32 7 26 7 13 3 3 21 1 29 1 26 
4 27 23 9 9 11 30 10 3 1 2 19 4 4 2 18 2 13 2 2 1 2 13 10 22 12 8 7 17 2 4 4 27 
5 18 24 18 20 3 3 19 14 18 6 28 5 5 16 27 32 19 8 13 11 8 29 21 5 5 13 2 22 28 9 
6 19 35 7 1 28 1 9 32 5 23 15 18 23 25 14 25 28 24 12 22 25 8 26 18 24 30 33 31 7 
7 28 6 21 13 12 23 13 15 12 9 23 15 8 9 29 3 3 2 18 1 9 28 15 6 4 2 23 
8 22 21 8 8 20 13 27 11 28 25 10 31 17 5 20 19 7 5 14 1 27 6 2 12 33 4 
9 1 10 4 4 15 20 25 6 7 30 24 17 7 10 14 27 15 2 7 10 15 27 5 1 
10 14 12 9 29 31 4 24 33 12 22 17 8 16 15 22 22 17 9 2 1 12 4 9 
11 26 36 4 11 11 20 22 21 8 27 16 3 13 5 18 18 29 11 11 2 17 29 12 
12 10 18 7 10 7 24 6 30 25 24 14 14 26 12 12 25 10 8 4 11 26 1 
13 2 3 7 8 31 7 14 2 16 11 5 24 32 19 16 30 3 4 5 4 1 20 
14 10 1 22 2 3 5 13 6 21 18 8 22 20 26 9 12 12 17 32 17 19 
15 21 3 9 16 3 16 6 7 3 10 7 3 2 24 23 9 23 7 9 20 
16 21 2 15 2 1 15 11 31 5 13 10 30 3 25 20 26 13 1 30 
17 24 17 17 10 32 8 19 9 10 2 11 21 14 26 29 29 4 14 22 
18 5 5 12 5 6 11 11 14 19 3 6 20 4 20 7 18 18 
19 6 2 5 20 2 5 17 8 27 24 13 18 4 21 34 14 
20 3 5 8 11 9 19 8 3 22 14 16 18 26 18 13 15 
21 15 8 16 7 11 2 34 27 14 1 19 5 17 1 3 1 
22 8 14 11 2 10 28 20 10 10 14 6 2 5 4 17 
23 1 4 3 1 31 7 6 6 7 26 15 1 26 15 7 
24 5 17 10 3 12 6 9 13 19 27 15 25 12 6 33 
25 36 9 32 8 6 6 12 2 16 24 6 12 33 1 
26 11 33 23 14 6 20 23 12 16 3 17 12 3 
27 4 34 8 11 21 35 5 19 24 8 9 9 4 
28 7 1 6 29 8 5 22 6 30 1 7 5 
29 2 10 28 11 5 7 17 3 11 17 
30 4 9 16 12 28 6 13 1 16 
31 10 13 23 2 16 8 1 33 6 
32 6 25 17 5 2 13 2 3 14 
33 10 26 31 6 25 8 24 
34 27 21 19 
35 6 27 
36 11 25 
