69
68 66 64 64 63 62 61 60 60 60 59 59 58 58 58 56 56 55 55 53 53 51 51 49 47 47 46 46 46 45 44 44 43 41 38 38 37 37 37 37 37 36 35 35 35 35 34 28 27 26 25 24 24 21 18 17 16 16 14 10 9 8 8 6 5 4 3 1 1 
1 6 15 3 3 32 25 25 18 38 6 16 19 34 23 56 35 12 43 20 60 1 1 15 4 6 24 23 8 32 36 49 68 3 23 24 9 19 18 23 12 61 32 40 23 40 5 14 7 49 5 36 42 13 29 60 40 55 6 26 52 48 45 28 13 26 3 44 8 
2 25 55 9 36 34 4 17 17 38 20 54 9 38 21 4 14 35 19 47 17 36 8 15 15 6 31 13 22 37 31 26 47 4 34 4 29 42 31 34 26 26 17 4 20 49 20 2 2 18 36 27 9 8 30 36 26 50 23 13 27 18 43 44 49 46 49 
3 1 1 4 12 22 65 4 8 4 43 59 14 4 22 7 40 10 41 28 10 18 29 28 10 41 1 6 13 16 30 18 4 61 17 18 14 33 45 19 16 66 11 24 25 28 36 31 9 33 47 13 32 5 15 4 8 18 1 8 9 46 7 14 16 
4 3 11 2 36 11 3 21 40 31 3 14 46 5 2 39 1 28 4 4 3 22 36 51 52 4 4 20 28 41 20 2 3 48 2 57 53 31 26 67 47 31 27 2 48 50 13 47 55 16 12 34 25 43 23 21 22 48 3 8 8 41 8 20 45 
5 33 29 50 27 54 26 25 32 32 39 14 25 36 18 4 58 21 33 46 42 8 50 49 19 23 7 16 10 13 23 15 56 31 11 17 24 8 38 9 14 46 11 44 37 1 25 29 24 8 44 10 1 38 41 18 13 30 3 42 32 43 58 49 
6 26 47 1 54 1 54 18 28 42 57 13 23 20 25 16 28 1 57 21 27 31 51 2 7 12 45 39 3 59 8 11 38 52 28 37 12 23 14 66 15 15 63 10 10 7 9 29 28 18 1 13 41 37 53 17 26 54 23 23 13 29 37 
7 36 43 46 10 55 39 37 38 32 47 10 36 31 35 35 3 41 61 43 12 13 35 42 47 12 5 25 14 45 6 16 40 33 15 47 17 18 8 18 17 24 8 1 16 6 19 47 48 28 38 43 48 22 24 7 7 17 24 3 17 38 
8 55 35 10 10 49 24 3 55 22 33 47 10 27 2 5 1 52 46 25 47 31 34 32 26 6 9 30 14 5 21 21 29 7 8 8 14 44 19 45 5 18 27 7 42 2 47 38 22 42 24 56 55 3 4 9 3 4 4 9 1 
9 32 39 18 51 34 17 2 43 47 54 22 33 11 43 51 13 2 50 50 15 29 21 9 9 17 13 27 13 23 20 45 15 1 8 27 12 47 47 43 5 54 51 39 37 22 66 27 2 30 28 6 3 35 11 36 8 3 25 8 18 
10 34 8 10 10 16 8 61 7 29 30 21 47 21 11 26 7 38 11 50 8 18 28 35 33 3 12 51 21 3 5 3 39 13 10 10 29 32 15 11 19 24 41 57 12 27 12 6 5 6 48 23 23 27 38 45 33 54 56 33 19 
11 63 36 4 12 34 44 23 27 9 41 42 12 28 4 10 17 10 55 40 57 30 37 57 51 24 23 38 19 33 49 14 53 27 6 25 5 21 18 31 16 10 27 5 32 15 13 3 23 58 16 41 23 12 9 24 53 60 24 58 
12 3 11 38 42 25 50 37 31 11 35 29 27 1 53 40 13 37 34 15 22 7 10 20 7 28 43 56 61 6 17 15 23 52 35 9 23 45 1 52 13 6 29 10 26 50 10 45 45 15 4 23 11 31 22 27 46 25 38 32 
13 21 14 55 59 21 42 31 16 34 44 6 9 52 12 18 35 38 37 7 24 48 16 20 23 2 32 9 5 47 21 15 14 3 9 10 19 38 12 33 33 11 27 14 4 1 5 34 32 56 54 6 3 2 1 43 6 13 13 
14 13 40 64 44 56 22 56 40 24 5 47 4 25 2 37 3 21 32 26 58 53 29 34 7 60 47 16 18 11 13 39 37 28 19 39 45 8 3 61 30 5 50 31 8 6 19 13 1 15 15 36 18 20 23 62 52 3 15 
15 31 1 18 63 29 19 23 35 24 47 36 17 50 19 9 1 45 63 26 21 12 29 20 25 2 2 22 12 5 13 37 51 9 47 20 7 10 27 54 11 44 6 6 16 57 40 14 14 12 22 55 20 29 34 3 17 14 19 
16 10 53 30 45 13 42 50 1 19 26 45 19 19 18 38 6 35 22 52 65 53 52 30 40 42 13 21 5 24 14 7 49 3 11 43 23 32 44 29 26 3 39 46 15 53 7 4 11 26 52 17 31 44 39 3 31 
17 52 24 9 22 20 36 42 2 2 31 15 11 65 29 42 2 28 21 17 17 25 20 39 34 9 50 55 12 22 5 7 3 20 46 36 33 24 32 18 2 7 27 46 28 42 20 59 16 25 6 32 23 45 7 15 7 
18 26 59 15 9 32 1 35 6 53 33 5 16 13 32 54 10 28 25 39 42 26 51 21 29 20 3 36 24 27 14 21 3 11 1 7 3 58 7 46 32 59 17 8 2 46 14 5 6 25 22 31 3 2 41 9 
19 38 61 41 21 15 25 57 1 16 44 16 16 33 56 15 28 2 31 45 30 31 29 5 22 46 53 11 25 35 53 31 29 14 1 13 46 46 10 3 14 8 20 33 27 39 42 33 7 50 45 41 22 46 10 15 
20 37 22 30 17 35 37 2 37 48 52 1 41 6 22 51 27 45 25 21 53 15 12 17 13 18 36 4 9 4 66 15 17 56 32 22 54 38 63 51 22 23 19 62 2 2 15 17 14 53 22 41 54 4 
21 13 21 21 42 60 64 13 19 26 28 34 34 10 33 34 10 54 4 27 44 23 2 5 14 9 6 15 17 20 18 33 10 16 13 49 18 47 11 8 8 36 55 53 41 23 26 4 58 33 63 42 21 21 
22 41 28 20 3 14 40 28 17 48 9 43 44 20 8 49 16 52 3 12 46 4 19 50 28 31 15 40 2 17 35 20 20 35 9 26 35 36 44 34 15 60 8 32 43 18 12 4 7 20 19 44 
23 44 27 11 15 1 6 56 21 48 1 26 5 11 13 42 35 5 12 1 9 12 1 48 16 1 6 20 29 62 29 36 11 47 10 10 11 21 12 2 39 27 14 4 51 35 46 27 17 6 6 33 
24 43 58 31 17 39 14 62 8 15 30 46 31 54 1 25 62 27 25 51 35 13 11 18 16 1 37 27 26 39 5 33 51 27 17 10 42 5 7 3 26 34 48 8 44 11 11 50 7 7 
25 26 30 1 2 1 28 5 41 30 12 19 60 5 14 6 37 18 53 24 20 32 24 8 17 15 37 7 19 44 44 11 61 36 42 37 40 5 3 30 4 18 17 38 36 9 12 38 
26 6 18 25 43 65 5 21 31 53 53 35 16 10 48 15 36 18 14 45 45 23 8 2 41 24 29 44 4 43 34 16 2 2 12 35 40 22 34 16 27 24 2 21 1 37 6 1 
27 5 40 23 54 11 30 40 21 12 46 20 8 27 27 48 24 6 40 18 9 11 24 9 11 15 24 13 4 42 17 10 9 50 19 8 2 28 10 51 26 23 2 30 23 12 39 
28 22 25 22 21 6 11 40 43 45 19 10 4 6 18 37 17 3 12 32 22 37 3 4 14 33 39 29 28 28 56 34 32 6 40 51 3 17 9 51 27 6 39 7 1 32 49 
29 40 5 32 15 10 30 12 34 40 17 49 9 30 33 15 19 58 18 40 14 3 39 19 32 28 10 26 2 8 58 16 29 29 12 5 23 23 37 34 35 1 6 43 15 32 6 
30 35 25 45 20 25 16 29 37 10 55 52 27 55 33 49 24 51 29 11 37 19 16 45 3 8 34 14 40 41 46 39 59 33 9 2 25 63 46 5 27 34 50 47 42 32 
31 15 56 24 38 13 26 12 17 4 37 7 24 37 19 19 35 8 6 2 22 51 19 2 48 62 5 11 4 39 14 48 2 4 38 48 3 57 12 48 16 18 32 45 16 
32 58 9 53 1 18 52 29 5 5 7 18 14 25 33 1 28 38 58 8 13 29 28 45 1 10 34 20 11 18 16 17 34 33 34 22 13 3 17 5 29 31 12 28 30 
33 5 21 9 44 30 50 19 18 8 49 54 46 5 10 29 32 21 11 49 7 47 56 28 24 3 39 17 13 13 41 19 30 32 19 37 3 51 10 21 10 44 58 23 
34 10 9 42 11 41 21 21 13 46 21 1 2 29 58 49 41 67 12 58 14 8 17 2 28 30 32 26 2 32 46 32 29 26 22 36 4 24 13 15 49 30 
35 30 8 18 20 12 15 26 1 58 13 2 16 10 7 7 7 24 31 36 23 19 63 47 45 22 12 35 35 22 26 42 22 50 29 44 9 23 40 
36 41 7 11 46 2 38 17 44 4 15 5 7 57 2 26 44 1 4 18 20 41 35 43 50 25 21 17 23 2 3 22 1 2 14 34 59 25 9 
37 20 30 7 12 43 52 20 20 31 12 14 31 25 28 11 30 13 25 28 48 15 2 14 24 6 5 25 9 43 29 33 38 26 42 6 41 6 
38 19 31 12 1 46 7 36 55 44 2 10 2 16 13 32 41 11 6 41 57 5 13 46 20 31 40 59 8 10 37 5 7 25 52 12 7 25 
39 9 53 50 42 7 5 24 56 47 42 4 18 17 29 6 14 10 28 14 24 33 51 31 9 30 16 55 19 69 28 53 23 40 64 54 16 27 
40 14 29 27 22 14 27 4 29 28 12 52 11 51 59 16 3 29 27 44 7 22 28 30 1 1 25 56 38 26 15 54 1 59 39 35 45 52 
41 22 36 19 25 34 11 43 20 34 7 3 38 36 49 3 4 26 42 50 38 48 50 30 10 33 21 5 11 6 49 46 45 19 20 4 18 37 
42 59 52 21 34 13 12 39 16 17 11 6 39 17 5 18 52 16 7 23 54 41 2 24 25 27 35 8 19 1 17 8 43 37 5 21 30 
43 24 7 26 47 57 9 9 37 22 41 1 64 3 28 7 50 49 12 36 9 49 16 26 46 37 48 29 22 4 42 7 45 2 13 5 
44 14 23 11 57 33 13 19 36 38 21 22 57 51 50 36 40 52 25 25 26 16 5 8 15 53 5 22 35 24 16 33 1 45 2 22 
45 30 16 65 16 28 20 15 19 26 26 7 64 30 6 9 35 14 12 32 3 8 57 12 53 12 10 1 19 41 43 17 31 44 40 4 
46 7 36 38 34 59 4 48 27 24 46 46 33 5 8 22 19 17 5 18 19 38 19 30 43 16 17 34 18 30 23 41 3 12 19 2 
47 6 43 9 10 7 15 14 39 8 2 48 8 7 54 14 62 13 35 33 2 15 21 9 9 7 4 4 23 8 7 3 49 48 30 
48 60 51 22 20 55 26 46 23 47 27 13 37 31 4 23 41 31 4 31 10 43 7 1 24 7 47 31 4 
49 60 8 34 30 29 22 33 5 43 41 33 11 1 16 21 43 49 49 2 1 47 41 34 2 5 28 2 
50 5 39 16 12 33 15 9 9 10 5 44 43 22 17 41 36 14 41 12 27 4 35 2 19 30 24 
51 9 48 9 20 30 44 40 18 11 24 10 4 6 31 15 61 24 9 39 20 28 28 27 33 23 
52 42 17 32 30 37 13 20 40 22 16 8 16 42 44 4 12 6 12 16 1 57 14 38 40 
53 32 39 16 26 26 18 12 25 16 14 20 19 19 11 4 44 21 16 45 39 6 20 11 59 
54 6 5 27 9 6 21 2 18 33 24 47 42 9 15 20 40 39 13 10 6 20 
55 8 13 2 7 30 38 30 8 48 11 17 64 21 39 4 15 1 8 
56 31 14 14 39 1 23 19 12 33 5 28 20 60 40 13 10 8 
57 43 44 19 6 44 36 6 11 11 38 4 10 45 15 31 52 
58 32 24 34 35 5 34 14 29 32 18 29 11 21 33 11 5 
59 42 18 13 46 3 40 6 18 30 38 40 36 17 53 
60 48 21 49 25 1 14 56 1 22 11 
61 19 10 7 12 25 3 1 14 51 
62 24 24 47 31 20 23 14 67 
63 11 15 15 35 20 6 30 21 
64 14 21 43 45 55 39 
65 26 45 3 17 16 
66 20 6 9 3 
67 34 4 62 
68 1 
69 39 
