41
38 37 36 35 33 33 32 31 30 30 30 27 25 25 25 24 24 24 23 23 23 22 21 21 19 18 16 15 15 14 13 12 11 11 10 9 8 8 6 5 2 0 0 
1 5 34 9 26 10 40 20 11 6 7 7 10 35 5 8 9 16 33 39 4 33 4 17 20 11 13 8 6 30 1 1 19 8 16 34 6 18 35 
2 3 23 15 15 37 6 11 21 40 18 11 10 10 22 14 8 37 9 29 11 38 3 22 30 25 30 30 20 5 6 5 29 28 23 6 24 11 
3 2 16 25 8 7 15 29 13 25 6 28 4 10 19 12 19 17 6 25 29 2 13 35 11 16 23 14 23 4 4 26 11 10 16 13 10 
4 5 12 18 36 14 24 7 22 19 4 4 1 3 22 18 21 19 5 1 5 31 15 18 6 3 5 3 23 21 5 5 26 12 6 19 
5 1 4 29 5 5 25 39 22 1 21 11 36 13 4 4 18 6 15 34 16 2 2 4 22 10 10 26 4 37 4 6 17 6 
6 20 8 32 2 9 12 15 29 14 1 3 8 3 15 7 1 27 32 5 13 2 4 20 11 16 26 2 11 1 5 4 14 5 
7 9 8 38 21 7 7 35 8 3 31 27 4 1 1 7 7 13 17 14 36 24 22 22 6 22 11 19 16 33 22 12 15 
8 24 23 7 14 6 3 14 7 18 35 15 19 1 9 27 24 19 15 2 11 6 31 1 17 10 1 20 11 24 14 17 
9 1 7 32 17 11 6 17 14 8 1 15 28 28 30 20 2 23 31 38 24 22 24 17 17 10 27 31 12 16 29 
10 34 1 37 32 30 10 10 39 22 29 1 2 2 23 16 12 27 3 35 31 8 27 9 12 5 5 26 3 28 3 
11 23 38 23 27 9 2 1 22 32 2 5 8 18 2 1 3 7 32 18 20 15 30 14 25 6 17 6 2 3 8 
12 4 34 13 21 38 15 6 13 31 10 40 31 34 28 14 3 17 13 37 13 10 9 13 7 25 4 41 
13 29 24 16 12 14 18 17 12 18 13 13 7 22 3 5 1 3 15 31 12 12 6 12 3 36 
14 25 26 21 21 8 23 8 4 13 9 28 6 2 18 17 7 12 18 26 3 11 16 36 8 6 
15 2 2 33 27 15 15 12 3 6 38 23 8 9 8 25 22 6 13 29 4 11 5 17 18 7 
16 3 33 18 13 10 1 21 39 34 33 30 3 19 32 7 5 14 22 6 9 20 1 20 3 
17 20 9 31 38 13 9 34 19 28 7 33 14 20 3 1 8 12 22 9 9 11 5 15 8 
18 4 16 35 34 8 13 2 13 25 14 34 24 20 14 4 11 5 11 31 4 23 26 1 15 
19 36 35 26 24 21 8 17 4 8 39 3 4 3 33 26 7 16 23 20 1 30 24 4 
20 6 20 20 28 17 27 1 36 24 21 17 9 18 35 1 11 25 19 2 6 16 8 16 
21 14 7 29 14 12 2 32 19 21 21 5 20 16 34 4 22 29 29 23 27 22 4 41 
22 32 10 5 4 11 2 13 4 15 7 7 21 7 2 37 23 9 17 16 7 5 21 
23 8 2 11 14 11 31 15 10 32 9 21 3 19 22 18 32 24 3 33 4 2 
24 8 26 13 27 4 27 19 20 8 30 18 37 27 7 9 9 23 2 28 8 19 
25 3 14 40 26 38 5 18 3 33 39 15 3 20 30 2 40 11 28 12 
26 1 24 14 36 25 19 19 14 27 18 30 6 26 26 5 3 10 4 
27 24 32 11 15 24 7 20 28 8 10 24 6 10 21 26 9 
28 30 20 14 27 28 28 17 9 9 3 12 25 2 24 10 
29 13 21 5 10 6 3 2 21 3 15 21 29 29 2 9 
30 31 28 10 9 24 16 2 25 2 2 11 1 26 19 
31 30 23 17 7 12 12 8 4 9 10 13 18 9 
32 10 9 22 27 6 21 11 23 11 6 16 23 
33 16 15 25 17 1 1 16 19 7 23 36 
34 1 10 12 18 17 12 21 18 16 5 1 
35 7 18 19 8 1 20 10 3 37 1 
36 19 4 26 20 5 7 14 33 13 
37 10 2 2 24 12 22 35 5 
38 7 11 12 17 25 15 2 9 
39 10 5 25 19 16 1 
40 25 1 2 12 25 
41 21 12 
