45
44 44 43 43 41 40 38 37 35 33 30 28 28 28 28 27 26 26 26 26 25 24 22 22 20 18 18 16 15 14 14 13 12 12 12 12 10 8 7 7 6 6 5 4 4 1 0 
1 45 44 42 41 38 36 33 31 28 25 21 18 17 16 15 13 11 10 9 8 6 4 2 2 2 2 2 2 2 2 2 2 
2 45 44 42 41 38 36 33 31 28 25 21 18 17 16 15 13 11 10 9 8 6 4 1 1 1 1 1 1 1 1 1 1 
3 45 44 42 41 38 36 33 31 28 25 21 18 17 16 15 13 11 10 9 8 6 4 
4 45 44 42 41 38 36 33 31 28 25 21 18 17 16 15 13 11 10 9 8 6 1 2 3 
5 45 44 42 41 38 36 33 31 28 25 21 18 17 16 15 13 11 10 9 8 6 
6 45 44 42 41 38 36 33 31 28 25 21 18 17 16 15 13 11 10 9 8 1 2 3 4 5 
7 45 44 42 41 38 36 33 31 28 25 21 18 17 16 15 13 11 10 9 8 
8 45 44 42 41 38 36 33 31 28 25 21 18 17 16 15 13 11 10 9 1 2 3 4 5 6 7 
9 45 44 42 41 38 36 33 31 28 25 21 18 17 16 15 13 11 10 1 2 3 4 5 6 7 8 
10 45 44 42 41 38 36 33 31 28 25 21 18 17 16 15 13 11 1 2 3 4 5 6 7 8 9 
11 45 44 42 41 38 36 33 31 28 25 21 18 17 16 15 13 1 2 3 4 5 6 7 8 9 10 
12 45 44 42 41 38 36 33 31 28 25 21 18 17 16 15 13 
13 45 44 42 41 38 36 33 31 28 25 21 18 17 16 15 1 2 3 4 5 6 7 8 9 10 11 12 
14 45 44 42 41 38 36 33 31 28 25 21 18 17 16 15 
15 45 44 42 41 38 36 33 31 28 25 21 18 17 16 1 2 3 4 5 6 7 8 9 10 11 12 13 14 
16 45 44 42 41 38 36 33 31 28 25 21 18 17 1 2 3 4 5 6 7 8 9 10 11 12 13 14 15 
17 45 44 42 41 38 36 33 31 28 25 21 18 1 2 3 4 5 6 7 8 9 10 11 12 13 14 15 16 
18 45 44 42 41 38 36 33 31 28 25 21 1 2 3 4 5 6 7 8 9 10 11 12 13 14 15 16 17 
19 45 44 42 41 38 36 33 31 28 25 21 
20 45 44 42 41 38 36 33 31 28 25 21 
21 45 44 42 41 38 36 33 31 28 25 1 2 3 4 5 6 7 8 9 10 11 12 13 14 15 16 17 18 19 20 
22 45 44 42 41 38 36 33 31 28 25 
23 45 44 42 41 38 36 33 31 28 25 
24 45 44 42 41 38 36 33 31 28 25 
25 45 44 42 41 38 36 33 31 28 1 2 3 4 5 6 7 8 9 10 11 12 13 14 15 16 17 18 19 20 21 22 23 24 
26 45 44 42 41 38 36 33 31 28 
27 45 44 42 41 38 36 33 31 28 
28 45 44 42 41 38 36 33 31 1 2 3 4 5 6 7 8 9 10 11 12 13 14 15 16 17 18 19 20 21 22 23 24 25 26 27 
29 45 44 42 41 38 36 33 31 
30 45 44 42 41 38 36 33 31 
31 45 44 42 41 38 36 33 1 2 3 4 5 6 7 8 9 10 11 12 13 14 15 16 17 18 19 20 21 22 23 24 25 26 27 28 29 30 
32 45 44 42 41 38 36 33 
33 45 44 42 41 38 36 1 2 3 4 5 6 7 8 9 10 11 12 13 14 15 16 17 18 19 20 21 22 23 24 25 26 27 28 29 30 31 32 
34 45 44 42 41 38 36 
35 45 44 42 41 38 36 
36 45 44 42 41 38 1 2 3 4 5 6 7 8 9 10 11 12 13 14 15 16 17 18 19 20 21 22 23 24 25 26 27 28 29 30 31 32 33 34 35 
37 45 44 42 41 38 
38 45 44 42 41 1 2 3 4 5 6 7 8 9 10 11 12 13 14 15 16 17 18 19 20 21 22 23 24 25 26 27 28 29 30 31 32 33 34 35 36 37 
39 45 44 42 41 
40 45 44 42 41 
41 45 44 42 1 2 3 4 5 6 7 8 9 10 11 12 13 14 15 16 17 18 19 20 21 22 23 24 25 26 27 28 29 30 31 32 33 34 35 36 37 38 39 40 
42 45 44 1 2 3 4 5 6 7 8 9 10 11 12 13 14 15 16 17 18 19 20 21 22 23 24 25 26 27 28 29 30 31 32 33 34 35 36 37 38 39 40 41 
43 45 44 
44 45 1 2 3 4 5 6 7 8 9 10 11 12 13 14 15 16 17 18 19 20 21 22 23 24 25 26 27 28 29 30 31 32 33 34 35 36 37 38 39 40 41 42 43 
45 1 2 3 4 5 6 7 8 9 10 11 12 13 14 15 16 17 18 19 20 21 22 23 24 25 26 27 28 29 30 31 32 33 34 35 36 37 38 39 40 41 42 43 44 
