25
22 21 19 18 18 16 16 14 14 13 13 12 11 11 10 10 9 8 8 7 7 6 4 3 2 
1 6 14 19 6 22 6 4 16 16 9 5 18 17 16 2 14 12 15 20 11 6 21 
2 16 2 2 21 3 13 13 10 11 4 1 10 3 10 10 14 10 16 11 14 22 
3 6 18 10 14 12 8 18 2 9 9 11 14 2 14 15 8 25 21 17 
4 18 4 4 7 16 1 5 13 2 10 21 4 4 13 18 8 16 7 
5 6 13 15 6 4 1 19 17 9 8 22 9 15 17 12 24 6 8 
6 5 3 1 1 1 5 22 7 16 9 11 18 10 1 12 5 
7 10 4 13 23 6 11 14 8 8 7 7 22 17 13 4 9 
8 3 11 15 25 7 15 7 9 5 3 4 24 20 5 
9 21 3 1 3 6 5 9 9 8 12 5 23 14 7 
10 7 3 17 11 2 4 2 2 15 2 2 11 6 
11 10 2 8 19 3 7 6 24 20 10 2 14 1 
12 13 13 19 3 21 1 16 9 5 12 12 6 
13 5 12 7 12 20 2 2 4 18 7 4 
14 1 3 18 7 3 1 3 2 2 11 9 
15 20 5 8 15 15 8 10 1 3 5 
16 2 19 4 1 1 1 6 12 2 4 
17 19 10 1 5 22 7 19 5 3 
18 4 3 3 14 1 13 6 4 
19 17 1 12 16 5 23 11 17 
20 15 23 13 21 1 11 8 
21 2 9 12 20 4 3 1 
22 1 6 17 7 5 2 
23 20 7 19 9 
24 11 8 5 
25 8 3 
