60
59 57 56 54 53 52 51 51 49 49 47 46 46 45 45 44 44 43 41 40 39 38 38 38 37 37 37 36 35 35 27 26 25 25 25 25 24 24 23 23 23 22 22 22 22 22 21 18 18 18 16 15 15 14 14 12 11 7 4 3 
1 8 23 2 11 52 16 40 31 33 40 7 5 29 30 17 16 18 22 19 3 15 10 1 1 10 15 8 12 44 25 2 24 44 27 5 46 11 58 3 5 29 6 50 48 19 31 35 28 4 24 15 2 15 25 7 22 7 15 18 
2 1 10 12 3 44 14 9 27 17 60 9 33 9 30 19 13 27 4 10 2 2 17 22 10 10 1 38 54 28 59 45 37 46 33 32 2 2 2 2 2 2 34 16 5 9 1 50 15 35 30 7 7 30 25 21 23 29 
3 50 35 14 47 2 42 4 41 8 44 33 22 38 43 1 51 23 31 34 32 36 28 35 16 26 7 51 42 11 22 1 28 8 51 36 14 16 31 34 27 45 19 16 9 27 16 22 15 5 57 38 34 25 31 13 14 
4 24 5 9 40 32 15 4 4 8 18 8 3 21 10 4 4 20 18 34 2 7 15 5 24 11 12 33 41 30 8 6 23 22 57 18 23 13 14 27 15 16 20 45 1 16 18 34 23 30 6 33 48 45 46 
5 4 18 40 27 9 47 1 47 26 38 41 31 23 38 22 55 49 5 5 10 4 46 50 20 41 29 40 41 1 6 9 1 18 26 36 45 28 2 21 26 23 11 17 7 55 16 3 44 7 13 10 14 54 
6 12 12 49 11 52 27 38 18 23 35 53 7 12 45 8 22 4 39 5 34 52 38 10 42 54 8 1 28 13 54 15 6 6 12 10 22 27 11 21 4 19 45 27 31 12 27 31 12 24 21 41 20 
7 30 52 57 12 1 10 23 6 24 4 56 12 17 29 30 24 17 9 32 14 8 3 35 34 41 36 41 8 48 35 52 10 50 24 37 2 42 1 2 13 27 5 34 23 1 22 9 16 19 5 9 
8 1 19 9 4 4 23 3 25 19 32 55 28 29 33 1 6 22 46 15 4 18 10 9 7 43 29 49 35 6 21 3 35 7 20 16 16 38 21 29 25 26 16 32 12 34 43 30 45 20 19 13 
9 48 12 50 4 8 20 24 22 2 5 2 33 2 23 45 12 12 37 32 42 30 13 40 29 29 11 16 36 44 7 10 8 14 5 33 27 25 24 2 3 9 9 7 39 20 21 27 22 7 
10 2 30 52 57 16 4 16 20 12 32 7 25 20 20 54 12 14 17 15 41 56 14 27 1 5 1 2 19 26 2 8 9 2 6 23 34 40 6 7 23 26 14 35 38 18 25 42 45 5 
11 51 52 6 1 36 37 28 17 46 16 32 21 17 17 31 18 42 17 55 20 9 49 33 4 23 20 1 3 12 17 17 18 51 14 28 18 30 23 27 22 48 6 32 5 21 43 37 
12 6 9 2 6 7 10 44 10 9 9 19 7 14 35 6 14 25 43 1 4 34 41 14 13 16 11 49 13 14 29 48 6 39 14 44 30 8 15 33 19 6 49 6 48 38 27 
13 15 18 17 44 37 16 26 29 2 57 9 21 50 29 22 16 27 28 28 34 52 12 44 26 4 20 23 6 12 27 49 14 33 52 43 42 31 28 7 42 18 32 5 14 8 3 
14 3 29 34 2 26 47 18 26 14 14 10 26 12 10 12 24 7 24 26 12 34 9 32 21 30 25 4 3 11 12 13 25 17 12 54 10 22 17 28 37 41 13 5 34 3 
15 25 13 30 4 19 43 29 24 15 15 44 23 10 47 1 4 28 1 8 18 17 39 33 50 26 23 19 4 6 29 45 36 26 1 1 40 2 12 3 22 24 29 1 29 58 
16 22 30 30 1 10 13 10 11 34 20 37 16 16 24 1 48 41 9 28 13 3 12 20 4 8 8 3 2 4 20 8 3 30 56 3 19 42 5 37 46 34 7 42 25 
17 37 17 17 13 11 56 30 2 26 19 17 17 26 1 34 10 39 11 11 19 7 11 7 2 19 39 15 19 54 47 25 28 11 11 33 24 33 14 40 37 18 5 14 52 
18 31 5 30 13 4 6 14 28 4 30 1 11 55 49 60 21 15 32 29 8 46 36 50 4 5 11 32 51 19 11 4 55 25 55 48 21 17 26 10 13 51 40 1 
19 29 8 33 15 17 24 8 2 12 17 1 22 17 10 17 30 15 23 1 35 18 36 42 58 22 33 36 57 3 23 25 36 23 6 33 16 12 27 7 60 8 
20 36 9 43 56 10 40 10 10 16 43 26 4 50 53 47 11 31 42 24 5 11 47 16 13 8 54 4 47 28 16 51 24 25 20 20 8 21 9 39 6 
21 33 36 50 31 34 44 4 41 55 11 13 40 58 21 21 18 44 30 48 53 26 14 8 43 24 39 5 8 22 39 18 6 20 2 24 11 9 6 26 
22 31 16 27 9 43 45 3 1 5 45 19 26 6 8 13 25 2 39 4 38 28 3 23 19 11 21 6 3 1 7 14 31 15 44 44 9 46 48 
23 51 1 8 15 7 6 9 5 41 31 3 11 4 23 23 4 10 23 23 43 13 15 46 19 22 29 11 4 24 19 10 44 19 5 7 2 33 29 
24 25 4 39 9 26 15 19 47 36 16 35 7 30 7 20 4 46 14 33 14 29 1 17 9 21 1 46 23 20 43 57 7 40 50 15 21 6 31 
25 24 39 15 35 27 29 27 8 10 31 47 49 12 22 29 59 1 53 49 17 14 9 27 14 45 8 18 29 46 19 20 51 1 2 10 3 16 
26 37 53 24 14 17 13 39 14 17 20 5 55 14 46 30 43 22 28 10 14 3 13 46 21 15 5 59 15 8 10 5 27 41 56 18 38 21 
27 25 6 5 22 45 25 2 41 2 46 10 27 27 30 13 1 29 28 9 43 4 39 25 47 13 3 11 32 6 3 26 7 6 6 19 9 12 
28 55 45 31 11 18 43 8 15 16 3 26 58 42 13 13 31 27 2 22 17 48 3 6 53 57 11 1 20 35 5 49 40 48 13 42 14 
29 19 14 25 15 55 13 1 43 9 9 7 13 8 18 25 5 24 29 29 27 8 1 47 38 15 12 23 50 8 25 15 15 45 2 23 
30 7 16 15 10 16 18 17 40 2 1 18 9 39 26 7 24 27 46 31 4 21 19 31 14 44 32 11 4 49 16 12 2 8 2 50 
31 22 18 28 21 1 41 52 5 25 11 39 37 23 20 3 30 28 41 30 1 3 13 22 6 6 3 24 
32 4 34 51 10 11 36 9 8 37 49 3 7 18 34 14 18 2 54 55 30 35 27 8 11 13 47 
33 21 19 1 9 2 3 43 8 11 24 4 53 15 9 2 17 17 46 13 19 42 4 19 12 23 
34 35 37 21 14 32 16 17 4 3 32 13 12 14 7 6 10 2 3 4 8 44 7 16 3 14 
35 34 3 25 6 35 35 24 12 49 3 48 7 8 8 41 19 1 32 28 7 55 2 42 10 39 
36 40 20 21 39 11 53 43 39 24 32 9 3 53 18 50 7 3 5 51 19 47 15 19 19 53 
37 26 34 56 17 11 13 39 16 9 32 53 38 31 37 37 40 38 2 17 41 7 16 14 11 
38 58 47 44 6 5 3 5 37 40 38 38 22 2 6 37 29 8 41 59 10 3 45 26 12 
39 25 36 24 37 26 36 17 30 31 57 17 22 6 15 45 27 12 21 48 21 9 35 20 
40 36 4 5 1 1 20 30 21 9 46 38 5 37 54 10 28 17 41 15 24 18 40 40 
41 3 31 57 21 5 27 10 16 23 5 4 5 31 12 7 7 35 38 40 37 26 14 6 
42 3 9 11 20 46 28 3 6 49 47 19 13 33 35 7 16 28 13 10 16 53 51 
43 56 51 56 36 20 15 22 20 33 28 29 3 26 12 8 27 23 21 13 24 8 11 
44 44 44 2 13 38 21 3 15 12 52 9 21 1 1 13 30 12 23 34 22 5 22 
45 28 27 22 9 22 6 2 39 4 49 49 15 5 3 25 56 6 8 4 38 10 29 
46 11 27 40 26 5 8 24 42 30 50 18 26 1 55 2 23 33 24 25 16 4 22 
47 3 38 14 5 24 5 25 15 20 48 17 20 52 29 27 42 50 36 20 54 32 
48 9 16 48 48 35 21 47 28 1 12 7 39 28 11 18 4 12 22 
49 6 18 25 5 35 32 11 8 25 12 42 13 45 45 50 28 30 12 
50 3 9 21 20 13 5 46 18 36 15 1 47 49 29 2 7 24 30 
51 11 23 43 32 3 3 54 3 11 18 36 20 25 53 18 42 
52 11 7 6 1 57 10 31 54 44 13 6 47 13 7 17 
53 26 36 6 20 56 37 33 36 25 21 28 58 51 36 42 
54 10 56 52 17 2 51 6 6 40 20 32 14 47 5 
55 28 29 21 26 8 18 5 11 46 32 18 18 35 5 
56 43 43 37 20 17 10 53 54 7 45 16 26 
57 52 7 10 41 13 39 4 28 19 24 3 
58 38 21 28 1 19 53 15 
59 25 2 26 38 
60 2 18 19 
