22
21 21 20 17 17 15 14 13 13 11 11 11 10 10 9 9 7 7 5 3 3 3 0 
1 22 21 19 15 14 11 9 7 6 3 3 3 2 2 2 2 
2 22 21 19 15 14 11 9 7 6 3 3 3 1 1 1 1 
3 22 21 19 15 14 11 9 7 6 1 2 1 2 1 2 
4 22 21 19 15 14 11 9 7 6 
5 22 21 19 15 14 11 9 7 6 
6 22 21 19 15 14 11 9 7 1 2 3 4 5 
7 22 21 19 15 14 11 9 1 2 3 4 5 6 
8 22 21 19 15 14 11 9 
9 22 21 19 15 14 11 1 2 3 4 5 6 7 8 
10 22 21 19 15 14 11 
11 22 21 19 15 14 1 2 3 4 5 6 7 8 9 10 
12 22 21 19 15 14 
13 22 21 19 15 14 
14 22 21 19 15 1 2 3 4 5 6 7 8 9 10 11 12 13 
15 22 21 19 1 2 3 4 5 6 7 8 9 10 11 12 13 14 
16 22 21 19 
17 22 21 19 
18 22 21 19 
19 22 21 1 2 3 4 5 6 7 8 9 10 11 12 13 14 15 16 17 18 
20 22 21 
21 22 1 2 3 4 5 6 7 8 9 10 11 12 13 14 15 16 17 18 19 20 
22 1 2 3 4 5 6 7 8 9 10 11 12 13 14 15 16 17 18 19 20 21 
