72
71 70 69 69 65 65 64 62 60 59 57 57 56 54 53 52 50 50 49 47 46 45 44 44 43 42 41 41 40 39 37 37 37 34 34 32 31 30 29 28 26 26 25 25 24 23 22 22 22 22 21 20 20 19 17 16 13 13 13 12 12 12 12 11 9 9 7 7 6 5 2 2 
1 72 70 68 67 62 61 59 56 53 51 48 47 45 42 40 38 35 34 32 29 27 25 23 22 20 18 16 15 13 11 8 7 6 3 3 3 3 3 3 2 2 2 2 2 2 2 2 2 2 2 2 2 2 2 
2 72 70 68 67 62 61 59 56 53 51 48 47 45 42 40 38 35 34 32 29 27 25 23 22 20 18 16 15 13 11 8 7 6 3 3 3 3 3 3 1 1 1 1 1 1 1 1 1 1 1 1 1 1 1 
3 72 70 68 67 62 61 59 56 53 51 48 47 45 42 40 38 35 34 32 29 27 25 23 22 20 18 16 15 13 11 8 7 6 1 2 1 2 1 2 1 2 1 2 1 2 
4 72 70 68 67 62 61 59 56 53 51 48 47 45 42 40 38 35 34 32 29 27 25 23 22 20 18 16 15 13 11 8 7 6 
5 72 70 68 67 62 61 59 56 53 51 48 47 45 42 40 38 35 34 32 29 27 25 23 22 20 18 16 15 13 11 8 7 6 
6 72 70 68 67 62 61 59 56 53 51 48 47 45 42 40 38 35 34 32 29 27 25 23 22 20 18 16 15 13 11 8 7 1 2 3 4 5 
7 72 70 68 67 62 61 59 56 53 51 48 47 45 42 40 38 35 34 32 29 27 25 23 22 20 18 16 15 13 11 8 1 2 3 4 5 6 
8 72 70 68 67 62 61 59 56 53 51 48 47 45 42 40 38 35 34 32 29 27 25 23 22 20 18 16 15 13 11 1 2 3 4 5 6 7 
9 72 70 68 67 62 61 59 56 53 51 48 47 45 42 40 38 35 34 32 29 27 25 23 22 20 18 16 15 13 11 
10 72 70 68 67 62 61 59 56 53 51 48 47 45 42 40 38 35 34 32 29 27 25 23 22 20 18 16 15 13 11 
11 72 70 68 67 62 61 59 56 53 51 48 47 45 42 40 38 35 34 32 29 27 25 23 22 20 18 16 15 13 1 2 3 4 5 6 7 8 9 10 
12 72 70 68 67 62 61 59 56 53 51 48 47 45 42 40 38 35 34 32 29 27 25 23 22 20 18 16 15 13 
13 72 70 68 67 62 61 59 56 53 51 48 47 45 42 40 38 35 34 32 29 27 25 23 22 20 18 16 15 1 2 3 4 5 6 7 8 9 10 11 12 
14 72 70 68 67 62 61 59 56 53 51 48 47 45 42 40 38 35 34 32 29 27 25 23 22 20 18 16 15 
15 72 70 68 67 62 61 59 56 53 51 48 47 45 42 40 38 35 34 32 29 27 25 23 22 20 18 16 1 2 3 4 5 6 7 8 9 10 11 12 13 14 
16 72 70 68 67 62 61 59 56 53 51 48 47 45 42 40 38 35 34 32 29 27 25 23 22 20 18 1 2 3 4 5 6 7 8 9 10 11 12 13 14 15 
17 72 70 68 67 62 61 59 56 53 51 48 47 45 42 40 38 35 34 32 29 27 25 23 22 20 18 
18 72 70 68 67 62 61 59 56 53 51 48 47 45 42 40 38 35 34 32 29 27 25 23 22 20 1 2 3 4 5 6 7 8 9 10 11 12 13 14 15 16 17 
19 72 70 68 67 62 61 59 56 53 51 48 47 45 42 40 38 35 34 32 29 27 25 23 22 20 
20 72 70 68 67 62 61 59 56 53 51 48 47 45 42 40 38 35 34 32 29 27 25 23 22 1 2 3 4 5 6 7 8 9 10 11 12 13 14 15 16 17 18 19 
21 72 70 68 67 62 61 59 56 53 51 48 47 45 42 40 38 35 34 32 29 27 25 23 22 
22 72 70 68 67 62 61 59 56 53 51 48 47 45 42 40 38 35 34 32 29 27 25 23 1 2 3 4 5 6 7 8 9 10 11 12 13 14 15 16 17 18 19 20 21 
23 72 70 68 67 62 61 59 56 53 51 48 47 45 42 40 38 35 34 32 29 27 25 1 2 3 4 5 6 7 8 9 10 11 12 13 14 15 16 17 18 19 20 21 22 
24 72 70 68 67 62 61 59 56 53 51 48 47 45 42 40 38 35 34 32 29 27 25 
25 72 70 68 67 62 61 59 56 53 51 48 47 45 42 40 38 35 34 32 29 27 1 2 3 4 5 6 7 8 9 10 11 12 13 14 15 16 17 18 19 20 21 22 23 24 
26 72 70 68 67 62 61 59 56 53 51 48 47 45 42 40 38 35 34 32 29 27 
27 72 70 68 67 62 61 59 56 53 51 48 47 45 42 40 38 35 34 32 29 1 2 3 4 5 6 7 8 9 10 11 12 13 14 15 16 17 18 19 20 21 22 23 24 25 26 
28 72 70 68 67 62 61 59 56 53 51 48 47 45 42 40 38 35 34 32 29 
29 72 70 68 67 62 61 59 56 53 51 48 47 45 42 40 38 35 34 32 1 2 3 4 5 6 7 8 9 10 11 12 13 14 15 16 17 18 19 20 21 22 23 24 25 26 27 28 
30 72 70 68 67 62 61 59 56 53 51 48 47 45 42 40 38 35 34 32 
31 72 70 68 67 62 61 59 56 53 51 48 47 45 42 40 38 35 34 32 
32 72 70 68 67 62 61 59 56 53 51 48 47 45 42 40 38 35 34 1 2 3 4 5 6 7 8 9 10 11 12 13 14 15 16 17 18 19 20 21 22 23 24 25 26 27 28 29 30 31 
33 72 70 68 67 62 61 59 56 53 51 48 47 45 42 40 38 35 34 
34 72 70 68 67 62 61 59 56 53 51 48 47 45 42 40 38 35 1 2 3 4 5 6 7 8 9 10 11 12 13 14 15 16 17 18 19 20 21 22 23 24 25 26 27 28 29 30 31 32 33 
35 72 70 68 67 62 61 59 56 53 51 48 47 45 42 40 38 1 2 3 4 5 6 7 8 9 10 11 12 13 14 15 16 17 18 19 20 21 22 23 24 25 26 27 28 29 30 31 32 33 34 
36 72 70 68 67 62 61 59 56 53 51 48 47 45 42 40 38 
37 72 70 68 67 62 61 59 56 53 51 48 47 45 42 40 38 
38 72 70 68 67 62 61 59 56 53 51 48 47 45 42 40 1 2 3 4 5 6 7 8 9 10 11 12 13 14 15 16 17 18 19 20 21 22 23 24 25 26 27 28 29 30 31 32 33 34 35 36 37 
39 72 70 68 67 62 61 59 56 53 51 48 47 45 42 40 
40 72 70 68 67 62 61 59 56 53 51 48 47 45 42 1 2 3 4 5 6 7 8 9 10 11 12 13 14 15 16 17 18 19 20 21 22 23 24 25 26 27 28 29 30 31 32 33 34 35 36 37 38 39 
41 72 70 68 67 62 61 59 56 53 51 48 47 45 42 
42 72 70 68 67 62 61 59 56 53 51 48 47 45 1 2 3 4 5 6 7 8 9 10 11 12 13 14 15 16 17 18 19 20 21 22 23 24 25 26 27 28 29 30 31 32 33 34 35 36 37 38 39 40 41 
43 72 70 68 67 62 61 59 56 53 51 48 47 45 
44 72 70 68 67 62 61 59 56 53 51 48 47 45 
45 72 70 68 67 62 61 59 56 53 51 48 47 1 2 3 4 5 6 7 8 9 10 11 12 13 14 15 16 17 18 19 20 21 22 23 24 25 26 27 28 29 30 31 32 33 34 35 36 37 38 39 40 41 42 43 44 
46 72 70 68 67 62 61 59 56 53 51 48 47 
47 72 70 68 67 62 61 59 56 53 51 48 1 2 3 4 5 6 7 8 9 10 11 12 13 14 15 16 17 18 19 20 21 22 23 24 25 26 27 28 29 30 31 32 33 34 35 36 37 38 39 40 41 42 43 44 45 46 
48 72 70 68 67 62 61 59 56 53 51 1 2 3 4 5 6 7 8 9 10 11 12 13 14 15 16 17 18 19 20 21 22 23 24 25 26 27 28 29 30 31 32 33 34 35 36 37 38 39 40 41 42 43 44 45 46 47 
49 72 70 68 67 62 61 59 56 53 51 
50 72 70 68 67 62 61 59 56 53 51 
51 72 70 68 67 62 61 59 56 53 1 2 3 4 5 6 7 8 9 10 11 12 13 14 15 16 17 18 19 20 21 22 23 24 25 26 27 28 29 30 31 32 33 34 35 36 37 38 39 40 41 42 43 44 45 46 47 48 49 50 
52 72 70 68 67 62 61 59 56 53 
53 72 70 68 67 62 61 59 56 1 2 3 4 5 6 7 8 9 10 11 12 13 14 15 16 17 18 19 20 21 22 23 24 25 26 27 28 29 30 31 32 33 34 35 36 37 38 39 40 41 42 43 44 45 46 47 48 49 50 51 52 
54 72 70 68 67 62 61 59 56 
55 72 70 68 67 62 61 59 56 
56 72 70 68 67 62 61 59 1 2 3 4 5 6 7 8 9 10 11 12 13 14 15 16 17 18 19 20 21 22 23 24 25 26 27 28 29 30 31 32 33 34 35 36 37 38 39 40 41 42 43 44 45 46 47 48 49 50 51 52 53 54 55 
57 72 70 68 67 62 61 59 
58 72 70 68 67 62 61 59 
59 72 70 68 67 62 61 1 2 3 4 5 6 7 8 9 10 11 12 13 14 15 16 17 18 19 20 21 22 23 24 25 26 27 28 29 30 31 32 33 34 35 36 37 38 39 40 41 42 43 44 45 46 47 48 49 50 51 52 53 54 55 56 57 58 
60 72 70 68 67 62 61 
61 72 70 68 67 62 1 2 3 4 5 6 7 8 9 10 11 12 13 14 15 16 17 18 19 20 21 22 23 24 25 26 27 28 29 30 31 32 33 34 35 36 37 38 39 40 41 42 43 44 45 46 47 48 49 50 51 52 53 54 55 56 57 58 59 60 
62 72 70 68 67 1 2 3 4 5 6 7 8 9 10 11 12 13 14 15 16 17 18 19 20 21 22 23 24 25 26 27 28 29 30 31 32 33 34 35 36 37 38 39 40 41 42 43 44 45 46 47 48 49 50 51 52 53 54 55 56 57 58 59 60 61 
63 72 70 68 67 
64 72 70 68 67 
65 72 70 68 67 
66 72 70 68 67 
67 72 70 68 1 2 3 4 5 6 7 8 9 10 11 12 13 14 15 16 17 18 19 20 21 22 23 24 25 26 27 28 29 30 31 32 33 34 35 36 37 38 39 40 41 42 43 44 45 46 47 48 49 50 51 52 53 54 55 56 57 58 59 60 61 62 63 64 65 66 
68 72 70 1 2 3 4 5 6 7 8 9 10 11 12 13 14 15 16 17 18 19 20 21 22 23 24 25 26 27 28 29 30 31 32 33 34 35 36 37 38 39 40 41 42 43 44 45 46 47 48 49 50 51 52 53 54 55 56 57 58 59 60 61 62 63 64 65 66 67 
69 72 70 
70 72 1 2 3 4 5 6 7 8 9 10 11 12 13 14 15 16 17 18 19 20 21 22 23 24 25 26 27 28 29 30 31 32 33 34 35 36 37 38 39 40 41 42 43 44 45 46 47 48 49 50 51 52 53 54 55 56 57 58 59 60 61 62 63 64 65 66 67 68 69 
71 72 
72 1 2 3 4 5 6 7 8 9 10 11 12 13 14 15 16 17 18 19 20 21 22 23 24 25 26 27 28 29 30 31 32 33 34 35 36 37 38 39 40 41 42 43 44 45 46 47 48 49 50 51 52 53 54 55 56 57 58 59 60 61 62 63 64 65 66 67 68 69 70 71 
