30
29 29 28 28 27 25 25 24 22 22 21 21 20 19 19 18 17 17 16 15 15 14 11 11 10 9 9 8 6 3 
1 30 29 27 26 24 21 20 18 15 14 12 11 9 7 6 4 3 3 3 3 2 2 2 2 
2 30 29 27 26 24 21 20 18 15 14 12 11 9 7 6 4 3 3 3 3 1 1 1 1 
3 30 29 27 26 24 21 20 18 15 14 12 11 9 7 6 4 1 2 1 2 1 2 1 2 
4 30 29 27 26 24 21 20 18 15 14 12 11 9 7 6 1 2 3 
5 30 29 27 26 24 21 20 18 15 14 12 11 9 7 6 
6 30 29 27 26 24 21 20 18 15 14 12 11 9 7 1 2 3 4 5 
7 30 29 27 26 24 21 20 18 15 14 12 11 9 1 2 3 4 5 6 
8 30 29 27 26 24 21 20 18 15 14 12 11 9 
9 30 29 27 26 24 21 20 18 15 14 12 11 1 2 3 4 5 6 7 8 
10 30 29 27 26 24 21 20 18 15 14 12 11 
11 30 29 27 26 24 21 20 18 15 14 12 1 2 3 4 5 6 7 8 9 10 
12 30 29 27 26 24 21 20 18 15 14 1 2 3 4 5 6 7 8 9 10 11 
13 30 29 27 26 24 21 20 18 15 14 
14 30 29 27 26 24 21 20 18 15 1 2 3 4 5 6 7 8 9 10 11 12 13 
15 30 29 27 26 24 21 20 18 1 2 3 4 5 6 7 8 9 10 11 12 13 14 
16 30 29 27 26 24 21 20 18 
17 30 29 27 26 24 21 20 18 
18 30 29 27 26 24 21 20 1 2 3 4 5 6 7 8 9 10 11 12 13 14 15 16 17 
19 30 29 27 26 24 21 20 
20 30 29 27 26 24 21 1 2 3 4 5 6 7 8 9 10 11 12 13 14 15 16 17 18 19 
21 30 29 27 26 24 1 2 3 4 5 6 7 8 9 10 11 12 13 14 15 16 17 18 19 20 
22 30 29 27 26 24 
23 30 29 27 26 24 
24 30 29 27 26 1 2 3 4 5 6 7 8 9 10 11 12 13 14 15 16 17 18 19 20 21 22 23 
25 30 29 27 26 
26 30 29 27 1 2 3 4 5 6 7 8 9 10 11 12 13 14 15 16 17 18 19 20 21 22 23 24 25 
27 30 29 1 2 3 4 5 6 7 8 9 10 11 12 13 14 15 16 17 18 19 20 21 22 23 24 25 26 
28 30 29 
29 30 1 2 3 4 5 6 7 8 9 10 11 12 13 14 15 16 17 18 19 20 21 22 23 24 25 26 27 28 
30 1 2 3 4 5 6 7 8 9 10 11 12 13 14 15 16 17 18 19 20 21 22 23 24 25 26 27 28 29 
