80
78 76 74 73 72 72 71 69 68 68 67 66 64 61 59 59 57 56 56 56 54 53 50 47 46 46 44 42 42 41 40 39 39 35 35 34 34 33 31 30 29 28 28 28 27 27 25 24 22 22 22 22 22 21 21 20 19 18 18 17 17 17 15 13 13 13 12 11 11 10 8 8 8 8 8 6 4 4 2 2 1 0 
1 2 3 4 6 5 7 8 10 9 11 12 13 14 16 15 17 20 19 18 21 22 23 24 26 25 27 29 28 30 31 33 32 35 34 37 36 38 39 40 41 44 43 42 46 45 47 48 53 52 51 50 49 55 54 56 57 59 58 62 61 60 63 66 65 64 67 69 68 70 75 74 73 72 71 76 78 77 80 
2 1 
3 1 
4 1 
5 1 
6 1 
7 1 
8 1 
9 1 
10 1 
11 1 
12 1 
13 1 
14 1 
15 1 
16 1 
17 1 
18 1 
19 1 
20 1 
21 1 
22 1 
23 1 
24 1 
25 1 
26 1 
27 1 
28 1 
29 1 
30 1 
31 1 
32 1 
33 1 
34 1 
35 1 
36 1 
37 1 
38 1 
39 1 
40 1 
41 1 
42 1 
43 1 
44 1 
45 1 
46 1 
47 1 
48 1 
49 1 
50 1 
51 1 
52 1 
53 1 
54 1 
55 1 
56 1 
57 1 
58 1 
59 1 
60 1 
61 1 
62 1 
63 1 
64 1 
65 1 
66 1 
67 1 
68 1 
69 1 
70 1 
71 1 
72 1 
73 1 
74 1 
75 1 
76 1 
77 1 
78 1 
80 1 
