61
59 56 56 56 54 54 53 50 49 48 45 45 45 42 38 38 36 35 35 34 34 34 33 33 32 30 29 29 27 26 25 25 23 23 23 23 23 23 20 20 19 16 16 14 13 13 11 11 11 8 8 8 8 7 6 6 6 4 4 3 3 
1 4 3 2 6 5 7 8 9 10 13 12 11 14 16 15 17 19 18 22 21 20 24 23 25 26 28 27 29 30 32 31 38 37 36 35 34 33 40 39 41 43 42 44 46 45 49 48 47 53 52 51 50 54 57 56 55 59 58 61 
2 1 
3 1 
4 1 
5 1 
6 1 
7 1 
8 1 
9 1 
10 1 
11 1 
12 1 
13 1 
14 1 
15 1 
16 1 
17 1 
18 1 
19 1 
20 1 
21 1 
22 1 
23 1 
24 1 
25 1 
26 1 
27 1 
28 1 
29 1 
30 1 
31 1 
32 1 
33 1 
34 1 
35 1 
36 1 
37 1 
38 1 
39 1 
40 1 
41 1 
42 1 
43 1 
44 1 
45 1 
46 1 
47 1 
48 1 
49 1 
50 1 
51 1 
52 1 
53 1 
54 1 
55 1 
56 1 
57 1 
58 1 
59 1 
61 1 
