32
29 28 26 26 26 26 21 20 19 19 18 17 16 16 15 14 13 13 12 12 11 10 9 8 7 7 6 5 4 3 1 1 
1 30 29 28 27 26 25 24 23 22 21 20 20 19 17 16 15 14 13 12 11 11 9 9 8 6 6 4 3 2 
2 29 28 27 26 25 24 23 22 21 21 21 18 17 16 15 14 13 12 11 10 9 8 7 6 5 4 3 1 
3 27 26 25 24 23 23 21 20 19 18 17 16 16 15 13 12 11 10 10 8 7 7 5 4 1 2 
4 30 26 25 24 23 22 22 20 19 18 17 16 15 14 13 12 11 10 9 8 7 7 5 2 1 3 
5 27 26 25 24 23 22 21 20 19 18 17 16 15 14 14 12 11 10 9 8 7 6 6 2 3 4 
6 27 26 25 24 23 22 21 20 19 18 18 16 15 14 13 12 11 10 9 9 8 1 5 5 2 1 
7 29 29 23 19 18 17 17 15 15 14 13 13 11 9 8 5 4 2 3 3 4 
8 22 20 19 19 19 17 15 14 13 12 11 10 10 6 5 4 3 7 1 2 
9 31 27 25 24 21 20 17 16 12 11 10 6 1 1 7 6 5 2 4 
10 28 20 18 17 16 15 14 13 13 12 9 3 8 3 8 2 6 4 5 
11 22 21 20 18 15 14 13 12 7 1 1 2 9 3 6 4 8 5 
12 22 20 17 15 14 14 13 10 4 5 9 11 6 2 1 3 8 
13 17 16 15 14 12 7 10 10 7 4 11 3 1 2 6 8 
14 21 18 17 1 6 5 5 7 10 12 13 2 12 11 4 8 
15 21 16 7 6 10 7 3 8 12 1 11 5 4 2 13 
16 22 18 18 4 9 3 5 15 3 1 2 10 6 13 
17 10 14 7 8 9 12 7 4 3 13 2 1 5 
18 19 2 11 6 6 16 10 16 5 14 4 7 3 
19 28 20 8 4 18 6 8 1 7 8 5 3 
20 11 12 9 1 8 19 1 10 3 5 4 6 
21 2 2 15 5 11 2 6 14 9 1 3 
22 4 4 12 11 8 16 5 2 1 6 
23 24 3 7 4 3 1 6 2 5 
24 23 9 5 4 1 3 2 6 
25 1 9 5 4 2 6 3 
26 30 1 5 4 3 6 2 
27 5 9 3 2 6 1 
28 32 10 19 1 2 
29 7 2 1 7 
30 26 1 4 
31 9 
32 28 
