92
91 90 90 88 87 87 86 83 83 83 78 78 76 75 73 73 72 72 72 71 69 68 68 67 66 66 66 65 64 63 62 62 60 59 58 57 55 53 53 52 50 50 49 49 49 48 48 48 47 45 45 44 44 43 43 42 40 39 39 38 38 38 38 38 36 36 32 31 30 28 28 27 27 22 20 20 20 19 18 18 17 17 16 15 15 14 12 9 9 5 4 4 
1 3 2 4 6 5 7 10 9 8 12 11 13 14 16 15 19 18 17 20 21 23 22 24 27 26 25 28 29 30 32 31 33 34 35 36 37 39 38 40 42 41 45 44 43 48 47 46 49 51 50 53 52 55 54 56 57 59 58 64 63 62 61 60 66 65 67 68 69 71 70 73 72 74 77 76 75 78 80 79 82 81 83 85 84 86 87 89 88 90 92 91 
2 1 
3 1 
4 1 
5 1 
6 1 
7 1 
8 1 
9 1 
10 1 
11 1 
12 1 
13 1 
14 1 
15 1 
16 1 
17 1 
18 1 
19 1 
20 1 
21 1 
22 1 
23 1 
24 1 
25 1 
26 1 
27 1 
28 1 
29 1 
30 1 
31 1 
32 1 
33 1 
34 1 
35 1 
36 1 
37 1 
38 1 
39 1 
40 1 
41 1 
42 1 
43 1 
44 1 
45 1 
46 1 
47 1 
48 1 
49 1 
50 1 
51 1 
52 1 
53 1 
54 1 
55 1 
56 1 
57 1 
58 1 
59 1 
60 1 
61 1 
62 1 
63 1 
64 1 
65 1 
66 1 
67 1 
68 1 
69 1 
70 1 
71 1 
72 1 
73 1 
74 1 
75 1 
76 1 
77 1 
78 1 
79 1 
80 1 
81 1 
82 1 
83 1 
84 1 
85 1 
86 1 
87 1 
88 1 
89 1 
90 1 
91 1 
92 1 
