87
86 83 83 83 82 82 79 79 78 76 74 74 73 72 71 70 70 70 69 68 68 67 66 66 64 64 62 60 60 59 58 56 55 55 53 53 53 51 51 51 50 48 47 46 46 45 44 43 41 39 39 37 36 35 34 34 32 31 29 28 28 27 26 25 24 22 22 21 20 19 19 19 17 16 15 14 13 11 10 10 9 9 8 7 5 5 3 
1 24 50 26 7 23 44 69 11 9 17 45 45 36 70 74 51 20 28 50 20 14 47 16 19 51 53 78 15 12 13 8 10 13 18 35 4 6 86 8 33 20 9 41 24 14 40 17 26 44 24 53 3 23 4 71 27 41 65 10 56 9 40 55 32 9 19 7 30 50 24 55 29 64 6 36 65 4 25 51 68 11 13 36 2 15 31 
2 65 30 17 8 74 12 20 31 32 57 63 22 16 43 24 82 34 16 8 56 12 66 38 35 12 37 44 40 34 41 11 18 44 33 5 31 46 36 79 61 39 58 25 39 24 8 23 75 11 81 61 60 35 47 17 9 50 43 66 64 12 6 5 36 36 35 54 32 14 30 5 38 22 73 7 5 6 48 66 29 43 1 44 
3 47 20 40 14 41 12 7 29 52 57 49 38 32 56 85 44 25 27 19 47 25 35 8 44 16 30 61 32 55 72 7 29 26 8 20 26 21 30 43 5 18 18 38 19 28 60 43 1 42 25 11 74 38 9 13 9 35 39 34 9 63 28 8 10 25 33 32 45 42 11 5 26 20 49 24 4 69 62 25 20 13 39 7 
4 19 21 8 29 13 35 34 7 81 19 27 31 44 47 12 26 59 49 57 39 7 43 21 6 18 50 26 77 15 26 58 13 31 10 1 45 47 53 78 9 68 23 66 31 15 27 74 64 35 43 49 11 42 21 33 1 61 65 22 14 5 26 7 41 23 18 32 1 38 37 12 66 3 32 68 26 7 27 35 36 28 53 51 
5 12 9 28 41 10 6 40 13 65 20 15 14 14 44 51 44 67 29 36 24 42 21 24 31 2 25 7 52 24 16 36 37 9 3 19 20 16 49 72 11 17 10 55 26 23 19 9 10 38 17 21 47 11 20 4 52 38 18 61 29 2 50 21 25 21 53 28 43 2 3 32 17 57 57 2 31 48 80 37 18 30 22 
6 7 40 44 12 42 17 16 5 20 18 17 27 49 21 80 12 22 82 47 55 19 27 18 35 75 4 8 13 34 75 39 43 53 48 37 7 1 58 37 48 32 41 15 36 63 10 12 20 11 6 6 64 17 37 38 44 9 25 17 36 23 32 2 48 24 15 77 1 48 16 9 31 56 45 8 38 2 21 11 49 39 16 
7 6 1 9 3 41 20 46 69 4 27 16 60 4 68 31 49 33 70 50 21 36 24 58 7 7 3 6 5 55 40 51 24 18 50 15 39 12 49 52 31 77 52 40 27 53 17 1 13 63 60 25 10 4 32 29 37 16 22 14 72 74 22 2 68 54 73 69 4 41 19 12 12 59 48 77 43 10 22 3 
8 39 2 4 47 32 10 18 17 54 65 54 9 20 2 42 39 21 23 19 3 6 15 11 1 8 8 55 31 16 29 75 58 3 60 1 74 27 78 11 2 44 14 23 24 50 32 72 57 13 26 11 32 34 20 34 23 51 11 12 8 8 47 3 21 27 44 16 29 45 15 49 10 67 6 11 14 40 38 54 
9 5 7 46 9 9 63 17 1 29 86 14 33 21 25 8 24 74 30 17 25 9 9 26 10 38 49 76 49 10 21 78 15 19 9 9 4 36 62 30 1 5 66 28 66 67 38 5 2 56 6 1 3 35 3 9 9 1 49 3 34 30 70 24 10 6 28 11 25 51 30 11 38 23 44 18 37 10 23 
10 38 24 33 8 79 5 82 50 31 42 63 51 29 21 18 29 9 46 15 16 9 14 26 30 50 23 1 50 4 11 16 54 26 15 6 5 25 5 19 10 10 1 30 12 45 22 42 52 44 49 13 20 7 14 18 12 16 3 9 30 72 57 19 40 25 26 24 8 41 14 48 59 46 9 7 48 
11 47 44 72 1 60 82 25 23 24 73 13 52 45 43 14 45 13 31 62 18 64 8 44 2 22 26 20 21 39 10 34 33 8 37 45 14 2 21 28 5 4 59 6 35 8 32 28 3 47 18 20 5 8 35 32 39 15 37 30 3 9 1 53 76 8 63 47 31 40 18 9 6 14 19 
12 5 38 32 51 6 17 2 51 3 22 55 50 35 18 21 4 2 36 6 37 13 44 76 2 21 1 52 76 26 39 25 82 39 35 27 69 31 7 6 45 71 29 71 54 30 58 10 43 41 31 21 8 20 2 10 32 19 48 53 63 59 13 4 85 54 60 51 27 7 7 53 41 18 22 
13 61 32 16 39 46 44 26 4 71 5 48 11 16 58 66 11 12 20 20 6 26 1 68 37 1 31 4 46 30 50 28 33 43 30 41 24 8 14 15 17 26 53 23 3 27 22 7 17 14 27 10 28 59 23 25 41 80 73 18 25 35 35 73 29 12 1 38 32 35 65 69 36 3 
14 3 18 31 16 49 49 25 9 30 56 15 5 5 55 22 1 67 11 39 37 15 42 17 23 19 82 27 10 44 32 62 47 33 37 76 1 8 15 11 79 73 40 13 15 39 16 15 37 39 15 4 13 10 34 26 7 41 2 28 38 31 29 27 16 10 8 34 34 11 57 18 25 
15 65 22 53 41 62 5 14 59 42 50 27 57 10 14 44 62 1 8 48 28 16 4 67 71 9 15 15 46 7 4 67 33 30 23 18 14 6 10 73 26 47 28 14 13 58 57 14 61 35 18 14 75 59 11 17 57 29 6 25 61 44 43 8 61 19 32 85 1 72 60 31 
16 74 27 55 13 37 45 72 6 14 68 20 2 49 37 26 2 61 38 13 7 37 69 55 62 48 1 23 65 45 3 35 33 10 15 40 8 36 66 5 29 10 38 30 48 5 25 19 17 47 14 54 38 20 20 46 10 21 7 54 66 8 28 22 6 35 65 14 17 6 47 
17 32 2 29 12 6 34 30 9 22 46 28 8 1 27 6 82 54 56 33 9 63 27 14 66 25 47 68 53 29 67 23 42 20 27 68 69 1 71 29 5 16 68 18 13 5 6 2 28 6 30 7 32 13 18 52 15 24 22 29 41 5 40 38 36 62 29 16 25 30 30 
18 34 14 37 38 8 48 6 41 12 33 67 48 32 84 10 65 6 39 50 11 30 59 4 45 2 52 1 65 7 81 45 23 35 15 3 3 26 48 47 67 17 21 11 15 33 38 17 49 22 35 5 35 10 79 4 13 21 73 18 18 32 57 11 70 12 5 14 47 9 19 
19 23 4 78 34 35 4 33 23 28 29 3 6 8 1 59 14 62 37 30 9 33 34 21 29 41 21 41 5 3 78 40 16 44 27 22 45 27 20 5 43 10 36 55 53 26 60 46 28 33 1 31 50 12 85 60 10 23 47 29 42 7 69 42 56 15 43 11 50 18 
20 3 73 2 51 6 7 40 16 5 68 27 1 8 1 47 39 13 13 34 30 11 31 39 66 3 1 21 35 56 17 5 57 6 19 41 79 82 8 27 41 34 11 16 16 46 5 12 10 31 44 54 31 46 3 35 42 29 61 51 61 68 65 50 31 80 46 3 39 
21 63 4 49 29 28 67 31 9 60 32 57 6 12 36 10 75 8 28 4 12 74 45 7 29 5 11 9 52 39 22 19 59 20 3 54 48 34 19 11 4 23 18 5 25 57 30 71 12 54 8 16 33 5 59 5 72 18 32 39 61 6 33 41 22 41 70 33 45 
22 43 39 15 37 12 47 17 2 32 38 35 55 68 35 14 50 53 6 47 50 54 71 40 23 33 11 67 66 76 21 68 49 36 25 76 75 73 62 69 40 43 19 74 40 71 45 50 4 10 80 13 51 18 17 7 40 60 16 48 2 26 7 21 33 7 5 12 
23 19 57 26 1 34 11 19 40 45 24 62 70 72 37 8 45 69 16 25 72 14 28 22 26 10 54 62 29 43 77 17 4 25 18 63 30 15 2 63 8 39 21 5 49 46 1 35 8 13 35 56 67 74 6 33 4 13 36 58 19 81 44 25 9 39 9 
24 1 10 31 39 25 67 42 2 37 11 56 54 46 9 30 23 41 59 43 39 78 61 24 24 28 5 61 29 41 86 5 7 61 5 7 2 1 8 36 1 66 13 25 52 35 34 44 40 78 44 51 1 42 17 40 9 6 30 38 10 32 3 76 53 67 59 
25 24 26 14 11 46 9 46 63 45 35 3 43 9 59 3 46 23 63 52 58 17 12 5 34 23 22 2 28 55 16 49 52 34 32 10 24 3 21 57 6 40 27 41 51 7 34 3 27 13 5 13 15 1 10 48 9 23 70 42 43 3 14 48 17 
26 1 23 40 13 58 25 55 49 16 47 43 4 53 35 52 9 43 74 13 12 23 4 10 11 4 31 73 56 3 3 10 28 18 1 30 15 5 8 48 48 13 19 35 57 38 4 56 14 46 58 64 33 40 3 72 10 22 28 4 36 33 33 50 41 
27 16 80 31 17 4 6 7 42 20 51 15 3 6 17 40 28 14 36 77 39 8 50 50 49 62 64 4 42 67 17 12 53 34 19 56 19 20 1 7 25 53 43 13 62 13 70 28 25 8 59 81 69 32 47 39 14 49 12 4 54 83 48 
28 29 5 35 75 36 21 17 72 32 74 1 19 28 28 42 84 21 75 27 23 24 15 29 66 42 70 52 50 65 13 79 25 26 9 3 11 36 15 11 17 19 43 13 36 3 27 5 63 34 16 9 14 41 26 33 41 52 4 42 60 
29 28 38 17 62 21 4 3 9 30 84 35 19 10 48 10 5 53 21 24 28 8 23 30 3 17 46 16 57 19 17 12 40 51 31 32 5 7 37 47 37 1 15 62 34 13 17 8 60 37 19 20 14 62 49 35 2 35 17 78 60 
30 2 77 17 29 14 50 52 24 9 64 62 81 18 34 3 49 39 10 20 41 29 19 50 13 75 9 23 16 3 15 36 45 13 26 73 12 44 10 17 21 57 64 1 47 60 9 58 83 10 43 2 11 24 32 35 9 5 17 17 
31 14 24 27 2 21 36 54 4 46 10 60 42 34 44 7 11 36 8 26 5 13 20 2 4 33 49 4 44 37 60 12 60 7 34 37 61 34 12 70 29 48 19 51 20 40 20 73 6 14 11 5 75 20 45 63 70 1 15 
32 13 17 12 49 8 2 46 22 58 28 21 3 51 18 63 41 45 3 14 6 33 61 50 8 60 60 25 11 41 46 8 51 48 85 1 43 17 6 29 11 12 7 3 4 2 21 5 27 24 30 39 4 18 13 15 66 
33 87 10 47 19 9 18 17 46 40 56 37 59 34 7 55 16 22 40 2 19 31 1 14 42 11 15 32 13 37 4 66 46 68 19 38 18 33 33 41 23 21 3 45 26 67 21 28 44 69 75 22 26 26 21 40 
34 18 17 23 4 19 51 39 2 36 31 48 33 30 63 6 2 20 65 42 19 25 11 38 59 21 55 27 25 31 8 8 77 60 31 24 20 3 34 34 9 34 34 14 25 64 46 58 29 65 28 64 41 52 14 14 
35 28 4 19 12 22 22 29 25 26 70 2 3 6 16 39 1 45 12 20 18 4 39 2 11 23 24 57 80 23 11 15 26 9 3 52 18 18 37 38 2 13 13 39 55 16 20 30 62 43 29 13 4 29 
36 77 56 52 28 31 1 52 21 34 64 12 46 39 5 47 53 31 27 7 16 64 2 22 9 69 42 30 5 38 54 6 48 48 24 28 63 60 45 19 53 6 28 2 23 2 57 1 47 1 17 26 4 13 
37 16 18 22 71 24 16 45 16 23 12 33 14 2 78 48 13 19 6 41 6 14 83 11 31 58 5 53 38 33 51 42 31 6 14 38 45 44 67 35 7 29 29 58 11 4 29 54 57 43 5 68 9 41 
38 10 12 41 29 45 18 3 22 47 55 16 53 59 2 9 41 45 34 55 38 38 16 36 3 37 9 5 46 6 54 3 16 52 33 37 26 18 5 67 35 4 2 24 56 14 13 6 17 8 47 9 
39 8 64 13 22 24 66 34 4 8 14 20 18 24 36 57 6 30 12 52 11 35 20 21 27 12 2 2 42 53 7 35 64 23 51 43 14 14 3 11 35 55 44 21 32 27 80 6 63 3 20 23 
40 3 50 6 26 5 61 20 42 46 23 68 33 45 22 27 2 16 33 7 46 1 22 19 14 22 29 7 25 1 61 52 24 58 52 58 68 44 24 31 26 22 10 63 46 53 17 77 8 11 65 33 
41 38 5 3 42 15 7 18 24 45 60 32 42 38 56 2 56 68 24 37 30 1 6 19 19 58 47 13 20 32 1 20 49 25 12 4 33 13 14 17 34 28 10 21 7 21 28 12 49 37 26 
42 6 41 24 40 27 10 28 46 15 8 44 31 69 41 14 50 5 28 81 34 50 33 17 49 39 36 27 63 71 4 47 53 37 3 52 10 53 75 24 3 74 75 20 19 25 19 28 63 
43 47 22 71 2 26 55 24 25 11 4 26 54 6 23 52 64 3 13 4 22 39 3 19 2 51 51 12 27 28 32 48 81 56 54 30 5 15 84 46 25 35 19 37 2 7 67 55 
44 64 6 13 1 11 4 5 3 5 42 31 47 3 12 15 2 11 14 2 56 31 71 8 1 19 81 52 47 30 6 24 10 24 37 20 40 8 15 23 39 51 57 33 76 9 2 
45 16 67 38 1 1 56 23 37 25 41 11 11 32 23 40 16 21 18 57 4 35 56 38 18 11 30 12 19 22 36 67 10 37 70 69 51 33 3 66 67 8 6 46 31 46 21 
46 48 13 9 32 17 7 40 25 65 31 25 24 33 42 36 10 25 2 13 29 15 40 64 79 23 32 53 33 38 19 20 16 79 26 34 20 54 40 45 43 10 20 45 77 51 
47 3 11 43 8 22 33 38 26 4 20 6 44 3 1 22 53 36 14 17 4 83 50 41 15 18 42 16 2 44 11 5 51 30 8 29 36 19 27 11 55 38 18 58 16 
48 46 54 18 13 18 29 34 16 37 15 64 6 63 16 6 21 72 36 36 18 26 32 26 54 43 31 6 72 12 83 6 22 25 59 2 10 56 5 7 25 27 10 49 
49 21 32 14 14 16 3 26 6 71 54 4 7 9 56 71 30 9 55 31 22 42 27 4 5 65 25 7 23 59 41 56 9 10 18 3 8 27 29 6 41 48 
50 1 40 69 12 10 30 1 22 15 22 18 4 7 42 10 10 30 42 57 28 13 7 27 27 47 8 32 51 2 22 1 19 5 61 72 20 61 19 26 
51 12 12 20 61 52 34 1 10 27 32 5 53 60 1 58 7 64 39 37 32 50 43 43 29 8 25 47 24 22 31 45 1 44 20 9 12 54 4 46 
52 56 3 36 51 30 11 36 26 63 12 25 39 18 21 28 5 43 69 58 25 7 44 24 7 38 73 42 40 40 10 35 5 17 60 76 34 28 
53 15 38 26 22 80 51 47 1 29 36 6 17 4 39 27 37 1 42 55 46 59 13 19 36 27 7 42 62 12 5 11 40 24 64 12 4 
54 48 8 31 17 8 24 49 84 22 43 23 56 76 62 10 21 36 61 12 16 38 48 21 20 2 43 16 46 12 76 37 7 8 27 51 
55 16 61 12 26 22 38 14 43 16 6 33 8 3 49 7 38 77 25 34 83 5 60 53 19 1 56 1 62 58 64 39 35 47 43 
56 36 52 14 17 45 24 66 3 2 33 69 49 41 41 54 44 26 45 70 20 27 9 49 1 23 55 26 43 71 38 6 57 48 19 
57 23 2 3 21 4 15 61 39 45 50 58 29 70 20 8 15 84 35 25 21 30 26 15 36 10 5 5 44 56 18 37 14 
58 26 32 13 86 62 25 4 7 51 8 6 73 2 57 37 52 41 15 12 59 68 40 40 75 30 26 37 34 55 23 47 
59 76 15 24 4 38 70 33 25 19 18 74 71 21 34 11 53 49 72 58 15 78 13 21 27 12 48 10 7 24 
60 11 21 41 31 7 51 8 72 31 32 2 31 32 55 3 36 34 19 7 30 52 19 22 29 12 28 29 15 
61 13 55 40 51 16 77 57 24 3 24 24 2 32 54 2 4 31 40 15 5 65 15 21 50 20 20 15 50 
62 62 62 29 15 23 30 16 11 15 58 19 23 14 54 9 22 27 53 27 55 29 65 3 29 35 74 17 
63 21 9 2 25 10 32 17 25 79 52 34 48 23 42 23 6 36 7 3 28 12 40 11 31 39 42 
64 44 39 36 30 11 48 71 36 43 27 46 4 39 51 6 68 2 30 34 26 1 55 34 53 70 
65 2 15 5 8 46 18 70 16 34 18 28 49 4 1 61 69 1 34 62 16 83 20 13 40 
66 39 13 56 2 17 22 28 16 20 4 70 9 9 24 33 2 16 45 4 76 2 32 
67 45 24 21 18 14 5 15 22 17 15 27 18 9 45 23 37 38 45 33 8 24 43 
68 16 20 22 40 7 41 13 17 22 4 17 17 33 64 58 40 1 7 20 4 37 
69 50 1 7 16 42 56 23 36 52 17 12 22 45 65 27 3 7 19 33 13 
70 1 23 59 35 65 7 28 56 66 57 31 45 27 9 25 18 64 31 21 
71 43 13 37 49 22 49 15 59 64 44 73 17 42 22 12 12 1 21 56 
72 16 11 28 23 23 3 60 48 5 8 59 48 21 10 7 26 84 50 15 
73 20 11 26 58 22 71 15 14 30 52 87 13 13 31 18 2 7 
74 16 2 28 1 9 21 26 59 8 4 22 3 23 42 7 62 
75 28 21 6 28 6 8 30 22 2 42 15 58 42 31 33 
76 59 12 9 12 22 54 22 14 52 54 66 11 24 44 
77 36 30 61 4 27 23 55 34 7 6 40 7 46 
78 19 24 1 37 9 4 8 19 24 59 29 
79 10 86 63 2 28 14 46 20 46 18 
80 27 87 6 53 35 22 13 39 20 5 
81 4 30 42 18 2 44 43 27 23 
82 11 2 17 10 6 14 12 83 20 
83 82 37 47 55 48 30 65 27 
84 29 54 18 28 57 72 43 
85 3 32 19 12 15 
86 9 58 79 24 1 
87 33 80 73 
