52
47 47 46 45 43 42 42 42 41 41 40 40 39 39 37 34 32 32 31 30 28 28 26 26 26 25 24 24 22 21 21 21 20 19 18 18 17 14 12 11 11 11 11 9 9 9 8 6 6 5 5 1 0 
1 48 47 46 45 45 
2 51 49 46 
3 51 48 46 
4 47 
5 52 50 47 45 
7 47 
8 49 48 
10 49 45 
11 51 46 
12 50 50 47 
13 49 
15 50 
16 49 47 
18 48 46 
19 48 45 
22 45 
23 46 45 
24 49 
25 48 47 45 
26 46 
28 50 46 
34 51 
36 51 
38 47 46 
45 22 25 19 5 23 10 1 1 
46 18 3 26 23 38 11 28 2 1 
47 5 38 25 12 7 4 16 1 
48 19 1 8 18 3 25 
49 10 16 13 2 24 8 
50 5 28 12 12 15 
51 2 3 34 36 11 
52 5 
