83
82 80 79 79 74 73 72 72 71 70 70 69 69 69 69 69 68 67 67 67 65 64 63 63 61 61 61 61 61 59 58 58 55 55 53 53 53 53 52 52 51 50 50 49 49 49 47 43 42 42 42 42 40 38 37 37 36 34 33 33 29 28 27 27 27 25 22 18 17 16 16 15 14 11 11 10 9 8 7 4 4 2 2 
1 71 29 28 8 3 39 44 55 21 6 56 36 33 5 28 2 36 25 17 13 16 1 1 44 35 10 66 9 22 2 55 43 6 26 27 38 2 7 27 31 48 3 66 46 1 1 58 31 67 34 33 69 37 9 2 54 26 12 47 55 11 72 70 16 4 38 10 26 38 33 37 9 54 33 26 41 12 28 64 42 50 56 
2 31 54 27 20 10 59 4 54 11 11 26 55 55 7 40 30 29 31 45 35 57 14 1 51 9 19 36 27 41 8 3 56 16 60 70 2 2 27 26 2 2 11 1 15 15 1 11 41 6 26 32 51 48 16 2 2 30 1 5 16 45 47 73 72 61 42 24 37 25 71 31 20 79 16 23 25 58 15 11 36 
3 36 59 15 20 42 37 38 61 39 64 1 21 42 18 28 19 31 78 41 16 74 8 15 23 19 48 25 39 35 43 75 2 4 11 43 32 57 33 24 20 41 39 45 49 20 22 44 56 8 13 4 1 47 40 37 4 28 63 23 55 26 42 73 26 10 35 51 8 45 8 29 36 50 11 5 36 41 11 34 
4 19 20 55 73 11 36 13 2 24 56 26 61 45 51 15 7 52 40 25 27 29 42 28 63 22 46 31 4 4 40 39 16 27 3 15 65 24 22 45 9 19 17 24 24 7 35 7 14 3 6 39 21 17 3 6 22 15 22 11 14 17 66 48 5 13 20 65 1 39 9 17 77 38 10 50 10 14 6 18 
5 51 51 11 73 14 66 55 14 55 6 37 19 27 25 15 14 39 44 64 59 24 16 73 38 34 33 44 1 65 74 14 27 10 16 37 9 50 25 32 12 33 62 61 64 34 17 9 37 36 34 35 81 24 56 23 2 4 67 21 25 72 19 62 22 54 28 12 3 77 63 65 6 29 42 
6 28 40 58 57 34 57 43 39 16 5 6 6 32 24 1 12 35 45 10 18 45 32 13 12 13 14 38 1 48 34 19 47 16 4 2 35 43 54 8 4 28 53 29 65 50 18 40 16 8 21 22 71 12 54 24 14 24 56 21 80 19 11 20 76 8 26 7 27 11 5 60 31 4 
7 73 28 20 19 69 8 27 15 15 28 10 27 29 35 8 2 4 40 15 14 14 33 47 41 48 25 18 37 42 27 27 18 34 4 32 4 16 8 59 1 52 57 40 64 26 23 33 22 34 14 47 62 11 44 24 60 65 54 11 48 32 27 69 24 9 6 67 44 53 35 50 55 
8 34 32 61 57 10 7 36 25 41 1 44 7 30 67 51 3 14 17 10 23 50 13 11 2 51 48 10 42 39 13 47 56 3 49 7 53 26 48 18 17 8 8 6 52 53 19 50 17 20 62 6 43 20 25 51 21 38 3 18 3 8 8 6 40 55 40 59 24 38 15 55 28 
9 43 26 29 34 50 17 65 13 29 50 55 32 31 31 10 39 30 12 2 37 23 16 54 5 21 21 4 56 1 19 41 38 38 34 71 45 20 51 15 5 13 17 58 21 52 26 1 51 76 43 4 63 29 66 77 45 31 1 7 22 15 28 75 31 25 63 14 78 21 11 13 
10 52 8 25 35 28 22 2 20 41 7 63 13 22 22 35 9 51 22 8 39 25 6 5 10 10 19 25 11 8 30 1 66 13 40 12 54 16 60 15 20 60 34 32 55 20 18 10 10 12 15 47 17 53 40 3 1 20 29 38 18 4 15 12 26 83 41 4 37 50 44 
11 11 11 18 5 48 4 23 17 64 2 59 30 53 2 12 56 64 30 41 55 28 39 48 42 8 3 29 10 27 39 17 28 19 2 50 17 33 2 16 4 12 7 15 7 38 58 20 1 44 26 52 15 54 6 26 51 14 3 53 6 57 51 36 11 11 66 30 9 3 2 
12 58 24 15 72 23 11 25 36 6 36 29 18 26 9 50 43 26 45 16 39 6 17 28 54 5 10 55 15 56 24 53 15 24 22 44 10 46 54 25 11 20 1 35 23 38 6 45 42 31 26 35 15 41 44 1 58 31 5 61 16 35 10 44 46 46 54 40 63 38 
13 50 71 17 4 24 9 10 13 13 30 63 74 48 21 19 60 8 34 1 46 61 6 14 13 13 59 6 15 22 52 10 29 8 35 48 21 3 40 27 9 59 60 36 51 25 32 43 51 4 15 79 37 35 26 41 57 18 69 32 21 42 38 22 28 14 51 64 9 21 
14 29 18 5 52 24 5 52 17 5 64 57 49 17 23 38 8 68 7 34 7 61 26 53 52 20 5 2 16 25 41 21 40 71 59 13 42 42 78 6 26 30 4 77 45 20 66 34 71 7 4 37 51 6 21 32 31 56 35 51 62 11 64 13 60 9 53 33 4 38 
15 3 41 12 7 22 7 52 37 5 4 3 18 7 29 34 27 20 50 47 54 70 49 54 55 4 24 40 31 13 21 52 41 29 24 52 2 41 2 10 12 12 51 9 4 52 38 51 10 31 11 69 23 13 45 11 20 12 20 17 53 57 53 9 62 10 37 19 2 8 
16 49 61 34 43 6 44 16 16 50 44 41 3 5 29 30 47 38 50 20 24 60 14 5 22 34 17 9 4 40 12 1 2 42 32 36 62 28 10 17 7 19 6 30 36 67 27 11 22 32 24 2 34 72 27 40 6 81 2 1 29 31 65 32 20 12 2 64 30 38 
17 79 26 13 11 47 14 25 9 22 43 31 28 38 64 14 19 18 8 73 58 21 62 49 1 66 16 19 11 61 12 4 11 16 23 31 41 18 8 19 5 40 4 9 37 28 20 69 57 4 8 19 44 10 60 28 39 67 60 4 23 15 49 25 44 28 18 32 27 
18 14 11 25 20 18 18 40 51 40 28 22 56 3 51 77 17 55 15 25 12 33 6 64 58 63 63 7 24 34 39 19 48 23 36 7 26 32 35 8 17 41 41 47 10 24 33 43 6 70 29 39 46 50 20 8 21 58 64 13 24 10 68 17 26 47 28 4 
19 52 4 7 26 37 21 37 46 46 36 5 58 23 20 24 28 3 22 56 17 60 41 3 33 13 2 29 64 10 17 24 20 18 4 63 11 9 6 16 34 48 17 23 54 39 8 38 22 17 63 33 50 56 5 43 6 23 53 40 34 62 20 72 32 15 22 32 
20 49 62 3 4 18 7 35 21 2 10 24 30 19 24 43 16 14 15 21 48 31 31 19 67 3 3 53 31 10 14 9 21 29 10 83 55 52 17 40 67 68 12 70 8 45 48 47 4 62 11 8 63 18 15 10 47 15 6 2 28 23 51 16 19 23 69 23 
21 35 65 71 19 41 74 20 60 49 30 65 3 1 65 13 41 30 17 14 20 24 56 48 9 15 9 40 50 61 26 13 36 34 38 20 47 4 23 24 28 23 9 56 37 22 24 50 6 35 5 34 14 8 6 39 18 13 66 32 43 23 46 9 33 13 
22 28 31 71 10 15 26 46 46 17 18 10 69 10 43 19 10 61 67 4 43 16 39 42 36 77 34 4 13 1 43 3 61 35 59 44 12 60 16 4 7 4 21 28 51 41 19 58 40 6 38 37 5 30 24 27 9 33 68 56 13 31 62 19 54 
23 36 42 11 57 12 39 19 67 34 14 62 37 35 3 8 62 42 9 26 23 23 56 61 54 18 82 25 67 17 29 68 21 37 55 66 19 7 21 46 3 30 27 5 69 24 15 38 12 17 19 20 39 26 29 20 30 43 2 21 65 29 20 30 
24 46 12 31 14 72 4 26 20 13 29 5 19 6 38 20 16 43 28 21 15 4 38 30 18 19 3 15 4 4 69 66 12 38 39 12 21 16 32 18 21 32 5 7 44 23 46 6 6 2 34 50 56 22 28 7 70 40 18 8 68 44 28 32 
25 18 10 27 49 74 8 5 17 36 26 12 68 4 35 18 10 3 53 14 1 10 47 7 74 5 45 49 23 50 51 62 42 29 29 30 31 32 47 49 13 38 12 5 8 57 31 34 43 68 2 41 27 63 17 46 27 42 2 9 36 33 
26 44 47 9 17 19 45 24 4 69 22 34 2 25 53 59 41 48 46 12 14 26 26 12 23 32 69 33 2 21 27 14 1 31 18 8 38 2 69 7 61 9 3 1 38 3 11 54 1 12 13 1 11 36 6 23 66 29 38 10 18 50 
27 32 80 2 7 25 62 5 7 59 46 48 4 38 37 15 27 27 48 5 2 38 4 42 51 11 33 7 2 7 42 33 26 1 13 43 1 16 30 34 68 38 40 52 16 23 7 28 47 28 25 22 51 45 6 30 25 58 33 57 17 53 
28 56 40 22 6 7 10 51 7 1 57 18 17 3 19 11 4 50 1 42 67 24 61 59 11 12 16 49 63 40 57 21 6 3 17 65 53 43 68 57 22 44 56 70 35 17 27 41 27 61 5 64 24 20 1 33 17 9 13 24 8 18 
29 67 14 53 1 9 46 63 40 7 32 24 9 62 39 71 2 16 4 15 12 40 36 71 30 57 19 57 11 76 15 13 33 25 47 50 44 25 23 20 72 6 47 18 57 16 9 67 38 80 32 37 3 10 35 23 63 26 5 23 62 40 
30 75 54 48 21 11 62 55 8 20 2 48 13 56 11 16 45 52 21 9 29 36 76 48 66 63 24 10 30 30 14 46 16 25 50 37 52 27 35 2 23 30 30 41 75 45 59 40 59 22 45 27 23 43 16 55 11 45 32 23 
31 35 62 37 2 47 22 24 17 53 67 3 9 9 2 61 41 45 4 46 20 51 15 20 31 31 42 20 26 76 17 1 72 32 70 1 25 76 47 46 15 70 33 32 25 16 12 14 9 70 2 12 55 37 22 9 35 6 61 
32 27 8 60 56 47 60 49 42 44 37 29 6 45 9 64 36 44 6 26 70 3 16 5 7 39 18 52 10 2 31 16 24 25 35 24 13 65 45 34 7 31 14 66 29 55 58 16 13 73 21 19 52 24 45 17 60 30 19 
33 65 34 36 19 1 5 33 33 7 33 33 18 70 66 33 33 40 27 26 52 3 58 29 27 5 11 75 58 41 62 7 36 1 18 40 66 31 19 68 67 35 68 1 37 48 1 41 22 28 71 42 27 14 21 25 
34 8 6 16 9 51 26 33 23 5 15 14 13 16 37 22 46 43 18 7 9 6 21 19 36 5 10 40 14 69 41 27 39 7 74 5 1 45 16 32 21 61 25 55 24 43 65 19 53 42 65 3 74 75 39 37 
35 40 31 21 10 45 20 46 7 10 23 25 2 6 44 45 3 54 42 65 47 1 58 13 44 4 22 18 6 52 5 30 32 40 12 21 35 35 28 54 66 3 33 13 48 12 14 29 12 58 77 31 7 38 
36 3 23 44 49 43 4 8 19 54 25 41 12 46 1 33 12 29 37 1 2 32 22 30 46 16 18 45 49 21 59 58 16 34 46 62 33 5 13 39 60 44 46 3 49 37 26 39 51 3 11 25 38 2 
37 45 31 3 19 19 15 5 32 59 23 62 27 36 9 5 34 45 37 37 60 71 7 75 55 23 63 48 30 3 38 17 21 5 1 14 45 22 13 41 2 1 33 29 55 42 36 31 15 43 59 60 10 34 
38 43 52 3 17 51 24 14 51 5 16 27 47 27 62 24 6 59 9 9 44 1 24 21 26 37 15 27 25 19 26 72 11 23 12 72 22 1 8 1 29 10 44 72 4 13 26 8 16 36 12 14 75 35 
39 50 71 3 6 23 43 5 66 1 29 9 10 62 11 3 22 4 56 12 82 11 18 44 71 3 8 41 32 41 43 24 4 19 58 60 34 36 39 39 4 18 17 21 58 59 23 70 36 40 52 73 34 
40 28 35 6 18 60 29 18 2 7 4 52 29 47 14 4 16 59 65 15 33 21 51 10 42 44 13 28 34 7 17 3 58 55 20 35 27 33 16 6 22 53 10 30 8 19 24 8 39 41 12 29 42 
41 15 21 10 8 46 36 43 16 3 26 11 19 21 65 31 55 14 2 68 7 15 3 9 15 39 39 33 17 2 50 18 34 18 57 22 44 46 30 28 37 25 43 13 12 1 33 57 49 40 3 10 
42 3 52 23 32 48 67 46 3 69 60 43 63 4 59 23 11 28 22 50 35 27 14 48 16 14 8 7 27 31 40 25 49 54 47 3 12 65 2 56 66 37 13 74 1 49 33 34 25 5 40 
43 38 9 36 16 6 39 17 56 41 22 42 20 22 3 24 12 53 3 34 64 22 1 53 39 27 63 6 43 43 28 18 65 51 13 8 9 19 25 41 34 47 53 67 60 23 21 61 37 30 46 
44 26 49 36 49 32 16 5 8 64 16 1 66 35 5 45 32 49 1 79 50 39 3 35 38 40 80 47 72 29 22 12 75 28 41 7 24 17 36 11 52 12 38 52 17 24 12 7 10 57 
45 37 35 26 50 49 64 4 32 60 55 30 2 66 44 35 62 6 31 6 12 37 68 4 48 25 3 36 9 14 58 52 34 32 20 2 37 12 52 50 30 15 58 9 3 30 49 27 32 30 
46 24 19 29 19 35 22 22 41 42 69 27 57 36 64 60 72 26 4 31 49 13 36 34 61 56 65 30 1 36 51 23 58 12 31 41 49 24 67 36 78 18 47 25 69 12 51 21 12 43 
47 31 26 32 53 52 17 53 49 16 52 40 38 52 15 7 25 35 55 57 8 29 6 47 47 44 21 3 18 48 31 7 25 55 57 42 1 10 20 29 2 27 49 20 43 46 18 73 
48 11 63 55 30 42 51 67 30 27 50 13 26 3 11 27 20 7 49 8 62 30 52 21 42 45 18 13 6 19 1 8 37 2 47 51 4 20 7 35 33 59 79 65 
49 20 44 81 16 32 36 44 25 21 45 57 14 47 54 81 53 17 46 70 15 44 48 64 25 3 36 28 8 50 60 50 53 25 42 46 47 17 36 45 42 41 50 
50 13 39 9 45 9 16 63 48 28 16 8 12 15 42 56 5 44 21 11 25 49 29 30 41 49 67 6 8 21 19 45 18 24 66 3 49 4 1 10 26 51 7 
51 5 5 34 18 28 48 4 18 38 8 10 38 2 8 27 31 40 25 15 9 2 46 48 22 15 13 43 14 9 13 8 3 14 61 27 11 20 36 11 46 13 50 
52 19 38 10 42 14 15 47 14 4 40 57 30 57 47 14 47 59 48 33 15 13 15 55 32 7 30 20 45 68 15 35 8 9 27 45 11 53 44 44 65 32 39 
53 29 47 78 11 47 26 31 25 14 49 43 43 53 53 20 55 8 58 12 49 6 28 8 40 66 10 77 52 15 19 34 43 57 11 15 65 74 7 14 27 
54 2 59 30 36 2 49 15 35 61 68 15 9 23 67 54 54 12 10 19 6 76 73 12 42 1 7 64 35 73 6 26 5 11 1 64 76 12 22 
55 4 5 48 5 30 2 2 9 1 18 11 45 41 76 15 47 1 52 12 71 53 37 23 10 20 40 47 3 1 34 37 32 8 31 30 8 7 
56 28 32 73 4 18 11 43 30 19 1 56 56 2 39 50 23 21 9 8 3 46 12 64 21 68 5 28 19 6 42 24 14 64 56 56 22 1 
57 8 6 6 23 28 49 14 46 64 78 52 52 2 29 29 61 3 47 59 28 7 61 28 41 17 47 25 29 13 15 41 53 11 60 27 44 
58 12 6 19 60 17 18 70 35 33 53 33 36 45 1 40 39 9 46 22 76 59 79 11 74 45 61 18 39 32 12 59 35 27 2 
59 3 54 2 11 27 5 37 26 73 42 60 52 40 14 28 13 38 57 7 36 22 13 63 79 58 30 30 39 8 48 58 37 62 
60 32 32 40 21 58 77 45 42 19 46 13 59 16 2 37 10 10 49 22 39 13 78 7 17 36 17 43 6 14 70 57 37 32 
61 8 16 3 4 22 31 14 54 28 13 23 57 46 17 21 22 5 57 26 34 2 28 58 51 12 61 61 43 31 
62 31 20 27 30 29 23 37 39 23 45 17 38 48 16 5 25 33 36 7 8 20 5 14 19 15 22 59 29 
63 48 29 10 72 13 50 42 4 18 18 30 19 28 78 43 37 59 3 19 20 9 25 66 29 5 9 12 
64 11 3 45 5 14 44 17 11 57 46 32 18 19 49 43 5 56 7 54 18 28 56 54 1 14 16 13 
65 21 33 21 9 21 41 5 40 35 4 46 28 6 43 32 7 4 68 42 34 16 52 5 53 23 34 48 
66 5 39 44 45 33 17 30 1 10 24 14 1 23 4 33 53 35 9 32 50 42 63 21 26 11 
67 29 42 48 23 31 8 22 28 54 20 23 16 1 50 20 5 33 46 17 29 43 7 
68 25 14 41 54 45 23 27 52 56 28 20 33 65 33 25 22 24 18 
69 7 26 42 46 22 26 24 34 26 17 1 23 15 7 13 46 20 
70 33 49 15 58 2 32 31 20 31 18 28 1 31 24 39 60 
71 1 22 21 13 39 29 29 14 37 39 55 9 14 6 2 33 
72 24 12 63 46 44 31 29 16 38 5 1 38 2 38 19 
73 7 56 5 4 5 17 59 54 3 54 2 32 47 39 
74 21 25 3 13 5 25 34 58 42 53 34 
75 30 75 75 3 37 33 44 30 9 34 38 
76 55 30 29 31 54 31 58 9 6 54 
77 18 60 22 14 53 9 4 5 35 
78 53 3 57 14 63 60 46 9 
79 17 44 59 58 13 2 48 
80 27 44 6 29 
81 49 49 5 16 
82 39 23 
83 20 10 
