69
66 63 63 62 62 62 61 61 60 59 58 57 56 55 52 51 47 45 43 43 43 43 40 40 39 39 38 37 37 34 33 32 32 30 28 28 27 27 26 24 23 22 20 20 19 19 19 18 18 18 17 16 15 15 15 14 14 13 12 12 12 12 11 8 8 7 4 3 1 
1 67 66 65 64 64 63 63 63 63 63 63 63 
2 64 
5 68 65 
6 64 
7 66 
9 66 65 
10 67 65 64 
11 66 
15 64 
16 64 
17 66 
18 67 
19 65 64 
23 66 
25 66 
28 69 
35 65 
38 68 
42 68 
45 65 
61 67 
63 65 1 1 1 1 1 1 1 
64 15 16 10 6 19 1 2 1 
65 63 9 35 19 10 5 45 1 
66 11 17 25 7 9 23 1 
67 10 61 18 1 
68 38 5 42 
69 28 
