39
35 32 30 30 29 29 27 27 26 25 23 22 22 20 17 16 16 14 13 13 12 12 11 11 11 11 10 9 8 7 7 7 7 6 3 2 2 1 1 0 
1 18 15 39 19 26 11 6 5 11 16 15 6 10 10 4 2 21 5 10 5 3 2 12 10 2 20 9 1 1 2 1 1 18 2 9 
2 3 6 5 10 7 8 25 20 9 10 14 7 21 1 16 3 5 1 34 18 1 4 1 15 4 18 5 1 30 12 17 15 
3 2 18 18 20 27 9 34 16 14 34 32 6 19 8 7 30 6 21 2 1 9 20 18 22 13 5 17 33 11 36 
4 33 6 13 5 11 32 19 16 6 15 13 8 1 19 17 10 25 7 5 12 10 4 4 2 25 10 2 29 23 9 
5 9 19 14 13 2 4 8 7 1 7 13 37 1 29 23 1 2 8 4 27 24 6 3 13 2 33 6 26 8 
6 22 4 20 2 6 6 26 1 3 8 23 10 1 4 11 7 14 10 8 10 3 16 5 8 16 20 25 5 13 
7 5 9 2 27 5 8 9 9 29 2 8 6 3 12 22 33 4 17 21 17 13 31 20 20 12 8 9 
8 25 22 25 28 5 13 2 7 6 3 19 34 7 4 6 5 28 19 6 17 16 7 14 18 5 8 8 
9 25 5 3 18 19 9 9 7 21 26 7 2 7 21 23 26 3 1 21 14 9 9 10 7 1 4 
10 14 2 21 2 6 1 1 6 4 30 6 1 32 11 11 1 19 4 4 24 22 9 12 13 19 
11 14 1 36 12 1 4 17 22 11 11 6 10 10 17 29 37 25 35 32 14 3 17 12 
12 28 15 31 16 11 20 7 31 23 1 4 30 12 12 24 7 12 12 2 10 28 11 
13 24 24 4 17 5 16 8 14 33 5 15 4 19 18 25 3 7 5 26 10 6 15 
14 10 11 5 3 22 23 13 26 2 6 20 21 16 26 16 11 9 8 14 14 
15 28 12 1 19 17 23 1 13 4 27 17 33 2 29 2 21 13 
16 3 13 12 30 4 1 33 2 32 6 23 24 14 8 14 6 
17 25 26 13 15 11 24 4 7 11 15 7 3 8 25 2 11 
18 3 3 1 22 29 9 13 3 2 27 2 1 34 8 
19 5 1 9 15 4 3 8 4 13 10 8 27 10 
20 3 6 12 2 14 3 1 7 7 27 6 31 24 
21 9 10 2 1 9 3 14 7 24 9 31 15 
22 6 8 18 14 34 29 11 23 30 7 3 10 
23 29 14 15 38 6 22 9 5 12 16 4 
24 13 13 31 17 16 5 12 21 10 20 30 
25 17 8 9 8 2 4 13 11 4 6 17 
26 17 1 32 6 32 9 14 9 14 13 5 
27 31 3 35 28 7 15 5 19 18 20 
28 15 12 8 27 35 28 28 8 12 
29 18 23 22 7 5 11 4 15 
30 16 22 10 3 12 2 24 
31 27 12 24 12 21 7 20 
32 26 26 3 4 16 10 11 
33 4 13 16 7 15 3 5 
34 3 3 22 8 2 18 
35 27 28 11 
36 11 3 
37 5 11 
38 23 
39 1 
