81
80 79 78 76 76 75 74 74 73 71 67 66 64 62 62 61 60 60 58 57 57 55 54 52 52 51 51 50 49 48 46 43 43 43 41 41 41 41 40 40 39 38 37 35 35 34 34 34 32 32 30 29 29 29 27 27 24 23 22 21 20 19 19 18 18 16 13 12 11 10 10 10 8 8 8 8 8 7 4 3 2 
1 12 18 7 31 24 65 23 52 48 39 9 23 17 4 1 1 6 12 9 9 17 73 68 18 37 74 22 18 26 38 22 13 18 34 5 19 31 54 41 25 20 69 22 48 20 14 77 58 41 43 22 16 37 23 35 49 38 42 7 24 3 19 75 16 52 26 7 28 40 51 18 11 57 11 12 3 11 22 33 13 
2 12 55 19 69 34 8 12 30 33 31 60 52 23 21 2 2 10 2 2 25 4 6 32 23 17 53 12 20 12 55 65 28 37 43 54 41 14 9 11 3 8 56 36 25 66 27 27 49 6 42 68 8 42 28 69 22 42 31 18 32 33 57 54 39 9 63 50 21 40 12 5 30 51 52 12 57 12 40 15 
3 20 61 52 32 15 27 5 38 13 28 33 16 28 28 3 3 53 18 71 29 15 71 21 16 40 37 9 9 60 37 8 31 6 22 56 44 27 10 10 47 16 77 13 45 2 25 15 8 8 28 9 15 50 80 28 1 73 22 62 61 6 58 16 15 49 13 29 41 25 15 6 8 33 6 29 1 14 10 
4 25 12 8 51 47 12 14 61 15 16 33 1 6 47 32 27 42 42 24 46 19 16 26 61 10 10 15 36 2 62 18 48 7 35 23 43 36 21 23 24 10 17 5 27 16 40 6 19 16 56 41 31 53 10 37 21 18 22 80 22 4 4 81 7 26 7 60 10 14 43 7 14 64 9 47 8 
5 10 49 41 27 7 3 8 17 58 15 75 49 13 34 49 11 7 39 12 9 20 24 14 31 26 11 1 23 9 45 42 43 44 4 13 5 5 10 19 20 65 23 11 55 25 53 35 9 26 11 63 38 62 46 44 14 53 33 49 36 47 49 36 42 56 14 67 2 9 13 9 6 44 8 45 29 
6 58 12 30 18 47 59 68 60 60 4 17 46 1 74 13 41 24 24 40 15 21 18 71 43 12 31 6 6 3 17 2 17 21 47 36 23 28 61 67 19 4 33 11 2 39 58 23 27 25 27 29 64 25 39 60 66 34 50 3 9 20 25 52 53 21 9 3 24 59 5 6 6 3 32 24 
7 79 1 63 54 5 23 71 27 69 64 51 32 58 14 43 41 48 5 18 62 9 11 51 13 11 26 47 43 62 4 70 44 56 46 8 55 67 16 53 32 19 28 18 20 8 36 10 39 16 1 26 16 4 4 1 14 10 35 55 4 11 11 31 20 62 14 55 56 16 10 48 41 54 27 
8 4 18 31 41 25 23 11 9 65 76 5 39 29 12 30 2 10 31 13 17 45 54 25 53 23 3 35 11 39 27 27 24 7 29 55 2 43 61 3 3 18 2 48 38 26 7 20 72 15 39 27 35 33 72 21 56 17 42 39 57 26 38 61 60 14 3 18 28 69 34 5 37 4 24 
9 20 22 39 17 28 8 1 27 12 25 30 22 46 18 27 54 25 1 1 12 31 16 7 5 3 18 18 3 41 5 52 2 13 30 19 18 31 49 61 20 74 3 21 50 55 14 5 63 48 30 43 63 29 30 6 2 25 4 6 43 5 57 46 5 13 12 38 31 21 29 22 38 18 
10 5 70 44 29 65 60 8 69 21 14 23 11 43 19 58 53 54 13 2 46 61 4 4 15 35 41 24 11 47 3 3 30 55 21 34 34 34 4 33 22 34 51 5 57 33 55 16 17 37 4 59 47 7 54 63 73 32 38 4 30 7 23 22 13 48 46 29 7 40 3 32 
11 26 12 8 21 21 17 10 12 27 5 45 40 32 54 7 71 33 7 34 53 54 8 27 10 17 5 17 17 50 22 57 2 23 31 42 17 6 16 51 48 5 58 12 5 33 60 27 25 73 56 7 49 36 61 7 31 26 26 51 23 1 1 53 14 1 20 45 
12 35 4 6 61 1 66 11 2 16 25 4 33 9 25 8 2 21 38 1 11 59 9 15 5 13 6 71 16 39 15 31 2 2 23 15 17 46 37 23 31 48 49 18 28 22 14 11 56 27 17 17 32 27 20 2 13 2 20 9 28 19 2 1 59 60 41 
13 14 35 28 42 3 17 8 20 55 6 54 5 47 16 36 10 21 7 12 15 69 55 1 47 28 65 37 3 9 25 19 35 20 5 54 20 29 21 31 51 66 23 25 75 40 59 52 40 27 54 34 15 61 3 26 12 40 5 10 33 9 37 1 20 
14 13 29 35 30 39 15 67 66 18 29 40 4 28 49 15 40 59 24 10 48 7 52 75 5 26 39 2 1 39 74 65 37 9 58 41 16 12 23 27 53 5 54 4 17 7 68 4 5 8 65 19 29 14 14 7 11 69 45 57 21 29 3 
15 28 3 14 28 50 76 18 34 4 14 28 5 32 3 16 63 12 35 15 15 6 38 26 23 45 13 31 4 10 12 52 23 12 50 43 67 33 37 3 52 52 22 51 3 43 41 8 16 26 26 26 19 13 3 19 3 15 15 16 17 49 2 
16 22 41 12 29 50 38 25 3 4 33 28 62 29 20 25 31 15 34 29 3 13 9 25 4 36 30 12 19 52 3 20 26 21 4 7 1 16 16 10 11 4 23 50 28 14 39 7 57 7 1 40 15 29 72 3 44 47 15 7 24 32 
17 19 42 24 43 9 56 5 21 1 13 54 61 6 30 11 43 8 1 46 51 45 6 6 2 11 19 55 11 11 12 57 37 4 11 38 35 46 10 20 55 48 29 12 64 12 61 8 14 47 63 50 19 33 20 44 38 36 15 24 21 
18 52 45 61 1 40 8 6 14 48 15 9 3 24 31 7 1 49 9 9 59 39 6 20 1 1 4 33 68 42 42 34 67 12 9 8 37 22 26 7 27 2 50 29 4 21 80 23 35 50 8 51 33 51 38 25 1 58 37 30 9 
19 17 76 2 57 42 24 72 30 40 50 10 4 71 58 62 72 56 17 1 16 71 21 47 65 23 81 48 56 13 6 9 4 5 24 7 24 27 65 34 1 21 38 15 21 17 15 25 70 24 62 69 14 25 12 29 26 22 61 
20 3 9 44 79 47 34 61 13 16 35 5 43 18 59 30 53 74 63 36 2 36 1 16 33 1 27 38 33 13 58 13 9 50 5 67 50 17 7 8 36 25 6 12 64 17 21 7 25 23 45 12 47 55 13 11 33 48 
21 39 17 11 67 37 11 10 12 28 31 3 25 22 47 26 2 6 13 22 21 21 6 43 4 19 64 10 41 38 16 58 68 47 52 42 45 13 9 35 34 76 4 18 19 8 19 61 43 2 6 36 20 9 55 54 14 17 
22 33 16 9 22 22 23 45 43 23 42 9 38 51 21 45 45 52 36 1 21 1 66 3 24 42 11 50 48 33 1 24 10 1 15 45 24 18 12 2 36 4 42 4 3 67 51 41 46 26 50 10 35 9 1 19 
23 41 22 1 68 8 7 1 45 22 74 10 58 33 2 15 8 31 2 4 5 15 6 12 19 12 30 4 53 11 38 35 35 54 27 41 1 16 6 5 30 13 45 14 32 71 26 18 43 37 10 20 37 11 63 
24 56 1 46 17 30 42 19 34 42 14 30 25 29 18 4 6 6 5 24 24 40 44 22 10 62 41 8 38 26 39 22 37 77 4 25 26 19 22 55 19 28 1 45 42 19 6 72 31 17 16 8 6 
25 4 38 39 8 12 71 52 9 16 26 12 35 29 9 53 16 24 21 16 8 59 46 2 30 1 24 2 13 3 49 29 6 5 13 26 6 11 20 6 32 19 9 63 20 3 58 29 39 19 18 63 35 
26 11 37 25 35 27 21 30 4 46 15 1 14 7 5 78 28 35 29 24 16 54 48 28 56 31 46 24 18 42 70 8 25 5 28 7 23 4 1 44 15 15 15 8 45 11 11 22 67 13 51 19 
27 58 45 5 3 7 31 9 32 52 34 9 26 4 11 39 11 73 3 8 8 40 30 41 20 28 4 2 2 23 33 39 6 18 43 6 19 12 14 8 11 28 13 47 51 44 12 48 31 7 27 27 
28 15 15 13 9 3 14 3 15 3 16 46 70 21 47 58 36 35 53 41 52 13 26 2 78 6 66 32 27 26 37 12 3 7 16 2 26 24 3 44 27 1 32 55 29 29 8 79 12 56 42 
29 14 16 10 14 43 8 51 16 25 39 3 54 24 16 62 43 49 36 33 26 8 67 39 35 13 40 38 25 6 18 17 9 16 29 29 28 28 3 32 29 29 25 14 9 10 3 19 14 5 
30 14 6 24 59 70 76 50 39 9 8 17 79 24 19 2 26 16 48 64 20 50 25 10 30 30 27 36 23 33 64 9 47 47 23 30 30 77 9 31 34 10 9 41 38 2 40 32 18 
31 1 8 51 37 27 36 40 77 8 21 16 18 2 62 9 44 66 6 15 23 3 5 12 1 36 12 11 49 26 9 56 13 4 53 34 2 30 59 11 48 46 7 24 9 27 48 
32 3 40 40 34 27 4 7 15 65 11 42 34 39 73 2 28 47 46 7 34 58 36 2 23 63 10 58 33 46 36 40 57 28 25 37 12 29 75 6 30 33 16 10 
33 22 34 51 44 12 3 4 16 57 2 23 11 29 18 22 30 45 20 20 10 35 15 6 27 10 78 2 11 8 32 5 49 17 46 18 13 43 44 3 1 32 58 20 
34 65 33 2 32 15 40 56 20 24 27 5 16 32 11 62 1 34 34 18 53 10 10 10 10 32 56 31 35 50 49 21 40 19 77 40 30 49 6 13 8 48 49 44 
35 12 14 13 37 62 25 26 37 20 15 28 8 47 10 4 26 42 49 74 57 33 13 29 23 23 17 1 78 44 34 21 5 42 8 7 18 22 59 25 41 45 
36 65 31 38 58 67 57 28 13 16 22 54 29 4 20 4 6 36 36 53 20 30 31 2 43 57 76 32 7 22 64 43 20 32 5 11 21 5 64 17 48 45 
37 26 31 35 21 49 44 35 3 3 1 56 2 12 13 24 41 17 53 14 15 28 43 45 39 1 60 18 65 10 4 48 54 23 32 59 23 57 13 18 8 51 
38 59 25 16 3 51 22 36 42 12 50 15 39 1 66 66 24 23 20 21 50 65 60 17 76 55 1 8 29 5 56 10 19 62 44 8 30 18 9 17 9 46 
39 53 9 25 14 21 1 40 30 8 42 52 29 63 27 5 18 38 32 49 12 8 14 41 56 24 14 29 64 42 37 6 27 16 72 7 8 6 2 8 25 
40 18 44 32 32 39 14 34 31 14 40 40 19 51 3 11 6 75 24 27 4 54 64 55 29 54 34 13 34 16 13 32 40 40 1 2 48 13 30 2 10 
41 16 5 23 8 60 66 6 7 43 28 9 10 39 24 1 2 27 62 37 21 53 47 1 42 42 43 23 4 14 15 44 41 41 30 22 3 35 7 12 
42 17 13 19 24 22 24 59 39 38 4 4 32 18 22 5 18 35 57 11 39 41 41 2 21 2 2 26 1 59 22 35 68 24 8 5 55 57 28 
43 17 60 29 22 10 17 7 41 29 20 6 7 21 4 45 5 2 8 15 1 44 36 37 41 53 15 27 36 9 4 23 21 52 9 33 43 43 
44 20 10 33 40 48 65 37 31 24 7 3 5 69 43 35 60 46 53 5 52 28 41 53 26 38 27 16 66 50 51 58 17 5 33 34 
45 27 18 22 23 22 8 11 22 70 15 17 5 43 48 33 3 49 77 37 22 47 21 55 23 24 50 60 26 20 58 5 14 35 36 11 
46 24 46 46 73 28 9 6 17 57 4 70 26 10 25 68 59 12 7 26 32 60 17 44 51 48 5 32 22 31 33 9 10 70 38 
47 20 6 4 4 28 48 13 21 57 50 7 13 35 6 10 3 19 41 32 21 45 30 30 10 27 49 59 17 5 78 16 4 20 78 
48 50 44 1 18 54 14 47 7 30 4 22 45 1 19 12 52 26 76 8 11 9 46 17 50 37 31 40 10 27 34 36 7 20 31 
49 51 5 64 14 54 37 5 5 29 18 39 35 45 12 31 2 9 25 1 34 54 34 47 5 33 11 3 5 53 52 34 15 
50 48 64 16 15 30 53 38 19 75 47 30 11 22 60 15 38 20 16 9 3 34 20 18 48 6 45 17 2 22 44 18 63 
51 49 31 33 4 7 38 29 22 40 17 7 53 10 53 11 15 13 46 27 64 22 1 2 11 44 18 18 26 63 37 
52 56 18 3 1 25 27 39 14 22 2 55 28 15 9 16 60 48 21 15 15 44 13 1 6 69 43 2 49 74 
53 39 50 3 25 10 28 8 11 51 2 20 36 23 34 41 37 7 51 43 4 31 5 14 44 44 5 6 49 11 
54 7 17 49 48 9 13 29 8 11 10 36 11 1 2 26 23 13 40 57 40 10 49 2 14 13 37 68 21 7 
55 2 64 13 67 52 13 17 75 2 7 10 8 40 10 73 38 9 24 5 45 17 7 28 42 7 21 20 
56 24 52 17 72 34 19 3 57 7 37 39 19 2 26 31 4 34 12 38 8 11 5 7 57 28 56 56 
57 19 33 36 46 47 56 17 11 42 35 10 36 54 16 2 32 8 9 42 2 1 37 14 56 
58 27 6 5 7 36 28 23 10 19 1 21 20 6 32 11 14 32 3 25 44 18 45 33 
59 38 62 30 6 62 14 42 63 12 18 25 20 46 10 42 13 31 47 37 6 35 12 
60 43 41 10 6 6 2 3 72 52 50 38 46 37 44 11 6 4 45 8 61 12 
61 3 12 18 4 17 20 66 4 10 6 8 9 17 3 13 21 11 8 60 19 
62 59 35 59 16 29 31 7 19 65 34 4 7 24 41 5 3 38 19 7 
63 7 39 59 15 20 66 9 32 10 5 9 66 17 2 25 23 25 50 51 
64 49 50 7 55 30 65 21 77 39 30 40 6 36 17 51 20 4 36 
65 34 36 1 8 10 44 32 62 64 13 2 19 14 38 37 5 19 14 
66 12 14 41 68 61 31 22 38 38 28 2 63 13 63 6 44 
67 14 21 55 36 6 7 18 29 15 20 22 26 5 
68 23 6 66 1 46 18 21 70 2 42 54 14 
69 2 7 10 13 1 44 2 52 19 8 14 
70 10 30 28 46 45 7 68 26 19 46 
71 25 7 3 3 19 11 6 12 19 23 
72 56 19 78 19 60 39 8 8 16 24 
73 46 1 32 27 55 10 3 11 
74 23 6 1 20 35 14 9 52 
75 5 50 14 40 55 13 1 32 
76 19 15 8 30 38 36 48 21 
77 31 3 24 64 1 45 30 34 
78 72 26 28 35 33 47 47 
79 20 7 30 28 
80 3 4 18 
81 19 4 
