96
95 93 92 92 91 89 88 88 87 86 86 85 85 84 83 83 83 81 80 80 75 75 73 72 72 70 68 68 68 68 66 66 65 65 61 61 61 60 60 58 56 55 54 53 53 52 52 51 51 51 51 49 49 49 48 47 43 43 41 41 40 36 35 35 35 34 34 33 31 31 29 27 27 26 26 25 25 25 24 22 22 22 20 19 18 18 17 16 16 16 15 14 8 6 3 2 
1 6 49 23 14 64 18 13 75 3 3 18 88 30 17 12 16 68 11 13 43 73 59 16 79 68 3 35 59 30 4 41 78 44 9 42 4 7 61 34 21 4 40 12 33 10 87 74 73 39 74 35 59 7 50 1 1 9 62 7 59 22 2 14 52 60 26 15 56 59 24 58 33 9 76 57 46 61 28 65 5 81 27 66 70 19 43 23 37 2 12 18 34 60 6 40 
2 39 22 10 8 13 40 44 48 38 18 62 67 62 67 32 17 60 9 62 37 13 50 12 80 68 52 6 22 16 22 45 28 10 7 20 4 5 80 12 11 3 89 35 20 4 5 9 62 31 14 79 5 34 62 63 41 56 9 1 33 57 20 57 10 10 83 33 30 32 25 19 57 75 73 7 2 2 79 8 14 75 83 31 26 34 1 63 69 6 51 26 27 14 
3 20 12 50 40 8 66 71 5 1 5 1 21 59 42 66 55 17 12 51 19 21 4 1 32 80 41 56 29 34 29 7 33 6 51 23 11 7 18 18 18 23 2 47 27 46 49 12 65 36 32 6 73 69 40 19 6 12 64 11 16 37 4 10 16 27 5 18 35 7 89 66 25 25 4 11 35 4 52 59 17 39 8 11 44 8 31 60 16 40 72 41 64 
4 14 28 7 24 9 55 29 31 10 53 55 30 6 38 74 3 39 57 1 41 24 44 1 35 69 69 71 17 2 53 19 1 32 26 60 60 13 64 43 74 2 36 20 44 18 30 11 35 15 13 44 61 31 48 8 50 72 3 26 61 9 39 81 78 60 10 47 56 5 21 78 85 7 3 7 73 32 14 14 37 53 19 3 12 19 29 70 19 74 33 16 24 
5 39 68 11 3 46 20 3 64 56 55 33 6 17 38 18 14 45 10 17 66 45 60 50 63 23 35 24 52 14 82 41 2 84 72 30 11 34 33 80 45 2 21 39 23 65 2 33 15 13 30 39 25 3 14 79 48 32 8 60 20 35 43 18 48 5 5 73 34 42 8 79 28 4 15 86 16 28 1 19 57 78 41 7 41 58 27 40 65 19 19 48 
6 12 1 18 7 10 61 59 92 71 84 62 10 85 65 10 5 21 4 70 26 45 24 70 47 6 6 2 69 88 73 23 8 3 42 15 34 6 6 59 83 25 20 39 67 84 37 10 15 61 12 28 51 42 3 37 19 41 43 3 40 41 77 18 55 30 33 22 34 20 37 27 14 21 45 7 39 18 33 7 53 37 2 1 21 22 13 53 9 26 
7 63 45 35 27 4 18 72 16 6 48 69 20 30 49 9 18 22 10 11 41 67 57 3 14 37 2 25 40 51 1 44 3 37 68 18 22 74 58 21 57 77 44 54 37 1 20 9 43 1 42 70 51 66 25 93 48 16 52 33 53 11 64 11 8 40 34 3 8 36 2 6 18 4 4 48 68 9 10 61 47 6 5 55 32 17 26 48 33 
8 52 43 22 3 2 38 65 42 18 44 11 34 41 16 11 13 13 35 33 36 21 88 26 20 6 59 63 57 14 60 15 11 87 89 25 19 43 82 24 74 72 4 50 44 69 33 70 5 85 7 25 36 54 46 46 7 27 54 36 5 21 2 12 13 90 9 38 36 36 47 74 23 34 21 82 3 34 31 3 37 47 26 8 8 27 86 16 50 
9 87 34 31 77 49 73 24 4 80 12 15 20 32 26 29 2 21 7 13 40 56 86 40 48 43 72 58 1 56 13 28 33 68 34 73 13 2 68 46 11 29 55 52 29 31 25 30 46 35 1 7 12 2 25 59 15 49 4 24 11 1 50 20 51 53 13 43 50 52 21 7 89 8 21 18 39 14 34 56 77 30 38 49 13 38 28 6 
10 66 81 69 77 2 15 24 24 32 4 6 25 14 65 16 83 55 22 6 50 54 10 10 6 45 70 15 7 47 57 5 91 32 26 88 49 29 12 27 2 11 77 66 83 6 80 28 1 50 13 57 26 67 64 11 66 12 46 90 51 3 56 57 2 2 51 32 54 4 16 18 13 14 37 7 14 20 50 53 90 10 10 19 36 32 39 
11 56 50 13 46 23 5 46 71 55 45 1 19 8 29 24 37 58 53 8 35 7 66 19 29 10 13 3 46 17 82 93 16 24 80 14 5 12 2 8 68 38 86 9 4 40 31 43 10 19 3 41 16 45 7 68 7 33 21 38 94 24 29 9 40 3 65 47 35 53 83 30 82 54 26 29 84 63 42 13 3 58 43 36 68 53 80 
12 3 6 29 9 91 29 42 40 1 47 45 43 43 28 37 32 3 38 2 52 88 21 27 30 38 21 37 46 10 47 54 47 38 43 27 40 36 20 11 21 2 48 1 6 38 34 70 65 49 3 23 51 71 56 56 79 36 27 58 3 9 10 26 62 21 35 36 16 65 32 8 20 55 63 38 30 28 45 4 36 1 22 46 19 19 
13 11 49 50 1 23 76 19 23 2 34 31 63 23 1 51 72 64 2 67 27 9 51 14 50 8 44 8 70 64 68 67 9 37 78 11 61 28 36 37 42 4 10 9 23 52 15 4 5 34 87 40 22 21 35 51 45 57 63 17 54 63 54 26 84 27 10 27 45 15 9 8 69 49 55 76 19 52 11 46 19 9 35 6 27 44 
14 29 72 4 46 1 81 51 10 55 33 64 21 20 18 13 5 92 34 19 35 53 7 53 67 86 42 88 17 77 11 8 5 55 22 53 23 31 2 16 17 28 47 58 17 61 52 35 1 85 19 5 28 60 17 34 47 69 6 36 26 17 21 2 4 10 4 71 47 10 41 63 70 31 79 9 91 24 61 24 41 75 64 2 40 
15 24 50 10 35 9 59 17 30 62 70 36 46 41 10 41 18 20 43 65 39 6 17 22 48 56 55 75 17 6 54 40 8 35 28 35 35 29 13 5 36 4 16 40 34 18 20 65 42 16 64 64 9 88 92 45 59 20 60 1 34 81 96 53 47 5 13 55 55 52 58 59 74 17 50 23 52 53 77 28 59 50 18 44 
16 57 30 21 83 52 7 32 22 40 79 26 39 1 10 33 35 34 1 69 8 43 22 36 2 61 27 42 20 25 81 11 42 78 56 63 17 79 26 66 59 79 64 14 76 23 15 17 80 3 25 26 69 38 11 38 3 15 7 58 80 36 65 67 46 55 25 12 10 5 75 28 33 18 44 30 83 37 29 43 4 3 8 27 
17 43 50 64 54 84 1 15 2 34 26 43 3 83 25 55 5 27 28 17 17 26 56 5 63 25 15 53 31 73 51 11 43 14 49 44 4 40 27 15 39 30 16 91 32 21 35 65 46 14 22 56 16 68 80 14 35 67 73 13 14 61 43 72 14 46 30 68 15 28 54 17 17 3 67 24 76 93 32 49 37 7 33 90 
18 20 6 7 44 1 21 38 56 28 26 1 2 26 40 34 8 78 56 19 22 7 14 5 15 28 64 25 26 3 3 52 3 7 73 25 47 4 31 78 61 39 15 23 6 53 37 3 42 28 74 87 54 48 38 5 41 10 91 7 6 62 37 71 41 18 18 9 16 55 49 57 29 36 21 1 26 46 28 59 15 63 
19 39 43 21 36 51 13 38 24 60 22 11 58 18 41 65 3 30 73 74 41 20 14 11 20 52 23 42 41 25 91 32 4 31 67 24 42 8 33 23 89 6 55 25 56 3 55 11 71 14 43 49 52 2 45 24 93 60 25 5 50 95 53 35 4 51 1 13 4 74 10 5 4 60 13 62 5 12 45 12 33 
20 3 68 50 47 18 21 81 83 90 9 39 5 24 23 30 39 7 86 14 55 88 36 48 15 49 19 78 8 28 19 31 83 21 25 16 2 49 6 88 25 30 53 12 26 54 70 29 2 4 51 29 47 79 7 61 40 15 65 77 67 2 15 6 66 26 5 35 61 68 59 9 12 54 10 25 29 20 20 25 50 
21 16 19 20 61 18 41 24 3 24 14 24 48 6 49 9 3 63 70 40 12 8 27 81 53 12 53 20 59 28 1 55 12 56 7 37 72 5 33 17 44 52 36 32 24 84 23 40 42 13 12 26 50 48 23 75 11 27 6 8 31 4 33 14 27 46 9 62 9 8 40 18 50 6 60 41 
22 62 44 78 32 8 2 30 74 54 33 16 25 49 19 42 63 10 29 61 47 33 47 31 18 30 7 71 62 41 2 16 24 25 62 51 2 15 71 29 14 36 53 7 28 67 29 41 24 34 17 53 1 13 75 6 37 28 39 91 57 36 60 28 60 22 22 26 92 86 30 29 12 78 6 28 
23 37 64 65 35 1 11 13 42 38 13 51 58 20 34 13 46 57 55 42 78 24 48 31 71 6 37 29 3 67 19 42 5 45 85 30 3 13 12 19 14 5 50 16 55 91 40 18 21 57 45 69 77 21 94 47 62 52 83 52 48 47 62 15 58 8 1 35 28 44 64 31 75 61 
24 33 79 15 38 9 4 10 10 21 20 19 53 49 42 21 33 21 36 11 54 23 6 44 39 50 31 22 66 4 55 11 5 44 33 78 76 19 58 42 68 32 22 69 45 21 94 29 8 86 49 38 39 44 9 11 1 36 37 36 89 19 29 82 25 17 14 38 24 24 14 4 84 
25 30 39 73 65 49 27 22 10 47 56 17 71 30 35 27 52 26 22 32 42 17 74 20 42 16 7 6 41 18 56 19 65 20 29 44 18 33 29 8 38 19 69 35 9 50 9 44 16 7 5 59 64 41 8 41 84 78 16 2 53 3 3 57 19 52 49 24 30 20 49 20 39 
26 81 85 35 69 61 18 74 16 18 36 9 46 63 17 6 32 54 17 32 8 84 25 33 10 43 32 84 74 18 67 20 4 77 79 66 16 57 39 10 61 91 36 16 34 4 43 12 21 33 88 20 1 68 13 44 14 22 85 87 11 2 72 27 18 8 71 2 7 6 78 
27 38 71 73 7 82 53 45 76 25 58 56 17 80 45 13 82 30 43 31 25 12 79 69 21 16 10 38 48 59 17 12 32 3 81 49 12 38 69 38 29 87 3 45 54 44 6 47 21 39 8 32 13 13 66 21 54 1 41 5 32 26 29 52 8 2 16 13 34 
28 31 44 4 57 18 47 80 12 71 17 90 90 20 45 32 2 9 18 21 89 13 65 53 10 22 38 6 15 41 14 68 57 85 95 74 14 18 43 93 22 77 38 33 5 41 22 62 5 16 69 1 63 38 64 30 43 12 17 40 23 81 15 18 9 60 22 35 68 
29 14 51 12 32 12 4 45 9 43 22 56 72 66 11 73 67 50 3 3 58 23 10 11 32 45 34 48 22 64 25 20 25 15 22 9 44 9 20 24 52 36 35 27 47 32 51 41 53 72 30 11 32 68 81 24 88 11 67 22 20 18 4 71 48 27 16 63 38 
30 16 25 60 77 22 56 1 32 20 15 61 7 4 47 25 19 22 27 31 1 71 72 12 66 63 82 33 73 52 20 23 5 66 17 58 34 64 4 44 9 5 40 44 6 50 29 74 2 83 41 47 17 39 89 46 11 12 25 28 49 34 22 16 9 41 91 81 38 
31 9 28 40 34 55 80 4 60 13 69 34 49 22 27 30 57 23 24 58 20 17 90 36 41 57 47 19 56 66 43 31 31 14 74 18 2 87 56 9 60 11 4 33 35 37 63 42 81 60 48 44 21 80 2 46 33 82 14 32 43 35 8 3 23 60 43 
32 54 22 16 29 10 35 70 9 30 60 2 85 50 12 41 58 26 46 3 38 26 49 25 10 28 59 29 26 92 43 19 4 27 39 17 3 24 41 21 58 29 48 5 82 73 10 63 29 2 75 27 34 33 12 4 66 44 83 47 31 17 27 7 53 40 10 
33 24 60 60 22 83 42 40 24 16 14 5 22 65 75 72 35 8 3 62 26 30 9 76 5 24 1 34 58 25 45 43 21 19 5 76 31 2 8 6 58 26 7 70 11 77 55 2 28 1 83 21 32 74 6 65 16 62 31 38 58 4 17 19 7 67 
34 9 31 72 48 58 35 13 73 23 18 31 17 51 48 68 16 8 70 14 3 6 68 92 75 29 67 48 1 51 9 5 33 30 12 2 22 49 13 15 43 26 61 6 54 7 14 54 15 5 37 52 32 45 78 54 45 30 8 2 9 35 8 1 62 27 
35 23 7 26 15 34 32 72 46 16 25 33 1 11 8 57 14 4 5 47 2 15 15 15 1 17 4 25 9 29 31 58 13 14 17 3 63 50 12 69 73 5 20 50 58 60 41 50 3 11 19 52 78 61 23 67 31 92 34 13 39 28 
36 19 83 67 66 77 26 15 51 24 20 60 76 8 16 69 37 43 47 94 73 52 31 13 22 12 51 4 72 3 15 21 12 29 44 26 92 37 68 46 16 12 8 24 24 7 39 56 14 8 53 22 39 8 8 64 61 12 18 11 10 62 
37 23 62 44 39 12 2 48 11 44 60 23 36 12 7 13 52 61 7 6 64 13 39 21 49 6 53 7 59 54 52 3 71 36 18 31 47 42 58 22 6 53 76 24 34 52 53 39 18 4 10 71 39 1 44 51 16 6 8 17 64 78 
38 27 24 50 45 8 23 19 18 2 42 67 5 12 4 80 32 82 47 12 40 46 27 12 69 79 12 50 28 11 42 25 91 67 48 60 64 71 27 27 16 16 24 59 57 57 11 28 62 18 68 8 12 28 33 9 61 24 9 30 29 
39 19 5 2 25 20 51 62 37 16 20 42 69 40 4 24 60 48 54 15 76 6 17 39 39 67 37 89 32 26 1 5 46 54 47 18 5 24 51 4 22 61 27 36 62 61 6 45 37 30 56 36 49 81 9 50 37 3 35 25 10 
40 3 31 2 12 16 18 33 57 84 39 21 9 64 9 53 38 7 17 12 59 78 46 1 15 51 66 81 3 15 11 89 23 30 6 20 13 21 58 52 75 7 48 60 75 11 76 67 49 28 53 56 21 5 32 3 14 1 46 
41 21 50 91 19 15 32 8 15 75 3 82 70 7 22 19 56 48 4 1 65 57 25 31 77 19 5 53 50 22 28 32 6 2 6 48 11 29 25 25 86 35 30 18 28 57 90 18 14 27 5 5 82 30 14 21 3 
42 51 23 71 12 3 38 54 33 24 22 8 52 46 39 23 70 75 25 6 1 16 25 14 23 42 42 19 16 53 13 19 38 24 6 73 92 72 7 21 15 37 43 18 31 87 44 47 5 85 42 42 11 59 59 70 
43 17 8 19 55 77 12 29 12 1 17 27 16 52 61 15 9 36 76 26 17 12 32 49 77 31 4 33 8 6 11 7 65 34 56 62 26 19 42 28 46 5 17 81 75 56 9 44 28 1 31 81 11 16 31 
44 22 28 18 71 79 2 37 8 50 13 24 37 4 75 1 46 7 17 24 92 25 90 53 7 4 21 29 30 4 47 36 73 25 30 8 92 24 72 27 42 26 31 63 43 32 16 79 87 37 3 23 15 13 
45 7 38 74 27 29 12 11 49 10 27 66 54 6 5 49 5 56 28 2 29 23 71 55 5 33 57 45 45 24 78 71 73 23 54 56 27 13 15 11 52 19 6 13 69 34 39 49 34 56 58 12 85 19 
46 14 11 11 5 35 23 52 26 85 42 88 15 51 52 32 78 60 12 38 11 44 55 40 3 9 39 17 59 9 10 61 36 47 43 16 8 8 51 84 1 17 53 30 21 31 80 74 12 13 18 47 40 
47 20 58 28 12 25 22 30 22 6 10 92 54 68 38 69 36 12 12 31 59 35 48 3 18 57 14 39 84 20 44 76 70 29 63 37 46 27 14 42 23 4 15 30 11 23 14 32 51 7 8 8 46 
48 34 82 2 7 34 21 37 59 20 23 81 41 9 39 63 15 27 29 34 62 12 47 66 51 38 41 4 61 32 7 50 5 21 51 40 18 66 5 51 31 7 70 23 79 52 58 54 29 5 77 7 
49 1 9 53 13 25 22 24 50 45 31 90 7 21 56 20 45 32 82 10 20 17 43 80 3 12 37 27 34 49 49 52 66 89 24 9 19 45 13 40 80 62 25 39 30 25 18 9 17 53 58 61 
50 20 11 3 38 15 13 17 66 41 49 32 10 2 44 13 87 29 24 90 84 5 75 10 38 69 41 23 1 25 8 4 48 35 21 30 52 35 9 35 9 80 19 58 15 10 39 75 21 20 15 8 
51 42 19 29 23 75 39 14 67 13 34 36 3 13 46 70 53 3 22 17 7 56 71 34 36 40 6 48 12 20 10 7 29 13 53 70 48 39 10 80 46 48 9 67 63 47 19 84 69 37 2 54 
52 8 16 55 46 42 79 76 57 12 46 2 43 25 19 37 36 30 5 18 13 81 21 9 29 37 14 49 1 96 7 40 50 19 45 34 23 37 69 23 9 15 25 56 35 3 15 13 48 27 
53 49 27 24 4 76 11 51 40 21 14 21 14 17 41 4 20 22 42 28 86 44 14 37 22 18 63 51 7 37 29 25 15 74 36 61 9 46 37 11 4 19 10 15 40 6 32 49 11 6 
54 32 61 22 17 42 55 10 24 45 79 26 47 88 58 39 12 15 20 88 7 39 37 62 45 27 61 13 34 18 34 8 13 10 64 68 8 61 72 84 34 11 27 20 60 17 87 48 58 51 
55 43 31 4 52 11 54 5 10 14 4 3 23 17 78 20 89 86 24 15 71 14 46 45 21 58 72 9 19 23 19 6 62 16 33 15 12 79 15 57 13 55 55 18 85 64 7 77 64 
56 11 30 18 5 71 29 64 25 27 18 49 65 9 17 3 41 45 9 15 51 25 59 16 21 31 12 12 31 70 19 17 2 43 45 10 1 36 4 75 43 39 45 88 52 9 40 76 
57 16 28 65 23 40 85 52 31 10 7 4 35 41 8 31 10 7 45 26 47 87 28 23 2 38 2 13 10 38 2 1 22 68 62 25 41 55 57 57 86 5 59 18 
58 34 59 47 23 27 76 19 59 11 32 62 54 29 31 9 55 30 7 33 24 12 14 32 40 35 16 37 33 82 1 35 61 15 50 45 23 5 48 11 33 54 93 49 
59 61 58 3 15 6 68 67 58 1 48 1 32 8 21 6 56 27 40 47 16 1 46 37 1 9 25 38 15 1 20 83 86 15 57 3 65 42 42 18 15 71 
60 33 33 30 63 31 19 68 32 2 78 36 39 37 46 5 90 8 4 4 38 31 1 14 82 5 15 35 70 4 31 40 22 22 19 54 19 1 3 31 28 21 
61 54 59 21 26 6 30 22 43 16 13 37 1 6 26 18 4 20 46 14 48 34 4 61 61 54 17 20 39 39 54 53 1 58 7 35 36 14 38 49 23 
62 22 37 39 2 2 15 6 2 22 58 33 22 89 48 2 2 1 54 55 66 43 12 38 39 23 18 28 68 57 21 49 33 23 19 34 36 
63 7 92 60 13 22 26 21 66 72 48 17 70 30 8 5 87 82 16 2 53 47 31 35 13 13 32 44 28 12 51 14 2 11 29 18 
64 23 1 17 5 14 56 13 68 83 40 13 69 18 37 29 4 30 16 38 10 3 76 15 15 25 7 54 28 36 55 55 23 37 14 3 
65 23 72 57 25 67 8 10 6 33 19 56 71 15 41 73 87 25 28 12 3 88 5 17 68 43 20 15 16 12 11 1 33 59 5 75 
66 10 3 36 67 50 3 90 29 45 63 11 5 24 30 10 74 30 31 26 48 16 40 10 7 62 49 20 76 3 48 27 32 1 79 
67 36 66 65 51 2 38 2 59 13 85 29 7 13 14 23 86 34 6 26 39 19 22 10 38 20 17 82 16 51 40 29 35 17 33 
68 20 5 59 60 1 64 34 1 2 47 13 34 7 9 11 24 9 65 28 17 36 11 29 26 20 38 54 57 62 7 17 11 28 
69 10 26 31 7 39 16 6 27 47 36 64 4 4 38 50 24 84 3 25 27 16 8 23 35 14 52 45 28 13 51 2 
70 92 32 15 83 10 6 21 6 34 42 51 41 13 63 20 12 56 94 47 7 8 51 33 79 60 48 14 76 1 4 42 
71 27 3 44 42 11 56 6 28 25 65 23 22 30 22 55 4 51 45 12 38 45 37 19 18 14 37 29 26 59 
72 14 7 34 65 35 13 29 33 75 63 30 9 5 21 36 55 42 82 8 4 44 86 29 17 54 26 3 
73 27 9 25 34 1 19 29 6 65 17 36 30 78 18 9 42 1 3 45 44 17 32 35 5 2 4 91 
74 45 22 79 26 75 4 19 25 26 66 7 4 1 1 31 8 28 18 30 53 33 15 8 46 19 4 
75 1 51 74 33 41 42 72 44 34 15 95 50 22 21 40 32 40 2 43 56 16 2 50 23 14 65 
76 13 27 58 52 53 36 89 43 39 33 24 16 33 77 47 64 66 37 1 40 13 70 17 94 56 
77 9 10 30 43 36 10 14 41 26 43 7 91 76 6 20 23 33 28 82 9 55 15 48 77 77 
78 22 18 60 23 55 46 20 1 13 73 16 40 24 18 45 81 25 4 4 34 5 35 22 37 26 
79 24 44 74 16 52 1 54 27 38 26 16 16 2 12 20 5 70 5 2 55 14 44 48 66 
80 31 9 85 28 27 38 2 3 11 2 10 5 49 16 17 16 51 31 49 50 46 11 
81 26 10 20 14 48 21 16 89 27 52 40 78 4 31 15 43 29 1 39 43 28 30 
82 48 27 27 41 38 49 30 11 5 63 8 72 58 67 32 60 77 24 11 31 41 8 
83 16 36 20 33 10 70 17 64 20 6 10 2 33 30 23 59 11 2 32 16 
84 17 6 40 26 50 90 26 6 5 69 47 21 25 13 46 54 11 51 24 
85 26 80 32 46 6 57 67 87 93 23 28 14 8 4 42 26 55 45 
86 91 20 9 90 55 14 89 67 53 11 24 72 41 5 59 57 22 8 
87 9 93 50 85 63 65 8 1 31 57 13 27 42 18 26 44 54 
88 1 46 20 12 54 6 8 10 14 20 54 65 26 15 29 56 
89 76 55 28 86 62 81 2 39 8 19 40 49 3 24 30 9 
90 20 66 49 28 28 50 86 84 31 60 44 10 41 8 10 17 
91 12 86 41 10 19 17 38 77 26 23 22 18 14 30 73 
92 63 70 6 47 14 34 32 44 42 36 44 15 22 35 
93 87 85 11 7 28 19 17 58 
94 36 24 70 23 11 76 
95 75 28 19 
96 52 15 
