80
77 76 74 73 73 72 71 70 70 69 67 67 67 64 64 61 61 60 58 55 55 54 53 53 51 50 50 50 46 46 45 45 44 43 43 40 39 38 37 36 36 36 35 34 33 32 32 31 30 30 29 28 28 26 25 25 24 24 23 22 21 21 21 19 18 18 17 17 17 16 15 15 15 12 11 10 8 4 4 1 0 
1 78 77 76 75 75 74 74 74 74 74 74 74 74 74 
2 77 76 75 
4 78 
9 77 75 
13 79 76 
15 76 
17 76 
18 76 
19 76 
22 75 
27 79 77 
29 75 
30 76 76 
31 80 
39 75 
42 77 77 
43 79 79 78 75 
48 77 75 
51 78 
53 77 
57 75 
69 75 
70 76 
74 1 1 1 1 1 1 1 1 1 
75 39 69 48 29 43 9 22 57 2 1 1 
76 30 70 30 18 19 17 15 13 2 1 
77 42 9 48 42 27 53 2 1 
78 4 43 51 1 
79 43 27 13 43 
80 31 
