26
25 24 22 22 20 19 19 19 18 18 17 17 17 15 15 14 12 12 11 10 9 9 6 5 5 2 
1 16 2 3 13 6 21 14 3 5 24 8 2 5 7 24 4 4 7 11 19 12 19 16 17 3 
2 3 12 10 4 1 9 10 11 17 14 1 2 2 6 7 2 2 3 15 7 8 4 6 4 
3 2 12 1 1 4 9 23 19 23 8 10 22 11 2 4 3 3 8 6 13 1 14 
4 14 2 12 13 6 3 12 12 14 1 14 1 13 3 11 5 13 15 22 21 2 2 
5 12 20 17 1 7 5 5 9 1 9 19 19 16 10 26 23 4 8 22 8 
6 11 16 13 22 1 19 14 4 2 18 10 18 16 18 2 3 8 8 20 
7 14 9 25 8 5 11 8 1 2 15 1 18 2 11 15 20 12 12 16 
8 10 9 15 7 1 15 3 22 7 18 16 3 2 21 10 5 5 6 6 
9 7 22 8 2 23 20 3 5 18 16 5 11 10 13 13 13 14 10 
10 12 8 25 2 20 2 11 3 6 9 24 5 17 12 12 8 13 9 
11 6 21 2 7 13 10 13 9 17 3 1 17 14 4 21 7 17 
12 10 2 5 3 23 4 15 16 13 4 4 10 10 1 7 7 19 
13 21 6 1 4 12 25 25 11 11 4 9 18 4 9 9 10 3 
14 4 7 1 6 2 4 22 15 4 17 11 21 9 16 3 
15 12 17 8 25 21 8 14 7 15 15 20 2 7 4 18 
16 1 6 12 9 18 24 5 6 8 21 1 7 14 24 
17 5 22 15 2 11 14 11 10 19 11 26 1 
18 20 19 9 6 16 6 7 13 8 6 20 15 
19 18 6 22 23 3 5 5 1 17 1 12 
20 18 5 10 9 20 20 15 18 7 6 
21 13 11 1 15 11 14 16 8 4 
22 9 6 17 19 14 8 3 4 5 
23 12 9 3 19 3 5 
24 1 1 16 10 16 
25 10 7 13 15 13 
26 5 17 
