86
82 81 77 77 75 73 71 69 68 68 67 67 67 62 62 59 59 57 55 55 54 54 54 54 54 52 51 46 44 44 44 43 42 41 41 41 40 39 39 37 37 36 35 35 32 30 29 29 27 25 25 25 24 23 20 20 19 17 17 16 16 16 16 14 14 13 13 12 12 11 10 9 9 8 8 7 5 5 5 5 4 4 4 4 3 1 
1 46 28 72 34 12 32 2 24 2 24 54 33 49 45 27 41 38 11 22 64 38 8 43 7 3 9 20 44 4 45 18 21 27 16 35 9 69 35 63 4 62 30 24 18 7 23 12 17 23 83 75 36 2 36 65 30 32 19 56 35 16 37 34 6 7 9 19 64 4 11 15 10 17 12 74 6 20 4 24 4 41 25 
2 57 17 64 13 40 1 1 59 25 28 26 36 13 59 9 12 31 21 13 43 3 8 3 14 83 12 33 9 69 30 15 6 22 42 65 66 11 48 14 37 64 13 28 23 47 49 29 18 35 56 23 20 6 22 67 21 3 4 32 5 7 1 23 18 78 20 30 7 2 2 22 15 48 14 26 6 31 26 2 2 3 
3 14 38 20 46 8 11 13 6 23 45 13 57 19 15 56 69 49 7 7 26 8 2 37 10 1 2 28 4 51 9 30 38 31 34 10 44 30 11 16 5 20 24 27 31 34 33 5 12 41 78 35 12 2 3 3 52 12 27 17 53 28 13 81 15 73 79 40 50 42 5 18 3 3 4 50 2 41 
4 24 33 8 12 13 20 23 12 41 19 53 13 18 18 37 26 21 62 23 18 50 32 40 16 36 24 3 48 1 52 17 16 23 40 23 58 20 41 25 15 39 79 67 45 1 25 39 43 13 28 25 4 4 2 15 10 24 10 65 17 26 21 56 10 29 10 31 1 26 12 9 24 3 1 47 1 46 
5 9 24 6 19 8 8 60 31 24 26 21 44 18 10 39 21 11 24 32 62 18 54 46 12 76 70 57 11 48 12 34 7 44 29 11 46 3 5 5 47 48 21 3 41 30 12 22 42 10 6 13 2 42 27 23 20 40 29 60 62 37 6 82 7 42 23 27 28 3 36 40 7 56 19 58 
6 14 5 39 6 6 62 3 18 21 48 39 21 19 42 43 82 56 9 40 8 23 11 23 24 50 51 33 48 31 19 14 2 64 6 6 38 42 12 24 70 46 21 2 15 45 16 68 25 39 7 53 5 9 44 22 6 6 33 5 12 26 48 13 1 19 23 28 11 2 1 52 23 17 
7 67 15 26 50 9 47 22 56 10 80 30 30 27 10 13 31 31 29 24 69 46 45 42 20 8 3 28 3 25 76 1 10 13 11 25 57 10 53 40 36 5 41 52 13 21 47 39 25 29 66 54 15 69 1 6 11 26 2 15 15 84 60 5 2 23 19 1 18 28 5 29 
8 69 20 23 10 22 11 10 4 9 5 5 16 17 3 26 74 11 34 32 28 31 39 14 7 59 25 3 52 1 2 28 6 16 38 43 22 23 58 71 47 43 10 34 52 17 22 40 55 14 68 11 45 26 35 66 78 35 11 18 65 39 8 8 10 28 33 44 46 20 
9 5 7 17 8 33 36 35 61 63 32 70 29 40 25 18 23 13 2 11 51 6 46 72 44 1 11 18 3 13 2 17 16 11 70 31 11 24 27 38 1 13 13 19 34 25 37 20 6 41 46 39 37 43 12 28 32 1 49 38 19 17 13 4 66 9 9 63 12 
10 8 20 8 34 7 45 10 10 7 51 48 34 26 35 45 41 30 5 31 80 37 20 7 3 17 14 41 7 41 8 3 43 17 14 21 19 15 5 13 28 4 4 18 31 38 31 32 14 16 21 27 4 13 22 12 8 22 4 1 38 41 38 65 29 71 31 13 21 
11 52 8 30 63 27 3 51 35 8 30 30 35 1 34 20 83 9 14 5 35 21 63 6 30 9 7 50 21 29 5 9 15 19 9 5 2 3 37 8 22 39 42 21 7 15 31 41 23 34 52 12 26 8 22 60 36 28 25 13 14 19 14 1 39 13 6 20 
12 45 4 4 1 23 27 15 26 2 30 48 31 31 41 2 18 5 13 25 5 24 20 18 18 70 14 37 14 6 24 40 13 33 15 43 3 14 20 24 12 12 5 3 26 1 3 30 35 45 11 29 38 20 20 6 43 9 10 31 21 1 4 35 36 9 15 50 
13 44 4 2 69 48 27 3 4 7 44 3 2 25 9 32 2 7 17 66 37 9 50 12 44 58 22 22 52 7 9 9 2 14 20 34 52 12 4 22 34 34 26 10 14 24 5 39 29 21 29 43 15 3 28 37 6 10 11 59 39 36 11 9 57 49 67 10 
14 3 6 29 81 43 73 65 17 32 8 17 11 10 2 44 84 14 14 10 6 61 12 16 2 13 33 23 51 8 12 18 31 54 12 15 13 21 53 76 10 51 19 37 54 24 39 43 11 41 11 44 22 31 2 44 36 31 44 45 52 30 40 
15 27 7 25 28 16 32 23 38 12 3 54 80 15 15 52 35 43 27 70 27 2 15 15 11 21 48 4 47 58 30 47 7 25 64 12 6 61 10 14 19 11 4 62 48 35 52 7 31 7 51 13 40 3 29 47 41 2 1 60 57 62 12 
16 15 8 34 45 39 38 85 83 43 4 20 8 28 4 45 24 21 50 9 1 22 14 42 3 19 60 39 40 6 30 38 53 42 33 44 30 47 28 61 44 66 46 10 21 36 20 1 18 33 60 17 23 22 38 48 19 24 61 44 
17 66 9 21 2 8 31 72 48 23 30 27 14 29 14 18 42 10 41 13 75 24 54 4 9 10 71 18 8 31 29 58 58 22 46 53 21 23 1 47 27 4 24 3 33 19 34 38 29 16 40 1 22 25 27 9 27 59 6 75 
18 34 54 29 4 4 6 9 5 23 4 19 28 17 31 50 38 18 18 47 51 5 12 9 34 1 54 78 73 42 12 12 63 33 52 17 2 1 14 27 22 47 10 28 2 58 8 37 16 53 25 7 36 25 3 32 80 74 
19 5 20 4 44 38 35 19 19 6 3 64 54 18 41 33 33 52 34 36 40 39 39 21 6 11 44 16 9 51 35 10 15 35 25 54 1 17 43 57 14 7 28 6 31 1 43 86 11 9 28 26 26 5 30 16 
20 8 39 10 39 77 19 27 26 4 3 28 23 44 11 7 22 38 27 10 46 16 36 1 35 22 45 12 4 40 13 3 33 39 2 26 12 9 5 36 24 12 12 2 16 43 57 25 25 53 46 1 46 11 29 8 
21 63 42 17 35 5 4 6 41 6 21 21 5 2 72 11 37 69 56 47 11 1 19 16 10 15 55 26 7 42 65 6 5 47 30 2 37 11 17 34 68 61 13 43 14 4 10 16 61 39 12 54 22 47 10 
22 23 27 8 7 54 59 26 27 25 75 65 1 55 20 34 27 8 28 26 20 34 13 13 36 25 2 16 8 17 36 57 11 2 13 26 5 34 18 6 77 55 11 32 2 27 10 10 56 51 14 17 21 16 61 
23 22 8 4 71 12 32 15 23 23 66 20 36 28 17 4 3 53 9 18 6 41 6 27 4 8 4 27 53 14 2 2 63 37 1 23 23 17 1 2 5 11 39 72 46 7 37 24 41 5 6 16 42 6 25 
24 4 26 5 5 31 40 1 1 37 7 5 59 4 17 35 6 44 16 61 54 28 58 12 9 32 46 40 48 3 12 6 52 1 12 13 4 60 39 17 39 35 64 20 23 14 30 33 33 40 39 4 32 1 16 
25 15 48 47 81 30 22 2 29 41 9 45 13 49 43 8 65 7 7 52 12 44 28 4 22 45 38 63 7 4 15 9 36 6 4 34 19 60 29 73 11 18 43 17 64 18 20 20 37 55 45 46 61 1 23 
26 24 7 20 53 34 58 8 22 5 46 2 4 10 71 50 68 42 12 75 3 44 33 22 50 49 21 55 47 20 22 12 13 8 7 26 26 4 11 36 6 46 80 32 4 2 44 19 2 44 19 36 62 
27 15 43 53 22 40 37 20 11 33 63 13 36 22 7 12 47 32 17 1 20 22 23 63 15 60 23 15 45 1 9 42 36 55 3 18 5 17 3 71 10 53 27 27 36 22 74 5 17 17 31 67 
28 49 15 1 20 2 43 23 8 71 73 18 7 30 8 3 16 22 67 24 25 55 2 4 62 54 10 31 78 16 18 3 53 13 49 11 19 8 9 5 36 6 7 19 29 57 46 
29 14 37 18 52 72 9 25 7 49 17 31 70 11 37 5 44 17 7 2 50 41 54 13 66 5 12 13 43 25 68 66 15 4 49 66 61 17 75 28 10 48 7 20 66 
30 11 33 25 7 68 7 11 51 17 48 11 10 75 12 46 28 11 3 33 31 61 2 3 32 57 42 1 15 21 35 5 16 50 12 16 38 1 32 2 67 24 44 19 14 
31 5 24 49 17 7 7 37 10 8 18 2 12 29 34 12 30 3 59 6 9 17 70 76 3 57 14 33 11 46 28 15 10 10 36 68 19 32 12 4 14 2 14 10 27 
32 62 15 36 36 33 47 1 9 23 27 8 14 4 57 13 5 62 65 48 37 45 30 50 32 32 51 24 51 68 2 1 30 10 40 22 38 51 31 9 26 24 18 37 
33 4 30 59 9 32 27 37 47 1 60 19 19 2 30 26 6 68 50 18 14 59 20 3 12 31 38 16 17 6 67 55 42 38 37 56 16 24 8 24 50 50 35 
34 18 10 1 26 55 16 45 10 66 55 8 11 43 36 63 22 31 59 19 18 3 22 5 8 45 43 13 9 3 13 35 13 25 21 22 11 42 17 1 81 49 
35 41 9 19 41 21 11 54 10 11 38 11 51 24 15 20 59 59 1 1 2 67 19 30 3 34 46 44 8 19 15 12 39 8 24 1 48 12 33 48 40 49 
36 32 32 9 27 38 2 23 42 34 72 4 20 19 7 22 27 36 36 22 25 62 1 48 20 1 56 26 16 11 31 27 28 13 18 12 14 5 51 26 40 44 
37 55 29 27 33 4 68 24 49 31 10 3 21 44 13 58 29 32 2 12 11 70 23 9 21 51 57 5 13 9 1 18 14 23 64 55 33 39 25 32 60 
38 3 48 19 36 16 15 1 1 20 35 18 49 8 3 9 71 6 25 65 33 16 30 10 12 77 42 74 79 33 17 84 32 9 45 53 10 10 42 16 
39 85 20 20 6 53 16 6 8 5 82 19 48 19 4 7 20 4 16 40 50 6 11 41 13 24 35 24 23 45 9 8 14 21 37 11 13 24 77 42 
40 27 69 2 24 71 9 53 4 6 56 19 4 7 20 8 24 65 12 16 39 42 59 57 5 15 32 3 61 17 54 56 24 45 5 36 14 35 
41 35 47 4 46 35 21 25 1 10 19 64 17 12 23 10 10 4 7 72 29 5 3 39 11 74 9 60 43 85 23 15 14 10 58 1 3 62 
42 21 49 36 26 6 7 17 18 27 2 21 16 30 6 73 70 50 11 40 5 50 5 49 16 34 38 55 33 5 74 57 68 23 3 38 39 
43 27 58 14 28 25 34 6 16 2 1 8 15 56 8 10 49 34 72 12 4 64 21 13 29 41 48 19 9 12 20 14 79 25 19 63 
44 13 19 5 67 13 20 51 9 37 1 26 24 25 13 14 73 5 3 19 29 54 35 6 16 16 14 8 26 30 14 26 14 54 36 16 
45 12 53 51 10 16 34 3 79 1 10 7 25 53 16 1 59 27 20 61 32 25 34 4 8 6 52 12 39 38 40 14 25 
46 1 3 41 26 53 7 30 20 9 5 47 5 24 69 71 6 17 35 31 16 23 9 26 8 20 28 20 25 4 59 
47 7 41 25 32 33 27 55 18 46 21 75 8 15 64 7 58 2 15 26 5 21 18 17 16 49 15 51 4 21 
48 25 38 13 10 17 55 6 30 12 4 32 39 5 6 15 2 24 5 15 36 58 43 6 35 63 2 29 16 35 
49 28 49 49 31 42 1 37 29 25 3 62 38 43 26 2 51 51 42 28 47 57 29 34 9 13 56 35 
50 7 56 26 18 4 13 11 6 16 26 33 32 65 42 29 39 42 30 58 54 3 33 33 3 12 
51 45 10 11 30 44 9 35 18 3 6 32 14 19 76 49 49 32 37 73 15 14 47 32 22 36 
52 11 29 63 8 19 15 4 74 25 13 7 8 18 13 24 3 45 52 52 15 11 69 6 76 14 
53 27 26 45 4 39 67 46 23 40 45 7 23 64 17 6 16 14 3 28 27 18 38 20 68 
54 18 22 35 1 19 15 17 5 24 18 7 44 29 14 70 28 19 50 14 82 21 40 44 
55 37 56 34 48 34 22 47 76 57 21 28 26 8 27 84 22 42 33 37 25 
56 7 50 55 3 6 67 40 21 43 2 56 56 1 36 4 33 22 40 5 49 
57 2 3 32 7 5 55 30 69 31 22 37 40 19 49 42 20 15 13 28 
58 26 43 59 8 37 4 13 24 15 47 17 17 48 18 50 41 5 
59 33 22 2 2 8 58 24 34 45 35 31 35 33 40 13 17 46 
60 5 33 27 63 16 24 25 5 41 7 11 16 62 15 37 62 
61 9 73 24 30 45 14 15 21 16 77 21 29 40 22 25 16 
62 32 6 4 32 5 49 1 28 36 15 5 60 15 26 60 41 
63 21 11 9 27 52 34 11 27 60 18 1 25 23 48 43 9 
64 2 19 1 41 47 6 2 53 15 43 24 37 1 25 
65 67 22 14 25 32 2 21 40 50 38 4 1 8 10 
66 17 23 34 13 2 7 29 8 16 29 29 9 29 
67 7 65 53 44 56 28 4 35 2 33 30 13 27 
68 30 37 26 33 8 6 32 21 29 31 42 53 
69 8 40 13 7 3 21 2 1 57 46 7 52 
70 9 29 5 15 9 12 31 6 42 37 54 
71 23 40 26 28 8 17 38 46 27 10 
72 1 29 17 36 21 9 43 41 23 
73 61 28 14 44 18 42 51 3 25 
74 8 52 41 38 27 42 1 18 
75 22 30 26 17 47 1 29 17 
76 7 5 55 31 51 14 52 
77 20 22 38 61 39 
78 18 3 8 28 2 
79 45 4 3 38 43 
80 7 10 15 26 18 
81 25 14 3 34 
82 6 39 5 54 
83 11 16 2 1 
84 14 55 7 38 
85 39 16 41 
86 19 
