72
71 70 70 68 68 68 66 65 65 64 63 63 62 61 60 58 55 52 51 50 49 49 47 47 47 44 44 43 42 41 41 39 39 39 37 37 35 32 32 32 31 31 30 30 29 28 28 26 25 21 21 20 19 19 18 17 17 17 16 15 15 15 14 14 14 12 12 11 10 6 6 5 4 
1 3 2 6 5 4 7 9 8 10 12 11 13 14 15 16 17 18 19 20 22 21 25 24 23 27 26 28 29 31 30 34 33 32 36 35 37 40 39 38 42 41 44 43 45 47 46 48 49 51 50 52 54 53 55 58 57 56 59 62 61 60 65 64 63 67 66 68 69 71 70 72 
2 1 
3 1 
4 1 
5 1 
6 1 
7 1 
8 1 
9 1 
10 1 
11 1 
12 1 
13 1 
14 1 
15 1 
16 1 
17 1 
18 1 
19 1 
20 1 
21 1 
22 1 
23 1 
24 1 
25 1 
26 1 
27 1 
28 1 
29 1 
30 1 
31 1 
32 1 
33 1 
34 1 
35 1 
36 1 
37 1 
38 1 
39 1 
40 1 
41 1 
42 1 
43 1 
44 1 
45 1 
46 1 
47 1 
48 1 
49 1 
50 1 
51 1 
52 1 
53 1 
54 1 
55 1 
56 1 
57 1 
58 1 
59 1 
60 1 
61 1 
62 1 
63 1 
64 1 
65 1 
66 1 
67 1 
68 1 
69 1 
70 1 
71 1 
72 1 
