48
46 42 42 41 41 40 39 38 37 36 36 35 34 33 33 33 33 32 31 30 29 29 28 28 28 28 26 25 25 24 24 21 19 17 16 14 13 12 9 9 8 7 7 4 3 2 2 1 
1 47 46 45 44 43 42 41 40 39 38 37 36 35 34 33 32 31 30 29 28 27 26 25 24 23 22 21 20 19 18 17 16 15 14 13 12 11 10 9 8 7 6 5 4 3 2 
2 43 42 41 40 39 38 37 36 35 34 33 32 31 30 29 28 28 26 25 24 23 22 21 20 19 18 17 16 15 14 13 12 11 10 9 8 7 6 5 4 3 1 
3 46 45 41 40 39 38 37 36 35 34 33 32 31 30 29 28 27 26 25 24 23 22 21 20 19 18 17 16 15 14 13 12 11 10 9 8 7 6 5 4 1 2 
4 42 41 40 39 38 37 36 35 34 33 32 31 30 29 28 27 26 25 24 23 22 21 20 19 18 17 16 15 14 13 12 11 10 9 8 7 6 5 2 3 1 
5 42 41 40 39 38 37 36 35 34 33 32 31 30 29 28 27 26 25 24 23 22 21 20 19 18 17 16 15 14 13 12 11 10 9 8 7 6 1 2 3 4 
6 43 40 39 38 37 36 35 34 33 32 31 30 29 28 27 26 25 24 23 22 21 20 19 18 17 16 15 14 13 12 11 10 9 8 7 4 3 2 5 1 
7 47 45 44 37 36 35 34 33 32 31 30 29 28 27 26 25 24 23 22 21 20 19 18 17 16 15 14 13 12 11 10 9 8 3 6 4 5 1 2 
8 39 38 37 36 35 34 33 32 31 30 29 28 27 26 25 24 23 22 21 20 19 18 17 16 15 14 13 12 11 10 9 1 3 4 6 7 5 2 
9 40 38 36 35 34 33 32 31 30 29 28 27 26 25 24 23 22 21 20 19 18 17 16 15 14 13 12 11 10 1 7 4 3 5 8 2 6 
10 42 37 35 34 33 32 31 30 29 28 27 26 25 24 23 22 21 20 19 18 17 16 15 14 13 12 11 8 5 7 4 9 6 3 1 2 
11 41 38 35 34 33 32 31 30 29 28 27 26 25 24 23 22 21 20 19 18 17 16 15 14 13 12 1 6 10 2 4 8 9 5 7 3 
12 43 36 34 33 32 31 30 29 28 27 26 25 24 23 22 21 20 19 18 17 16 15 14 13 3 7 11 2 8 5 9 1 6 10 4 
13 35 34 33 32 31 30 29 28 27 26 25 24 23 22 21 20 19 18 17 16 15 14 1 12 9 10 7 6 2 11 3 8 4 5 
14 34 33 32 31 30 29 28 27 26 25 24 23 22 21 20 19 18 17 16 15 2 10 13 6 5 12 3 4 9 1 8 11 7 
15 43 33 32 31 30 29 28 27 26 25 24 23 22 21 20 19 18 17 16 9 12 6 14 10 7 3 1 5 13 2 8 11 4 
16 34 33 32 31 30 29 28 27 26 25 24 23 22 21 20 19 18 17 6 11 10 8 1 4 2 7 3 12 15 5 13 14 9 
17 42 38 35 32 31 29 28 27 26 25 24 23 22 21 20 19 18 6 12 2 3 8 9 11 14 13 7 5 10 1 4 16 15 
18 40 32 31 30 29 28 27 26 25 24 23 22 21 20 19 11 14 15 7 2 5 17 4 6 1 16 12 13 9 10 8 3 
19 37 31 30 29 28 27 26 25 24 23 22 21 20 2 17 4 3 8 18 5 9 11 13 10 16 14 12 1 7 6 15 
20 44 30 29 28 27 26 25 24 23 22 21 18 9 4 15 7 6 8 10 17 19 3 11 5 13 2 14 1 16 12 
21 43 41 31 27 26 25 24 23 22 16 7 18 8 4 15 20 19 17 5 13 9 10 11 12 6 14 3 1 2 
22 38 29 28 27 26 25 24 23 18 3 9 13 11 7 19 20 5 8 15 4 2 14 17 12 6 21 10 1 16 
23 37 36 27 26 25 24 21 20 12 15 10 19 22 14 8 1 13 18 16 11 9 2 5 17 7 3 4 6 
24 30 28 27 26 25 1 2 6 11 9 16 22 3 20 23 4 15 13 19 17 5 8 7 12 10 18 14 21 
25 39 28 27 26 21 7 2 10 5 23 11 3 20 15 18 14 16 8 22 24 19 13 1 6 12 9 4 17 
26 30 30 27 7 13 8 6 3 17 9 16 11 10 12 21 14 24 19 20 2 5 15 1 18 23 4 22 25 
27 29 20 9 19 8 11 22 14 23 15 17 4 16 25 12 3 6 18 26 1 10 7 24 5 21 13 
28 31 16 6 4 22 2 17 2 14 8 9 25 19 11 12 15 24 18 13 5 20 3 7 10 1 
29 42 32 31 27 4 10 11 19 2 16 9 5 8 13 20 14 3 17 18 1 7 6 12 15 22 
30 39 37 24 6 14 26 4 26 3 18 1 5 12 9 2 13 7 10 19 16 15 11 8 20 
31 35 33 17 7 21 18 19 29 1 28 5 3 8 4 13 6 2 16 15 14 9 10 12 11 
32 41 35 4 2 17 29 9 14 16 13 18 12 10 15 1 5 11 3 7 6 8 
33 40 37 1 6 31 11 2 15 5 10 7 9 3 4 16 8 13 14 12 
34 43 35 11 12 7 5 3 13 8 10 6 14 2 4 9 16 1 
35 32 17 31 1 34 2 11 9 13 6 8 10 4 7 5 3 
36 48 44 38 12 23 3 7 9 5 8 2 6 4 1 
37 10 33 1 30 8 5 23 4 19 7 2 3 6 
38 17 9 11 2 36 22 5 8 6 1 3 4 
39 30 25 5 2 4 1 6 8 3 
40 33 3 18 9 4 2 1 5 6 
41 32 1 21 11 2 4 5 3 
42 29 17 10 4 5 2 1 
43 15 21 12 34 6 2 1 
44 7 36 20 1 
45 7 3 1 
46 3 1 
47 7 1 
48 36 
