94
93 90 89 87 87 86 85 84 84 83 82 81 79 79 78 78 78 77 76 73 73 72 72 71 70 68 65 64 64 64 63 63 61 61 61 61 60 60 59 58 56 55 54 53 51 50 49 49 48 48 46 46 42 41 41 39 37 36 36 36 35 35 35 33 32 32 31 28 28 27 26 26 25 24 24 24 21 21 19 18 18 17 16 15 15 15 13 13 12 10 9 7 6 4 
1 94 93 92 91 91 90 90 90 90 90 90 90 90 
4 93 
10 93 
11 91 
12 94 
18 92 
19 91 
25 92 
29 94 92 
39 91 
41 92 
42 91 
45 91 
48 93 
52 91 
58 93 
59 94 
62 92 91 
63 93 
83 92 
90 1 1 1 1 1 1 1 1 
91 39 62 45 19 11 42 52 1 1 
92 83 25 29 62 41 18 1 
93 48 58 63 10 4 1 
94 29 59 12 1 
