96
95 93 92 92 91 89 88 88 87 86 86 85 85 84 83 83 83 81 80 80 75 75 73 72 72 70 68 68 68 68 66 66 65 65 61 61 61 60 60 58 56 55 54 53 53 52 52 51 51 51 51 49 49 49 48 47 43 43 41 41 40 36 35 35 35 34 34 33 31 31 29 27 27 26 26 25 25 25 24 22 22 22 20 19 18 18 17 16 16 16 15 14 8 6 3 2 
1 96 95 94 93 93 92 92 92 92 92 92 92 92 92 92 92 
2 94 93 
3 94 
5 95 
12 93 
13 93 
19 94 
25 93 
27 95 
30 96 94 
39 93 
50 93 
71 94 
92 1 1 1 1 1 1 1 1 1 1 1 
93 25 12 39 1 13 50 2 1 
94 19 30 3 71 2 1 
95 5 27 1 
96 30 1 
