75
74 73 73 72 71 70 70 68 67 67 67 65 59 58 55 55 55 54 54 50 50 49 49 49 44 43 43 43 42 42 42 37 37 37 36 34 31 30 29 28 28 27 27 27 26 26 26 25 23 22 21 21 21 20 19 19 19 16 15 14 14 13 12 12 11 10 10 9 9 9 9 6 4 4 4 
1 45 26 6 42 28 20 9 6 19 33 56 60 2 25 9 38 28 31 35 23 7 5 11 11 16 29 19 4 3 6 10 38 64 14 20 30 4 20 25 9 7 14 47 68 45 36 28 17 36 3 30 58 43 29 42 53 27 6 11 43 34 42 32 13 31 4 5 19 17 32 30 13 2 52 
2 9 16 53 61 14 23 39 27 41 7 57 48 29 50 5 28 1 39 14 21 27 5 3 40 20 21 47 7 19 74 22 41 4 46 4 10 11 66 6 13 42 17 3 4 22 5 34 29 22 48 28 12 7 4 39 17 12 26 4 59 18 13 22 40 4 18 10 30 7 1 4 21 18 
3 33 20 8 35 8 8 10 10 74 8 48 16 6 9 2 3 3 38 50 23 3 3 32 1 19 34 24 41 61 22 23 13 57 6 2 19 49 52 5 1 4 17 13 19 69 27 50 12 63 3 3 24 29 40 30 9 44 61 18 13 11 21 67 12 50 3 3 57 3 3 34 10 6 
4 13 11 9 55 48 47 15 35 31 55 6 66 8 38 22 7 31 8 38 9 23 33 16 25 47 6 1 2 27 2 11 1 32 52 11 73 66 38 35 2 58 34 3 13 8 8 5 18 2 16 23 23 2 56 29 4 4 37 2 69 12 11 1 50 48 14 38 46 49 26 12 2 
5 22 53 58 20 21 5 5 14 23 2 15 47 32 2 18 31 1 16 16 16 10 9 9 5 5 37 45 52 30 59 34 31 26 50 13 33 11 70 38 2 40 3 7 33 37 27 4 5 5 35 23 57 15 14 66 13 72 13 1 34 51 12 12 14 41 32 5 5 18 28 40 
6 1 7 38 21 19 31 1 8 4 17 26 3 21 59 26 29 65 16 54 11 19 17 4 20 9 8 42 21 1 39 30 2 12 3 41 17 10 11 69 12 36 41 16 18 19 24 26 1 19 13 41 14 20 37 20 21 34 9 21 57 17 28 7 58 38 32 42 70 31 3 
7 29 6 35 68 44 31 2 7 7 11 26 46 10 34 33 14 4 8 1 26 25 21 25 14 31 2 47 62 60 31 21 46 35 60 19 1 45 38 32 18 5 22 24 2 27 20 14 10 43 11 38 11 18 15 29 9 24 34 38 6 11 60 16 51 24 48 2 15 21 56 
8 10 19 18 3 29 3 20 6 38 3 28 4 12 14 24 3 7 38 38 4 43 50 24 24 34 40 14 19 55 6 48 51 45 50 32 42 32 28 30 19 30 4 9 4 22 56 40 23 18 33 30 61 33 22 53 24 42 33 13 16 43 44 28 68 26 57 15 65 
9 60 2 60 4 37 37 24 16 1 35 17 1 37 10 21 3 37 9 9 4 13 20 5 5 18 49 6 19 63 27 11 26 16 27 28 10 24 1 27 63 50 57 10 26 36 8 26 23 28 50 33 31 45 3 16 17 15 10 10 6 7 29 45 43 17 10 39 
10 8 30 62 17 36 56 33 55 23 48 12 7 27 3 25 3 16 41 29 56 9 40 35 32 51 13 13 42 5 20 1 2 17 24 9 39 17 36 68 11 19 6 9 24 24 22 32 30 31 7 56 15 24 9 9 15 64 2 40 40 25 3 9 52 28 56 21 
11 65 4 7 36 24 34 40 24 26 18 53 46 22 57 17 64 16 17 45 1 1 6 22 29 14 12 26 9 2 4 28 16 35 22 4 10 56 42 17 5 15 25 6 18 49 37 71 7 1 27 23 7 53 19 20 4 43 3 23 7 52 33 33 32 25 20 36 
12 46 22 33 10 32 14 16 8 13 63 37 23 59 23 20 22 32 58 30 62 19 26 24 11 18 22 29 13 30 42 13 6 18 29 17 35 49 23 6 44 54 2 40 2 23 46 14 27 3 21 29 37 23 4 56 3 5 38 5 15 4 17 16 54 16 
13 4 14 28 19 12 26 30 55 67 10 10 9 28 31 47 65 12 3 49 2 12 17 5 35 30 63 31 36 4 62 31 3 26 67 57 19 67 6 2 43 1 3 5 16 5 28 32 8 46 15 69 41 15 29 17 1 63 30 26 
14 29 23 39 13 2 5 41 60 18 23 12 48 8 7 2 19 20 53 32 34 29 59 7 34 8 11 42 17 1 40 17 14 14 1 23 62 44 33 49 31 7 27 12 20 50 53 28 5 6 25 15 37 22 4 16 5 37 61 
15 65 29 47 24 4 17 33 5 43 30 63 55 19 27 47 57 59 54 20 20 64 50 22 53 11 29 51 65 55 63 20 22 46 37 41 39 24 5 64 69 10 44 9 10 7 14 32 13 13 35 28 42 7 12 8 
16 67 2 43 34 9 20 12 24 10 3 46 58 71 58 23 6 46 11 5 56 1 5 5 4 55 38 31 19 9 19 11 21 25 69 43 57 43 39 21 6 4 18 65 36 9 29 64 13 8 7 22 14 48 12 12 
17 21 18 54 18 10 32 15 37 6 9 45 44 11 11 23 49 21 6 33 14 51 48 10 14 10 2 12 11 13 6 72 1 3 66 2 27 42 23 22 47 9 23 18 48 36 6 31 58 48 18 13 1 9 24 12 
18 17 17 8 41 14 21 19 11 46 19 36 5 59 60 23 47 56 61 43 51 9 29 12 66 36 44 34 12 71 67 23 7 61 4 11 6 16 8 28 2 7 3 39 17 49 2 19 51 70 17 22 51 5 2 
19 8 30 19 19 6 51 1 13 18 29 18 14 30 44 46 37 24 15 52 20 6 12 2 43 1 8 3 54 9 21 45 16 58 20 16 22 68 7 3 22 10 8 56 36 6 3 13 6 30 11 1 18 54 71 
20 21 5 3 1 57 8 24 16 42 50 12 14 30 2 19 34 9 6 10 15 34 48 1 15 19 44 1 46 46 51 52 66 26 51 58 21 15 57 7 54 14 6 6 11 27 24 23 42 11 39 
21 39 17 25 20 5 69 33 30 6 18 35 55 28 45 2 6 29 9 7 56 2 17 38 59 19 6 7 16 21 21 72 16 20 59 67 36 35 74 12 51 6 6 3 51 37 54 64 7 2 10 
22 5 12 59 4 25 47 47 11 12 23 25 11 25 34 22 22 2 61 12 3 36 19 11 36 15 32 19 2 28 7 10 2 8 15 44 26 17 31 2 29 31 8 14 75 52 16 43 18 42 
23 14 2 5 45 10 25 32 14 12 45 44 12 46 1 22 16 18 25 17 53 4 3 3 60 33 56 14 30 34 18 12 9 4 12 5 42 17 8 4 30 11 48 17 12 11 25 28 53 20 
24 73 15 9 35 20 11 11 8 16 46 49 43 19 49 8 8 24 24 12 45 3 65 30 10 9 10 31 10 7 59 31 36 6 34 25 15 3 8 47 10 33 57 7 40 30 34 20 7 17 
25 21 23 55 10 51 22 1 75 42 7 33 22 23 22 7 47 25 25 4 33 28 16 1 28 40 11 25 25 40 25 25 50 62 24 29 14 49 37 23 10 29 11 36 36 
26 1 7 41 36 61 13 6 11 66 41 7 6 12 11 9 41 36 5 56 35 9 20 56 9 51 2 13 28 6 22 44 31 49 67 56 8 74 69 38 4 13 48 53 
27 33 71 31 36 2 10 55 52 46 2 34 39 36 15 30 4 9 39 38 71 9 9 51 39 42 5 60 7 17 14 1 3 12 11 54 41 34 32 20 34 68 42 37 
28 1 36 13 54 34 8 2 21 1 35 44 32 13 29 11 25 47 9 25 31 8 60 22 1 35 2 52 9 30 26 18 14 41 13 6 29 43 31 23 8 15 10 5 
29 14 7 15 8 2 19 44 46 10 21 46 6 14 1 11 40 47 18 45 28 12 12 32 48 15 58 2 1 36 4 38 3 22 38 12 25 16 7 9 28 13 25 
30 10 21 19 15 19 13 35 61 20 12 27 42 55 1 6 12 47 5 24 23 63 8 8 13 1 10 39 28 43 8 34 23 48 41 3 19 58 24 2 75 1 13 
31 43 27 41 7 4 53 6 46 54 1 53 4 5 7 13 7 16 53 32 5 28 13 24 14 32 13 24 50 10 33 9 45 22 26 22 1 17 28 6 52 55 33 
32 17 12 68 23 70 5 51 14 12 10 28 3 70 4 31 8 8 22 29 54 7 36 63 35 31 10 72 1 27 13 37 15 57 6 1 5 11 
33 27 3 21 10 12 1 15 49 7 39 59 53 58 25 54 4 17 47 46 25 23 5 14 5 34 9 31 8 50 8 24 66 8 11 11 39 31 
34 16 38 28 7 11 35 14 27 22 8 20 42 14 50 20 3 37 63 18 5 23 4 2 33 44 37 24 30 1 27 6 5 7 27 3 24 60 
35 7 3 4 24 21 9 34 41 37 40 28 1 30 10 38 7 11 4 12 26 13 57 28 32 36 41 53 5 21 63 55 43 45 68 43 15 
36 27 10 28 11 26 37 18 54 27 47 53 22 18 10 22 26 1 1 13 9 32 6 35 19 24 21 29 16 39 17 45 25 25 11 
37 9 9 17 36 12 35 48 47 9 19 49 9 45 5 34 40 5 47 34 62 15 11 4 6 12 14 32 25 21 27 14 
38 6 34 8 4 1 67 8 8 4 3 21 35 16 1 27 4 7 5 75 29 7 29 55 46 7 6 4 12 39 26 
39 14 21 49 2 2 33 62 27 71 50 6 64 27 47 60 10 44 27 16 2 30 15 18 52 36 38 9 33 20 
40 64 44 11 35 10 53 2 29 8 64 14 37 25 5 57 51 25 12 8 62 3 2 64 24 48 10 10 5 
41 31 18 14 2 26 35 10 26 50 44 49 49 2 3 26 72 6 6 35 15 6 30 27 28 69 13 5 64 
42 1 52 20 25 59 34 10 14 30 6 2 12 8 11 27 1 17 23 44 55 1 8 27 6 22 15 20 
43 31 16 52 15 47 24 48 8 46 19 18 16 16 1 30 7 1 53 13 35 11 28 8 22 9 35 51 
44 65 7 40 29 23 28 19 17 41 61 20 18 39 14 12 34 54 22 26 42 46 3 15 52 57 8 58 
45 1 23 55 23 21 61 17 11 37 70 71 24 29 19 5 8 7 1 47 54 31 9 35 51 9 36 
46 12 7 31 52 18 27 11 29 24 23 16 19 29 16 43 2 33 7 20 20 15 12 44 38 13 4 
47 15 4 5 22 37 22 43 25 2 15 18 29 4 7 36 33 13 39 30 28 1 37 45 17 24 48 
48 49 10 4 2 14 37 3 43 20 8 17 29 2 30 62 23 17 40 47 4 17 52 7 26 16 
49 48 39 33 24 24 37 41 17 41 9 13 3 14 12 52 59 55 11 26 18 25 4 52 
50 54 56 2 20 41 8 3 39 34 8 15 5 72 9 31 25 9 3 14 33 4 3 
51 19 25 32 10 18 17 8 20 27 15 40 20 26 21 21 5 45 18 7 43 18 
52 43 42 46 27 19 5 4 20 3 49 28 39 44 22 11 48 65 10 1 31 49 
53 2 5 31 11 33 14 31 40 23 36 31 15 35 1 62 14 43 8 11 23 26 
54 50 17 28 31 70 36 62 33 6 15 19 32 12 44 20 27 45 19 21 12 
55 10 4 45 4 25 27 21 15 13 16 8 30 65 15 49 42 38 35 31 
56 10 50 1 10 16 21 18 23 11 26 19 26 8 4 10 12 26 7 10 
57 20 2 11 15 3 9 40 16 35 20 73 13 5 24 6 44 3 32 8 
58 5 16 12 33 16 71 19 4 29 20 1 66 30 17 6 44 
59 22 12 33 6 42 18 14 15 21 67 5 49 24 21 2 
60 9 9 14 1 18 7 70 7 39 23 28 27 7 34 
61 2 73 26 45 30 18 22 44 3 70 18 8 3 14 
62 10 39 54 12 7 14 13 68 53 37 25 40 48 
63 12 15 9 34 30 9 13 32 15 3 35 13 
64 40 11 40 1 39 15 15 40 16 10 21 41 
65 11 44 15 6 13 55 24 15 16 52 8 
66 4 26 18 2 4 20 17 58 5 33 
67 16 38 13 59 18 21 13 13 3 26 
68 7 32 19 10 1 62 35 27 8 
69 21 16 6 3 15 4 41 13 26 
70 32 54 45 60 32 61 5 18 6 
71 27 16 39 45 58 27 18 11 19 
72 21 41 50 17 32 5 
73 24 61 4 57 
74 3 2 21 26 
75 25 38 22 30 
