56
55 53 51 50 46 45 45 44 42 41 39 38 38 37 37 36 36 36 35 35 35 34 32 32 30 30 27 26 25 24 23 21 20 20 20 20 20 20 18 17 17 16 16 16 15 15 15 15 13 12 12 12 11 10 7 5 
1 18 28 39 20 15 47 48 21 2 4 5 26 17 25 6 38 8 24 5 8 36 35 10 15 28 32 53 17 41 35 8 46 18 14 7 11 22 35 16 17 12 12 14 6 14 2 17 45 10 19 33 29 40 34 31 
2 9 10 16 6 21 43 48 8 17 48 7 24 51 15 1 39 38 13 51 3 30 11 33 14 38 48 12 7 6 31 18 24 36 44 3 4 52 24 8 1 50 2 2 4 2 2 17 25 22 31 27 19 3 
3 7 23 10 16 18 14 5 35 4 42 7 8 36 26 4 22 36 18 2 15 5 10 25 5 41 48 18 11 16 4 11 13 4 14 5 38 33 10 19 2 5 28 37 39 13 18 8 7 40 11 2 
4 46 18 13 4 4 20 17 40 10 50 37 3 52 3 11 35 20 1 10 51 17 16 27 16 5 8 10 35 9 3 44 9 53 3 16 41 38 31 2 43 18 24 5 22 21 7 2 5 21 53 
5 16 29 6 35 26 8 3 17 45 35 15 34 17 1 26 51 46 22 12 3 1 4 9 3 30 6 17 41 27 53 11 33 3 11 15 12 3 23 6 19 53 4 19 4 25 25 
6 36 26 20 5 14 40 24 2 19 19 17 53 26 14 7 8 53 1 42 7 11 40 38 18 5 13 56 2 48 6 6 39 1 7 45 5 12 8 21 6 6 7 16 8 28 
7 3 48 31 19 26 26 10 3 39 9 6 2 13 10 6 50 14 18 24 23 42 16 15 22 30 32 9 1 2 55 12 11 9 6 24 17 4 6 25 38 3 8 11 26 34 
8 42 49 15 23 18 5 43 32 41 3 20 2 34 34 34 22 6 28 15 28 13 1 1 4 17 12 13 1 26 43 15 13 31 6 25 2 29 30 3 10 47 27 6 7 
9 20 49 20 2 16 33 15 51 51 12 29 7 37 52 36 31 12 19 5 26 42 12 24 43 26 7 4 4 29 47 35 23 26 7 31 31 40 55 23 25 38 21 
10 2 3 21 4 14 7 26 19 44 23 20 4 16 7 21 33 38 3 29 19 1 18 36 4 30 30 45 29 39 21 3 19 14 23 1 8 19 48 31 17 11 
11 29 24 23 54 17 19 40 4 40 20 32 34 24 40 6 2 30 23 3 43 18 20 3 17 20 12 24 1 5 5 32 7 41 22 15 41 10 7 3 
12 39 46 46 54 9 19 22 16 15 21 16 25 30 23 5 9 24 9 8 54 29 2 11 23 29 37 7 5 33 50 44 1 1 14 6 29 14 27 
13 4 18 23 40 26 50 34 24 7 2 36 20 46 8 22 24 25 53 8 21 6 26 49 3 30 49 44 45 8 30 36 3 13 13 37 20 16 34 
14 16 24 52 6 41 3 10 21 47 6 42 44 36 7 46 33 29 16 2 1 3 48 52 12 1 19 17 1 10 34 22 15 42 22 46 12 26 
15 27 34 43 21 8 54 20 50 28 9 1 21 5 2 32 12 8 15 15 46 3 27 25 1 7 37 38 19 16 23 5 8 40 32 14 11 39 
16 5 14 21 9 30 3 33 2 26 22 12 10 12 4 21 4 19 37 14 19 7 18 54 3 54 4 33 15 1 31 19 29 28 32 13 6 
17 4 30 6 32 11 5 18 2 5 1 4 18 23 17 17 8 45 1 31 5 23 36 11 48 32 20 1 14 7 33 35 28 1 2 50 10 
18 1 4 52 8 47 34 3 13 17 20 43 28 21 23 3 17 29 7 30 10 6 16 3 11 23 19 1 2 44 4 40 30 20 3 32 37 
19 35 7 32 6 42 6 11 10 12 43 55 22 47 16 9 22 10 16 15 18 50 16 35 35 3 14 10 5 40 27 5 23 1 10 2 
20 9 24 6 9 4 36 15 1 50 34 8 33 18 10 4 11 30 27 13 44 32 11 53 11 24 17 31 35 31 18 31 13 36 26 33 
21 16 15 23 10 26 2 14 27 15 1 12 18 10 21 21 45 16 22 13 37 54 10 37 44 30 43 25 30 52 6 40 4 9 31 4 
22 27 39 48 22 22 39 29 24 26 16 12 37 37 8 26 3 5 42 19 13 21 19 7 45 25 1 14 11 4 14 42 30 2 38 
23 30 3 26 21 8 11 13 10 47 29 18 51 27 12 17 7 47 11 52 29 17 18 9 15 12 5 24 41 10 9 38 19 
24 20 14 11 55 25 6 37 22 2 13 44 11 1 13 7 27 12 9 51 25 11 20 29 2 51 23 7 2 26 4 43 34 
25 31 24 36 49 38 28 26 1 12 3 13 15 32 24 47 22 30 32 21 8 9 43 7 25 25 2 5 5 33 42 
26 6 23 7 5 28 7 16 21 6 13 22 3 10 22 1 25 5 45 9 49 31 13 9 8 34 9 24 14 7 20 
27 15 22 37 42 33 34 21 56 28 20 23 39 4 15 24 29 5 39 38 19 36 46 28 8 12 2 41 
28 1 26 43 15 25 41 27 18 31 8 8 39 49 1 51 50 43 3 16 28 28 17 33 27 38 6 
29 5 11 48 22 9 32 23 33 18 40 10 14 27 12 23 9 10 37 12 24 50 16 8 12 1 
30 23 16 17 33 20 12 2 18 5 11 46 10 7 10 13 25 39 46 21 13 21 18 8 22 
31 25 7 51 28 9 26 17 40 2 4 16 20 32 9 9 20 8 20 21 10 2 38 1 
32 35 19 49 17 8 29 11 56 15 25 1 20 7 17 25 15 11 31 39 16 18 
33 16 49 9 30 27 20 39 29 10 14 2 16 5 3 12 17 28 1 25 20 
34 15 18 20 13 27 8 8 5 8 11 44 45 26 55 35 14 24 13 1 7 
35 19 32 5 3 5 4 55 1 4 1 52 9 1 19 19 34 20 42 17 52 
36 6 20 25 3 9 14 13 3 42 1 47 10 55 17 45 2 46 13 27 20 
37 27 24 42 4 52 22 9 22 16 48 15 39 21 29 12 21 3 13 43 18 
38 25 2 1 10 6 2 15 44 3 4 27 38 38 9 23 7 28 22 40 31 
39 22 12 1 22 41 7 33 2 27 28 37 27 10 30 6 32 15 3 
40 6 4 13 11 11 29 11 6 31 15 9 18 19 21 3 38 1 
41 39 14 8 28 51 3 1 5 52 4 42 11 23 11 47 47 27 
42 8 19 27 37 3 14 6 36 22 9 7 41 35 14 22 25 
43 15 2 8 28 19 18 9 11 8 49 21 28 4 24 25 37 
44 45 10 54 14 50 24 34 20 4 46 38 13 18 2 21 12 
45 48 44 45 45 5 21 26 34 17 22 10 36 13 6 1 
46 4 12 12 5 13 15 14 30 44 1 30 36 14 27 56 
47 18 14 56 1 23 49 19 23 36 25 9 53 41 8 41 
48 45 7 22 29 2 2 1 3 37 2 17 49 6 14 10 
49 9 8 33 25 32 47 26 28 13 13 48 43 53 
50 20 4 15 13 44 7 28 19 12 29 2 17 
51 31 9 9 2 4 5 41 23 2 24 28 24 
52 14 18 4 37 9 23 35 41 14 21 2 35 
53 6 6 13 1 20 4 5 47 49 5 4 
54 54 54 15 11 12 44 12 16 16 21 
55 24 19 35 36 7 34 9 
56 47 27 32 6 46 
