69
68 66 64 64 63 62 61 60 60 60 59 59 58 58 58 56 56 55 55 53 53 51 51 49 47 47 46 46 46 45 44 44 43 41 38 38 37 37 37 37 37 36 35 35 35 35 34 28 27 26 25 24 24 21 18 17 16 16 14 10 9 8 8 6 5 4 3 1 1 
1 69 66 63 62 60 58 56 54 53 52 50 49 47 46 45 42 41 39 38 35 34 31 30 27 24 23 21 20 19 17 15 14 12 9 5 4 4 4 3 3 3 3 3 2 2 2 2 2 
2 69 66 63 62 60 58 56 54 53 52 50 49 47 46 45 42 41 39 38 35 34 31 30 27 24 23 21 20 19 17 15 14 12 9 5 4 4 4 3 3 3 3 3 1 1 1 1 1 
3 69 66 63 62 60 58 56 54 53 52 50 49 47 46 45 42 41 39 38 35 34 31 30 27 24 23 21 20 19 17 15 14 12 9 5 4 4 4 1 2 1 2 1 2 1 2 1 2 
4 69 66 63 62 60 58 56 54 53 52 50 49 47 46 45 42 41 39 38 35 34 31 30 27 24 23 21 20 19 17 15 14 12 9 5 1 2 3 1 2 3 1 2 3 
5 69 66 63 62 60 58 56 54 53 52 50 49 47 46 45 42 41 39 38 35 34 31 30 27 24 23 21 20 19 17 15 14 12 9 1 2 3 4 
6 69 66 63 62 60 58 56 54 53 52 50 49 47 46 45 42 41 39 38 35 34 31 30 27 24 23 21 20 19 17 15 14 12 9 
7 69 66 63 62 60 58 56 54 53 52 50 49 47 46 45 42 41 39 38 35 34 31 30 27 24 23 21 20 19 17 15 14 12 9 
8 69 66 63 62 60 58 56 54 53 52 50 49 47 46 45 42 41 39 38 35 34 31 30 27 24 23 21 20 19 17 15 14 12 9 
9 69 66 63 62 60 58 56 54 53 52 50 49 47 46 45 42 41 39 38 35 34 31 30 27 24 23 21 20 19 17 15 14 12 1 2 3 4 5 6 7 8 
10 69 66 63 62 60 58 56 54 53 52 50 49 47 46 45 42 41 39 38 35 34 31 30 27 24 23 21 20 19 17 15 14 12 
11 69 66 63 62 60 58 56 54 53 52 50 49 47 46 45 42 41 39 38 35 34 31 30 27 24 23 21 20 19 17 15 14 12 
12 69 66 63 62 60 58 56 54 53 52 50 49 47 46 45 42 41 39 38 35 34 31 30 27 24 23 21 20 19 17 15 14 1 2 3 4 5 6 7 8 9 10 11 
13 69 66 63 62 60 58 56 54 53 52 50 49 47 46 45 42 41 39 38 35 34 31 30 27 24 23 21 20 19 17 15 14 
14 69 66 63 62 60 58 56 54 53 52 50 49 47 46 45 42 41 39 38 35 34 31 30 27 24 23 21 20 19 17 15 1 2 3 4 5 6 7 8 9 10 11 12 13 
15 69 66 63 62 60 58 56 54 53 52 50 49 47 46 45 42 41 39 38 35 34 31 30 27 24 23 21 20 19 17 1 2 3 4 5 6 7 8 9 10 11 12 13 14 
16 69 66 63 62 60 58 56 54 53 52 50 49 47 46 45 42 41 39 38 35 34 31 30 27 24 23 21 20 19 17 
17 69 66 63 62 60 58 56 54 53 52 50 49 47 46 45 42 41 39 38 35 34 31 30 27 24 23 21 20 19 1 2 3 4 5 6 7 8 9 10 11 12 13 14 15 16 
18 69 66 63 62 60 58 56 54 53 52 50 49 47 46 45 42 41 39 38 35 34 31 30 27 24 23 21 20 19 
19 69 66 63 62 60 58 56 54 53 52 50 49 47 46 45 42 41 39 38 35 34 31 30 27 24 23 21 20 1 2 3 4 5 6 7 8 9 10 11 12 13 14 15 16 17 18 
20 69 66 63 62 60 58 56 54 53 52 50 49 47 46 45 42 41 39 38 35 34 31 30 27 24 23 21 1 2 3 4 5 6 7 8 9 10 11 12 13 14 15 16 17 18 19 
21 69 66 63 62 60 58 56 54 53 52 50 49 47 46 45 42 41 39 38 35 34 31 30 27 24 23 1 2 3 4 5 6 7 8 9 10 11 12 13 14 15 16 17 18 19 20 
22 69 66 63 62 60 58 56 54 53 52 50 49 47 46 45 42 41 39 38 35 34 31 30 27 24 23 
23 69 66 63 62 60 58 56 54 53 52 50 49 47 46 45 42 41 39 38 35 34 31 30 27 24 1 2 3 4 5 6 7 8 9 10 11 12 13 14 15 16 17 18 19 20 21 22 
24 69 66 63 62 60 58 56 54 53 52 50 49 47 46 45 42 41 39 38 35 34 31 30 27 1 2 3 4 5 6 7 8 9 10 11 12 13 14 15 16 17 18 19 20 21 22 23 
25 69 66 63 62 60 58 56 54 53 52 50 49 47 46 45 42 41 39 38 35 34 31 30 27 
26 69 66 63 62 60 58 56 54 53 52 50 49 47 46 45 42 41 39 38 35 34 31 30 27 
27 69 66 63 62 60 58 56 54 53 52 50 49 47 46 45 42 41 39 38 35 34 31 30 1 2 3 4 5 6 7 8 9 10 11 12 13 14 15 16 17 18 19 20 21 22 23 24 25 26 
28 69 66 63 62 60 58 56 54 53 52 50 49 47 46 45 42 41 39 38 35 34 31 30 
29 69 66 63 62 60 58 56 54 53 52 50 49 47 46 45 42 41 39 38 35 34 31 30 
30 69 66 63 62 60 58 56 54 53 52 50 49 47 46 45 42 41 39 38 35 34 31 1 2 3 4 5 6 7 8 9 10 11 12 13 14 15 16 17 18 19 20 21 22 23 24 25 26 27 28 29 
31 69 66 63 62 60 58 56 54 53 52 50 49 47 46 45 42 41 39 38 35 34 1 2 3 4 5 6 7 8 9 10 11 12 13 14 15 16 17 18 19 20 21 22 23 24 25 26 27 28 29 30 
32 69 66 63 62 60 58 56 54 53 52 50 49 47 46 45 42 41 39 38 35 34 
33 69 66 63 62 60 58 56 54 53 52 50 49 47 46 45 42 41 39 38 35 34 
34 69 66 63 62 60 58 56 54 53 52 50 49 47 46 45 42 41 39 38 35 1 2 3 4 5 6 7 8 9 10 11 12 13 14 15 16 17 18 19 20 21 22 23 24 25 26 27 28 29 30 31 32 33 
35 69 66 63 62 60 58 56 54 53 52 50 49 47 46 45 42 41 39 38 1 2 3 4 5 6 7 8 9 10 11 12 13 14 15 16 17 18 19 20 21 22 23 24 25 26 27 28 29 30 31 32 33 34 
36 69 66 63 62 60 58 56 54 53 52 50 49 47 46 45 42 41 39 38 
37 69 66 63 62 60 58 56 54 53 52 50 49 47 46 45 42 41 39 38 
38 69 66 63 62 60 58 56 54 53 52 50 49 47 46 45 42 41 39 1 2 3 4 5 6 7 8 9 10 11 12 13 14 15 16 17 18 19 20 21 22 23 24 25 26 27 28 29 30 31 32 33 34 35 36 37 
39 69 66 63 62 60 58 56 54 53 52 50 49 47 46 45 42 41 1 2 3 4 5 6 7 8 9 10 11 12 13 14 15 16 17 18 19 20 21 22 23 24 25 26 27 28 29 30 31 32 33 34 35 36 37 38 
40 69 66 63 62 60 58 56 54 53 52 50 49 47 46 45 42 41 
41 69 66 63 62 60 58 56 54 53 52 50 49 47 46 45 42 1 2 3 4 5 6 7 8 9 10 11 12 13 14 15 16 17 18 19 20 21 22 23 24 25 26 27 28 29 30 31 32 33 34 35 36 37 38 39 40 
42 69 66 63 62 60 58 56 54 53 52 50 49 47 46 45 1 2 3 4 5 6 7 8 9 10 11 12 13 14 15 16 17 18 19 20 21 22 23 24 25 26 27 28 29 30 31 32 33 34 35 36 37 38 39 40 41 
43 69 66 63 62 60 58 56 54 53 52 50 49 47 46 45 
44 69 66 63 62 60 58 56 54 53 52 50 49 47 46 45 
45 69 66 63 62 60 58 56 54 53 52 50 49 47 46 1 2 3 4 5 6 7 8 9 10 11 12 13 14 15 16 17 18 19 20 21 22 23 24 25 26 27 28 29 30 31 32 33 34 35 36 37 38 39 40 41 42 43 44 
46 69 66 63 62 60 58 56 54 53 52 50 49 47 1 2 3 4 5 6 7 8 9 10 11 12 13 14 15 16 17 18 19 20 21 22 23 24 25 26 27 28 29 30 31 32 33 34 35 36 37 38 39 40 41 42 43 44 45 
47 69 66 63 62 60 58 56 54 53 52 50 49 1 2 3 4 5 6 7 8 9 10 11 12 13 14 15 16 17 18 19 20 21 22 23 24 25 26 27 28 29 30 31 32 33 34 35 36 37 38 39 40 41 42 43 44 45 46 
48 69 66 63 62 60 58 56 54 53 52 50 49 
49 69 66 63 62 60 58 56 54 53 52 50 1 2 3 4 5 6 7 8 9 10 11 12 13 14 15 16 17 18 19 20 21 22 23 24 25 26 27 28 29 30 31 32 33 34 35 36 37 38 39 40 41 42 43 44 45 46 47 48 
50 69 66 63 62 60 58 56 54 53 52 1 2 3 4 5 6 7 8 9 10 11 12 13 14 15 16 17 18 19 20 21 22 23 24 25 26 27 28 29 30 31 32 33 34 35 36 37 38 39 40 41 42 43 44 45 46 47 48 49 
51 69 66 63 62 60 58 56 54 53 52 
52 69 66 63 62 60 58 56 54 53 1 2 3 4 5 6 7 8 9 10 11 12 13 14 15 16 17 18 19 20 21 22 23 24 25 26 27 28 29 30 31 32 33 34 35 36 37 38 39 40 41 42 43 44 45 46 47 48 49 50 51 
53 69 66 63 62 60 58 56 54 1 2 3 4 5 6 7 8 9 10 11 12 13 14 15 16 17 18 19 20 21 22 23 24 25 26 27 28 29 30 31 32 33 34 35 36 37 38 39 40 41 42 43 44 45 46 47 48 49 50 51 52 
54 69 66 63 62 60 58 56 1 2 3 4 5 6 7 8 9 10 11 12 13 14 15 16 17 18 19 20 21 22 23 24 25 26 27 28 29 30 31 32 33 34 35 36 37 38 39 40 41 42 43 44 45 46 47 48 49 50 51 52 53 
55 69 66 63 62 60 58 56 
56 69 66 63 62 60 58 1 2 3 4 5 6 7 8 9 10 11 12 13 14 15 16 17 18 19 20 21 22 23 24 25 26 27 28 29 30 31 32 33 34 35 36 37 38 39 40 41 42 43 44 45 46 47 48 49 50 51 52 53 54 55 
57 69 66 63 62 60 58 
58 69 66 63 62 60 1 2 3 4 5 6 7 8 9 10 11 12 13 14 15 16 17 18 19 20 21 22 23 24 25 26 27 28 29 30 31 32 33 34 35 36 37 38 39 40 41 42 43 44 45 46 47 48 49 50 51 52 53 54 55 56 57 
59 69 66 63 62 60 
60 69 66 63 62 1 2 3 4 5 6 7 8 9 10 11 12 13 14 15 16 17 18 19 20 21 22 23 24 25 26 27 28 29 30 31 32 33 34 35 36 37 38 39 40 41 42 43 44 45 46 47 48 49 50 51 52 53 54 55 56 57 58 59 
61 69 66 63 62 
62 69 66 63 1 2 3 4 5 6 7 8 9 10 11 12 13 14 15 16 17 18 19 20 21 22 23 24 25 26 27 28 29 30 31 32 33 34 35 36 37 38 39 40 41 42 43 44 45 46 47 48 49 50 51 52 53 54 55 56 57 58 59 60 61 
63 69 66 1 2 3 4 5 6 7 8 9 10 11 12 13 14 15 16 17 18 19 20 21 22 23 24 25 26 27 28 29 30 31 32 33 34 35 36 37 38 39 40 41 42 43 44 45 46 47 48 49 50 51 52 53 54 55 56 57 58 59 60 61 62 
64 69 66 
65 69 66 
66 69 1 2 3 4 5 6 7 8 9 10 11 12 13 14 15 16 17 18 19 20 21 22 23 24 25 26 27 28 29 30 31 32 33 34 35 36 37 38 39 40 41 42 43 44 45 46 47 48 49 50 51 52 53 54 55 56 57 58 59 60 61 62 63 64 65 
67 69 
68 69 
69 1 2 3 4 5 6 7 8 9 10 11 12 13 14 15 16 17 18 19 20 21 22 23 24 25 26 27 28 29 30 31 32 33 34 35 36 37 38 39 40 41 42 43 44 45 46 47 48 49 50 51 52 53 54 55 56 57 58 59 60 61 62 63 64 65 66 67 68 
