97
96 95 91 90 88 86 85 85 85 84 82 82 82 80 79 78 77 76 75 74 74 73 72 72 72 71 70 70 70 68 68 68 67 67 66 65 65 64 64 61 60 60 60 59 58 57 57 56 56 56 52 51 48 46 45 44 44 42 41 41 40 40 40 40 39 38 37 33 32 29 28 28 27 27 26 25 24 23 21 20 20 20 19 18 18 17 16 14 14 14 13 12 11 5 5 5 2 0 0 
1 97 96 95 94 93 92 91 91 
2 96 95 94 93 92 
3 94 92 
6 92 
7 93 
8 91 91 
9 93 
10 93 
11 91 
12 93 91 
13 91 
14 91 
17 96 
18 96 93 
19 97 94 
26 93 
30 91 
36 93 
39 92 92 
40 92 
41 92 92 
47 96 
48 91 
49 95 92 91 
50 91 
52 95 
57 94 93 92 
69 95 
72 92 
83 93 
91 11 48 50 13 30 14 8 49 8 1 12 1 
92 3 49 57 6 72 39 41 40 39 41 2 1 
93 7 18 57 83 26 10 12 9 36 2 1 
94 19 3 57 2 1 
95 69 52 49 2 1 
96 18 17 47 2 1 
97 19 1 
