21
20 17 14 14 14 14 12 10 10 9 9 7 6 6 5 5 5 4 4 2 1 
1 21 20 19 18 17 16 15 14 13 12 11 10 9 8 7 6 5 4 3 2 
2 18 17 16 15 14 13 12 11 10 9 8 7 6 5 4 3 1 
3 15 14 13 12 11 10 9 8 7 6 5 4 2 1 
4 19 16 13 12 11 10 9 8 7 6 5 2 3 1 
5 20 16 14 12 11 10 9 8 7 6 1 4 2 3 
6 18 16 14 12 11 10 9 8 7 1 4 2 3 5 
7 13 12 11 10 9 8 3 6 1 4 5 2 
8 15 14 9 5 2 4 7 3 1 6 
9 11 10 8 7 5 6 2 1 4 3 
10 17 5 7 2 6 9 1 3 4 
11 17 3 9 1 6 4 7 2 5 
12 4 7 3 6 2 1 5 
13 19 3 7 1 2 4 
14 6 8 2 5 1 3 
15 19 8 1 2 3 
16 4 1 6 5 2 
17 18 1 10 11 2 
18 17 1 6 2 
19 4 15 13 1 
20 5 1 
21 1 
