73
72 72 70 68 67 66 64 64 64 63 63 62 62 61 61 60 60 58 55 54 52 51 51 51 49 49 48 46 44 43 43 43 42 42 41 41 41 40 40 39 38 35 35 34 32 31 31 30 30 30 27 27 27 26 26 26 26 25 23 22 22 19 18 14 13 13 12 9 6 6 4 3 2 
1 32 6 66 3 65 14 59 19 15 28 34 9 24 29 17 25 16 4 45 29 16 64 9 55 4 33 24 11 36 1 1 35 43 20 28 8 51 12 2 22 67 35 31 27 48 23 57 27 46 54 30 42 8 13 42 19 15 17 51 30 44 49 44 1 1 7 54 21 5 34 59 54 
2 11 30 42 23 3 25 53 28 9 46 60 15 15 31 29 36 37 33 24 5 17 8 23 32 71 45 25 33 6 45 18 21 10 61 26 50 14 1 41 51 20 23 46 55 45 16 27 57 8 27 49 37 6 9 10 25 2 2 22 55 11 12 65 36 45 17 46 44 39 66 23 58 
3 10 37 17 1 56 57 26 6 14 34 2 20 12 14 49 27 64 15 40 27 43 8 48 7 46 7 26 11 32 16 32 4 66 58 30 39 12 66 19 10 6 63 33 26 36 25 57 40 25 50 44 35 16 5 28 41 8 20 8 34 52 3 3 21 19 6 41 11 24 7 
4 47 11 22 47 14 19 57 45 15 19 13 4 4 48 57 68 39 10 12 1 41 9 10 1 29 46 38 52 13 10 3 9 5 26 65 31 55 17 11 37 55 52 41 20 8 16 30 23 6 30 36 12 32 54 60 46 11 16 23 9 22 57 29 41 20 9 38 39 
5 6 12 34 61 14 29 31 24 43 36 50 23 24 35 7 2 19 53 54 48 19 33 30 37 20 25 60 19 4 55 53 58 10 28 21 54 25 11 12 8 38 22 26 18 59 14 22 50 3 30 8 44 48 57 46 15 23 42 9 18 29 11 32 1 8 30 17 
6 1 5 31 3 14 24 36 22 18 11 11 13 37 53 29 6 6 54 12 24 11 10 34 36 44 19 18 46 2 19 66 12 39 27 51 3 22 39 40 40 35 14 49 36 27 14 4 23 2 42 25 15 24 8 13 60 57 18 34 13 24 59 3 11 8 17 
7 40 44 16 25 40 33 8 11 59 28 9 47 38 28 20 13 26 5 11 12 8 3 21 15 11 67 29 52 8 3 21 39 19 19 11 59 22 59 30 53 12 16 41 40 11 32 23 56 31 17 47 50 8 28 13 20 21 1 46 48 29 67 26 3 
8 20 49 14 59 7 60 40 48 21 16 38 43 57 46 15 3 2 21 7 11 39 7 26 48 42 26 27 26 38 45 32 1 60 13 46 13 34 44 52 20 9 5 47 41 17 4 31 23 1 5 2 16 34 3 26 3 7 6 29 36 39 13 5 6 
9 39 9 9 13 12 53 41 72 2 1 65 7 12 15 52 54 54 15 4 13 1 17 63 39 17 12 54 58 4 30 12 20 14 17 26 8 43 15 56 56 40 36 35 39 36 36 2 20 5 51 9 9 15 4 44 28 43 38 17 4 32 19 62 33 
10 3 32 26 27 58 63 60 46 58 17 4 27 37 11 53 24 12 4 21 19 18 6 15 16 70 4 59 13 26 2 11 20 5 3 49 55 38 13 15 18 10 10 16 17 40 37 46 42 16 18 22 2 13 18 24 18 36 64 20 40 45 19 27 
11 23 4 50 46 31 2 38 54 7 17 37 6 6 48 68 30 17 34 10 45 47 7 56 7 8 6 17 3 1 29 12 49 7 11 11 19 10 12 18 5 17 4 40 7 30 14 25 21 34 50 2 43 4 20 16 39 35 5 26 3 6 37 36 
12 5 60 37 22 9 27 3 9 61 4 18 7 29 10 28 6 45 29 42 20 40 41 11 9 16 12 12 6 9 56 44 7 42 3 42 1 11 38 24 5 19 25 13 50 61 49 22 38 4 23 19 2 14 45 42 29 22 38 13 58 39 50 
13 45 22 9 13 13 26 4 28 41 6 29 7 48 18 63 9 55 35 43 61 15 4 43 32 18 10 8 8 30 19 52 24 47 19 10 30 12 57 13 13 19 1 46 18 16 10 23 6 37 7 35 15 56 6 12 8 36 52 34 53 46 48 
14 4 37 8 43 1 3 6 5 20 55 36 3 22 21 32 17 39 15 32 16 30 15 27 26 38 14 14 23 9 68 37 36 2 25 26 6 41 43 28 11 20 5 25 6 28 34 22 33 58 42 47 27 12 16 29 44 38 39 34 16 32 
15 36 29 43 43 32 4 1 37 38 2 2 63 9 3 34 9 16 38 65 40 8 21 41 14 7 14 51 28 13 10 41 41 51 30 37 17 17 55 60 50 18 10 9 40 32 21 21 21 73 1 5 31 6 23 61 51 9 13 41 23 62 
16 43 7 16 16 18 64 23 8 33 22 52 18 47 1 56 45 15 1 14 36 10 3 54 51 12 49 17 42 56 7 23 47 44 26 4 2 21 10 31 3 52 34 28 10 55 19 41 41 8 13 29 29 4 14 11 39 25 52 14 20 
17 3 11 34 41 56 10 37 11 1 28 33 14 2 9 62 64 9 11 58 26 47 50 16 15 48 15 19 9 58 11 56 4 70 8 32 57 49 46 10 23 35 7 32 20 42 56 20 1 31 22 32 62 2 24 9 6 5 48 17 17 
18 16 6 62 16 12 13 54 25 36 66 42 49 10 53 31 33 62 6 20 58 21 31 18 18 13 53 20 2 39 22 18 18 11 67 15 10 5 29 10 13 35 51 10 27 10 39 5 6 26 18 18 20 37 20 57 22 48 27 
19 42 20 1 53 4 4 20 48 40 5 5 10 21 65 6 45 50 7 7 30 6 5 23 30 11 39 13 70 17 3 32 52 13 12 55 64 34 13 16 32 1 53 12 26 23 47 57 53 23 38 27 24 10 3 9 
20 8 19 61 27 14 3 19 21 44 7 22 30 12 5 18 18 1 9 49 39 10 8 2 4 43 28 63 14 68 20 20 17 17 3 55 9 27 59 71 11 7 63 10 31 18 18 27 49 41 39 4 16 21 57 
21 64 23 35 31 20 28 8 34 14 32 15 28 8 7 49 10 24 56 19 27 25 54 7 51 18 57 2 46 38 57 5 41 55 24 47 16 15 11 43 15 15 47 44 51 7 3 50 25 47 1 52 20 
22 4 66 24 13 12 6 33 14 64 54 16 35 20 46 27 47 58 59 29 43 24 29 47 52 7 18 32 25 6 1 51 29 5 5 36 12 35 30 24 10 63 14 54 2 17 49 27 12 4 18 30 
23 36 11 38 42 33 62 2 27 21 28 16 40 45 72 5 28 43 39 2 43 57 19 63 30 14 16 2 40 1 8 35 28 37 7 4 43 17 61 6 44 12 5 19 15 13 37 4 19 30 15 2 
24 33 22 40 33 6 40 26 5 27 1 5 44 10 48 2 6 22 21 69 46 1 32 39 49 46 13 32 12 42 63 21 56 44 36 53 32 22 35 40 6 62 10 50 37 70 19 6 17 28 42 3 
25 26 60 7 2 54 40 36 34 1 18 62 53 45 53 25 25 21 5 2 41 60 39 22 54 5 14 12 3 34 3 11 14 28 29 26 2 6 27 55 30 30 67 28 37 21 46 16 56 28 
26 25 50 3 65 10 33 13 24 33 7 37 29 55 29 3 8 8 14 8 17 10 61 4 2 48 56 45 16 9 31 3 69 52 38 14 5 61 45 47 25 8 19 47 44 31 18 55 11 7 
27 36 10 20 67 23 12 47 45 63 24 44 3 10 28 22 27 27 3 14 21 44 8 63 6 40 50 1 33 1 35 2 6 2 25 20 18 14 31 48 22 34 19 43 46 20 60 18 10 
28 44 51 23 2 1 41 7 13 21 7 65 30 23 27 68 17 35 21 35 12 15 49 1 31 5 48 52 40 20 50 14 32 23 16 51 14 3 25 51 61 7 59 25 9 24 25 
29 61 15 5 13 1 2 48 1 6 12 26 22 4 26 7 12 51 22 44 11 31 63 49 38 42 22 18 64 35 67 25 16 16 38 42 49 14 50 5 12 7 8 4 62 
30 2 40 30 30 11 33 28 41 14 51 5 20 3 19 35 9 19 7 15 13 23 47 40 13 31 57 11 4 1 22 5 4 25 25 51 1 41 23 38 22 38 5 31 
31 11 68 62 6 42 44 5 21 37 2 62 39 49 59 65 18 42 58 18 55 29 28 41 4 26 1 34 57 52 33 8 30 38 16 7 34 17 15 27 26 20 61 30 
32 1 10 50 15 60 50 14 21 14 43 52 35 2 24 3 54 3 13 49 8 40 22 33 19 24 55 17 28 7 15 50 24 33 17 19 4 61 17 42 5 59 9 14 
33 24 38 23 24 26 7 22 16 55 26 30 34 48 17 2 56 42 39 36 5 1 61 36 18 2 41 36 32 66 61 56 3 27 31 34 57 32 14 43 58 67 9 
34 5 44 3 65 36 17 1 53 25 11 37 21 33 15 60 6 37 40 8 36 35 66 31 53 25 33 16 19 11 31 35 8 14 3 41 27 6 37 48 1 14 13 
35 41 21 41 68 45 5 22 28 28 13 61 32 54 1 30 52 34 42 1 48 6 37 27 23 3 35 35 22 9 17 29 59 34 39 24 36 18 60 13 11 69 
36 23 15 27 6 34 14 5 25 2 18 16 33 33 37 6 1 66 33 34 38 14 3 45 6 24 9 22 9 9 4 35 59 49 40 2 10 52 8 13 38 11 
37 3 14 12 15 31 11 60 17 10 34 6 26 2 43 40 36 5 34 56 15 14 4 35 23 46 10 60 38 2 58 50 13 23 34 24 25 18 65 11 44 63 
38 63 33 23 11 15 8 61 7 59 15 56 4 55 58 64 14 8 21 29 36 12 10 48 5 26 31 40 37 12 29 61 14 19 50 30 12 30 36 9 4 
39 42 9 43 4 31 14 47 33 23 45 9 8 62 7 24 62 18 3 6 19 20 25 6 50 42 52 39 39 9 35 18 11 16 12 14 8 2 20 49 4 
40 7 59 24 7 50 30 25 24 8 23 58 15 19 3 37 12 34 32 27 45 30 7 28 11 6 6 23 9 15 54 3 38 10 58 24 51 36 54 10 
41 35 51 35 9 42 28 17 13 30 4 15 15 12 43 15 64 25 33 31 2 21 7 48 8 4 14 53 16 16 3 34 30 43 15 3 4 20 46 
42 19 39 2 23 31 41 59 18 33 12 8 31 48 16 12 12 54 29 44 35 24 39 1 10 1 17 6 47 5 14 29 32 12 24 67 
43 51 50 16 14 15 15 46 39 5 8 23 32 3 37 22 23 13 64 13 41 1 9 20 48 14 49 23 21 33 67 11 53 27 41 9 
44 7 28 34 45 31 54 20 27 73 24 6 29 27 12 45 8 16 42 52 24 3 5 50 23 49 21 26 1 1 14 9 60 2 37 
45 13 4 44 53 27 35 23 11 1 16 46 25 39 12 47 2 19 2 8 54 40 44 58 26 52 36 2 26 2 71 12 10 
46 11 43 10 2 63 8 66 22 45 3 4 24 57 6 21 24 8 2 1 17 37 10 13 5 4 7 27 2 25 13 41 
47 4 4 27 7 16 11 22 39 45 22 17 66 63 16 30 47 47 13 8 21 7 26 54 21 42 26 14 52 70 19 21 
48 8 4 11 33 29 13 50 19 24 3 5 8 42 17 26 28 38 41 1 35 43 48 48 5 27 18 7 34 17 13 
49 8 3 31 21 18 28 11 16 32 24 29 20 10 59 6 12 43 17 62 2 58 44 36 22 29 1 65 20 39 55 
50 11 26 43 32 40 5 32 48 57 19 17 2 15 27 39 12 28 3 32 5 44 11 37 7 58 24 38 29 21 12 
51 43 53 41 28 30 15 29 67 21 16 15 1 6 22 2 28 51 51 58 28 18 1 40 9 15 30 21 
52 9 16 32 7 4 22 35 13 8 28 19 45 26 31 44 4 39 16 67 47 56 57 3 36 16 21 13 
53 51 19 9 60 2 45 34 10 6 25 5 66 25 55 18 55 18 5 7 34 24 41 19 19 43 62 13 
54 11 25 44 22 9 18 9 5 6 35 21 32 9 16 45 42 25 5 40 1 47 22 4 40 1 1 
55 14 33 13 1 26 38 53 53 31 5 15 10 4 21 4 32 2 19 16 20 2 25 69 56 26 49 
56 69 3 17 62 16 33 38 11 21 37 12 16 26 64 33 17 9 9 24 7 57 17 52 13 55 25 
57 3 4 4 8 50 46 23 21 21 60 31 1 17 13 30 3 33 56 2 5 52 19 6 18 4 20 
58 10 40 10 22 17 38 59 18 31 3 9 5 45 17 40 37 51 49 33 14 50 12 2 58 58 
59 40 1 8 7 38 42 31 22 64 58 10 61 7 7 49 5 35 36 20 28 6 1 32 
60 12 25 32 10 8 53 2 37 34 5 8 25 62 57 15 37 4 35 6 68 44 27 
61 29 20 5 38 12 35 33 13 59 26 2 33 62 12 26 23 69 32 28 15 38 31 
62 31 23 18 56 31 25 17 39 18 39 60 61 49 17 24 15 53 29 9 
63 38 10 27 15 46 13 9 27 29 23 47 3 24 20 22 71 20 37 
64 21 16 22 3 1 17 59 43 38 41 56 19 29 10 
65 1 26 34 9 28 15 19 31 70 4 2 49 37 
66 1 22 46 18 53 3 6 36 47 3 33 34 2 
67 27 7 51 18 1 29 52 43 33 25 7 42 
68 31 35 11 4 28 72 14 20 60 
69 56 24 26 61 55 35 
70 10 65 19 17 47 24 
71 2 63 20 45 
72 9 23 68 
73 44 15 
