29
28 27 26 25 25 25 25 25 23 23 21 21 20 18 15 15 14 13 12 12 11 11 10 10 9 9 4 4 3 
1 4 1 1 19 13 22 6 18 15 11 2 10 10 11 15 11 8 22 16 26 23 21 8 8 19 17 24 4 
2 5 5 26 11 15 25 18 1 17 8 23 11 3 24 7 11 5 13 10 7 14 20 7 9 23 6 7 
3 20 26 11 18 13 7 7 23 4 22 5 17 9 9 9 2 7 6 11 6 6 17 20 6 9 19 
4 7 15 1 9 24 22 12 7 3 11 26 24 6 19 13 20 10 19 18 7 13 1 6 16 5 
5 26 15 6 14 2 5 5 9 2 13 7 21 3 7 21 13 8 2 17 9 27 7 11 29 4 
6 8 5 28 9 1 20 23 14 18 10 21 10 26 8 10 3 4 17 3 3 12 12 3 2 4 
7 18 9 4 9 5 19 3 3 12 4 5 10 3 2 15 11 2 5 10 13 2 23 4 8 2 
8 14 14 6 14 13 10 17 14 10 14 6 20 2 5 25 10 1 20 23 1 1 21 7 8 8 
9 23 14 15 7 6 4 5 7 3 3 3 13 14 27 5 22 22 17 26 2 22 3 25 
10 16 20 24 8 29 14 6 1 1 8 6 6 7 8 2 21 24 14 16 7 4 20 23 
11 13 17 12 3 2 1 15 17 1 4 2 1 2 3 7 13 19 5 14 12 21 
12 11 13 25 4 15 7 19 16 15 25 18 18 24 6 21 14 6 11 12 12 18 
13 21 11 19 1 8 12 18 22 5 3 5 9 2 26 4 11 7 15 21 4 
14 9 8 8 5 8 6 10 8 8 18 14 14 9 10 2 19 12 11 
15 9 5 4 1 2 12 22 12 11 1 15 15 7 13 26 
16 17 17 19 10 25 16 16 17 20 12 24 25 1 10 4 
17 16 16 11 8 16 3 11 2 6 5 3 9 1 28 
18 7 3 1 13 19 6 2 14 12 12 20 4 12 
19 16 13 1 18 7 12 4 4 14 1 11 3 
20 3 10 6 16 8 8 4 2 3 10 18 21 
21 13 5 6 5 10 1 12 8 20 13 11 
22 1 13 4 15 3 27 28 1 9 9 9 
23 9 6 3 2 27 8 1 7 2 10 
24 25 10 4 16 4 2 10 12 1 28 
25 24 16 2 12 12 8 16 29 9 
26 3 5 2 4 6 13 1 9 15 
27 22 23 9 5 
28 6 22 17 24 
29 10 25 5 
