92
91 88 87 86 84 83 80 79 78 78 78 77 75 74 73 73 72 71 69 67 67 66 66 65 65 62 62 61 60 59 59 59 58 58 56 56 56 55 54 54 54 53 53 53 52 52 49 47 47 46 45 45 43 41 39 37 37 37 37 35 35 34 34 34 33 33 33 32 31 31 29 29 27 24 24 22 22 21 20 19 19 18 16 14 14 13 12 11 9 6 6 4 
1 92 91 90 89 88 88 87 87 87 87 87 87 87 87 87 
2 89 
3 90 
6 90 88 
7 88 
9 91 89 
10 88 
11 91 
13 88 
16 89 
24 88 
27 90 
29 91 
31 88 
32 90 89 
35 91 
36 89 
38 92 88 
41 88 
49 88 
50 89 
53 92 
54 89 
55 89 
58 90 
61 91 
70 92 
87 1 1 1 1 1 1 1 1 1 
88 13 49 24 41 10 7 38 6 31 1 1 
89 55 50 32 54 36 9 16 2 1 
90 6 3 27 32 58 1 
91 29 35 11 61 9 1 
92 38 53 70 1 
