76
75 75 73 73 72 72 69 68 68 67 63 62 61 60 60 58 58 56 56 54 53 52 52 52 51 50 48 47 46 44 44 44 43 43 43 41 40 39 38 38 36 34 34 33 33 33 32 32 32 31 29 28 28 27 26 25 25 19 19 18 18 18 16 16 15 15 14 14 13 12 9 9 6 6 6 4 3 0 
1 2 
2 1 4 3 6 5 7 9 8 10 11 12 13 15 14 17 16 19 18 20 21 24 23 22 25 26 27 28 29 32 31 30 35 34 33 36 37 38 40 39 41 43 42 46 45 44 49 48 47 50 51 53 52 54 55 57 56 59 58 62 61 60 64 63 66 65 68 67 69 70 72 71 75 74 73 76 
3 2 
4 2 
5 2 
6 2 
7 2 
8 2 
9 2 
10 2 
11 2 
12 2 
13 2 
14 2 
15 2 
16 2 
17 2 
18 2 
19 2 
20 2 
21 2 
22 2 
23 2 
24 2 
25 2 
26 2 
27 2 
28 2 
29 2 
30 2 
31 2 
32 2 
33 2 
34 2 
35 2 
36 2 
37 2 
38 2 
39 2 
40 2 
41 2 
42 2 
43 2 
44 2 
45 2 
46 2 
47 2 
48 2 
49 2 
50 2 
51 2 
52 2 
53 2 
54 2 
55 2 
56 2 
57 2 
58 2 
59 2 
60 2 
61 2 
62 2 
63 2 
64 2 
65 2 
66 2 
67 2 
68 2 
69 2 
70 2 
71 2 
72 2 
73 2 
74 2 
75 2 
76 2 
