80
78 76 75 73 72 72 72 70 67 67 66 65 64 62 61 60 60 54 52 49 48 47 47 47 46 45 45 45 44 43 43 43 43 42 42 41 40 40 38 38 37 35 35 35 34 34 33 33 31 30 29 27 27 26 26 26 26 25 25 25 25 23 23 22 22 21 19 19 18 16 11 11 11 11 10 9 7 7 7 1 
1 20 62 26 6 54 2 26 5 19 2 53 8 3 45 40 38 16 64 54 21 8 44 26 9 16 19 65 79 42 16 10 8 29 53 14 39 52 31 35 24 11 37 31 19 78 21 31 49 68 69 2 6 24 22 23 6 18 4 11 13 24 71 63 48 6 21 39 22 60 72 71 12 12 22 60 76 26 2 
2 10 15 28 61 49 1 61 61 1 16 4 61 4 76 49 44 3 13 30 8 12 3 51 5 11 13 60 38 57 10 2 2 60 19 54 28 22 27 36 48 21 43 25 12 76 14 58 1 21 56 4 12 10 38 16 27 2 2 60 4 40 65 41 44 24 63 3 7 36 28 1 4 57 48 18 13 
3 7 74 45 3 3 15 69 17 47 6 35 62 54 46 2 33 26 30 1 2 33 78 62 38 64 7 58 56 6 8 19 7 4 26 11 10 8 14 8 66 35 62 49 42 16 36 26 59 52 75 59 10 9 10 8 21 8 3 3 7 54 16 16 2 13 58 35 9 59 12 20 39 43 10 55 
4 58 55 21 16 11 25 42 43 21 5 7 2 45 30 2 25 40 10 38 23 65 23 47 10 57 64 10 39 63 69 29 66 54 10 25 19 3 28 44 10 72 20 7 32 48 16 21 39 2 16 29 36 30 43 24 65 1 37 32 27 24 2 34 38 52 19 25 35 34 37 19 2 56 
5 19 7 48 24 49 42 80 56 4 1 6 8 10 32 19 57 32 28 29 25 2 67 17 28 59 65 30 15 63 50 46 19 12 48 20 42 9 43 11 60 61 38 46 22 24 32 7 13 13 59 55 70 24 78 15 41 37 60 9 56 11 9 69 64 7 73 37 68 17 18 24 32 
6 24 65 33 47 14 20 8 67 17 11 1 15 9 3 48 5 48 29 20 14 54 49 23 19 53 18 7 21 3 27 19 24 25 37 68 7 73 62 36 38 69 28 19 8 55 73 31 51 1 52 12 39 1 30 23 7 22 23 18 32 20 41 1 51 18 18 20 52 51 74 34 23 
7 13 3 5 42 18 20 41 7 7 17 64 48 4 15 45 16 66 22 45 52 12 69 55 67 50 26 24 17 6 3 17 10 66 37 24 14 55 18 3 6 47 13 4 18 5 24 30 12 20 34 15 8 6 77 44 62 69 51 62 3 33 35 7 7 40 5 16 12 36 35 2 9 
8 53 6 19 55 11 66 33 40 22 10 5 35 1 9 66 2 9 1 38 39 9 13 11 36 70 11 70 70 3 1 23 37 46 16 44 3 6 12 14 32 59 3 63 59 42 59 69 30 51 49 7 45 40 3 43 40 3 47 8 8 50 59 9 17 54 43 41 72 50 52 
9 46 23 59 6 55 27 29 13 41 16 42 11 49 8 24 10 8 12 55 14 24 1 51 8 37 24 28 5 9 9 27 47 65 65 14 33 49 34 14 60 12 18 51 71 29 17 16 37 3 13 27 52 20 70 5 29 43 15 5 35 8 14 40 3 56 7 40 
10 2 13 22 14 36 36 20 8 5 23 11 14 4 62 9 4 38 4 12 11 50 7 4 20 1 28 2 36 11 54 56 18 36 41 53 4 3 26 31 75 25 66 51 60 17 24 2 26 3 30 3 56 44 37 42 54 13 49 59 18 21 30 33 61 45 31 3 
11 62 6 4 14 54 16 33 8 23 16 11 11 9 18 10 49 46 72 40 60 58 2 20 10 41 8 71 18 64 22 74 8 35 24 31 10 49 16 1 5 3 32 60 15 34 67 35 41 66 42 64 24 1 20 29 31 17 5 13 37 54 31 46 14 32 25 
12 53 35 34 14 27 30 35 31 41 27 14 7 2 23 23 45 9 20 10 12 12 48 38 27 14 28 30 30 5 23 14 14 31 25 65 13 2 35 8 13 53 64 7 13 50 20 6 2 9 14 51 32 35 32 27 21 58 59 19 53 7 1 37 1 3 
13 7 16 67 44 38 10 67 9 14 22 47 54 30 67 2 22 24 44 30 16 24 75 30 8 54 2 28 56 69 52 47 35 13 13 56 29 7 74 12 12 16 5 12 37 40 5 55 40 57 64 1 9 49 28 14 73 27 50 11 10 3 17 20 2 
14 67 6 15 50 33 11 20 65 10 48 26 13 12 27 6 18 54 62 10 31 39 12 40 32 44 9 26 22 12 7 1 12 12 21 37 46 3 8 59 9 44 2 9 19 19 12 63 25 13 61 19 62 25 25 57 9 34 34 11 72 69 29 
15 44 40 35 27 14 2 24 3 6 58 65 31 74 7 45 27 40 21 18 23 42 28 26 30 5 28 33 52 33 54 26 53 37 32 70 11 69 25 34 52 16 31 7 50 25 46 65 5 28 39 22 51 62 9 26 26 37 35 29 16 27 
16 45 13 4 11 40 65 21 57 68 11 45 2 9 17 7 1 32 66 13 27 53 38 17 35 59 1 1 68 35 40 25 65 11 54 8 61 54 4 13 70 3 4 15 18 9 26 2 34 3 3 33 23 7 77 15 18 27 39 47 39 
17 51 6 63 71 44 19 20 20 3 62 26 49 7 16 57 18 53 34 29 27 5 7 39 16 7 45 46 34 21 23 42 29 30 47 61 10 68 26 57 29 34 9 20 49 32 58 36 68 11 28 27 29 45 8 5 13 41 29 52 39 
18 63 34 7 19 42 75 14 11 53 64 56 15 36 17 41 62 6 36 11 23 7 10 30 31 54 18 18 43 7 36 24 22 68 9 1 16 46 39 6 34 6 6 52 55 58 16 10 42 29 56 5 34 45 2 
19 5 19 19 8 18 17 25 1 33 68 63 5 65 55 21 6 23 66 30 74 26 23 5 1 6 57 3 2 4 1 6 59 70 39 14 14 23 79 26 59 45 40 14 45 46 48 4 12 22 57 4 41 
20 1 6 14 17 17 7 38 22 34 40 6 10 41 41 45 47 20 20 12 24 11 10 55 66 5 20 20 34 4 29 12 57 7 29 17 22 11 43 38 6 9 26 6 37 21 26 42 3 13 
21 4 16 28 4 42 69 66 39 63 40 15 41 43 1 19 28 46 6 17 34 48 14 29 1 2 45 4 2 49 43 3 1 51 68 12 74 45 39 64 61 20 25 23 10 28 41 32 30 
22 65 40 58 10 31 20 8 13 59 71 32 13 7 36 60 38 11 53 14 79 2 23 29 36 22 22 40 22 22 56 5 69 29 18 1 20 63 6 15 1 25 43 19 51 1 43 42 
23 58 9 23 23 11 52 10 15 4 4 12 12 6 19 19 24 46 32 18 8 38 12 17 22 65 63 23 23 58 1 19 6 6 60 41 28 41 31 48 26 16 52 50 47 28 21 6 
24 6 5 63 15 59 31 41 9 13 48 38 73 20 9 26 7 13 40 23 9 7 67 6 11 26 56 1 73 5 28 7 34 1 43 18 10 4 11 5 1 61 4 25 47 61 2 5 
25 30 4 19 35 4 42 53 33 46 5 56 53 6 47 4 61 16 77 12 61 2 15 67 10 60 15 27 14 40 60 24 26 22 4 14 40 64 70 34 14 21 38 29 46 55 11 
26 45 1 35 64 17 61 1 14 40 30 42 3 47 7 1 24 73 19 15 37 14 43 41 15 24 3 10 28 17 3 19 10 16 29 31 20 15 15 25 23 20 39 79 44 1 
27 46 15 56 9 38 14 12 29 15 41 12 69 16 17 46 32 28 12 6 31 49 52 42 31 2 9 69 45 34 39 76 25 9 2 12 4 62 13 30 17 37 15 16 32 58 
28 33 2 21 55 42 30 5 5 15 21 36 15 13 27 50 10 12 48 9 37 2 4 47 6 51 69 66 24 38 26 46 35 15 23 63 13 17 51 57 23 21 2 78 35 53 
29 9 6 27 78 44 49 5 17 4 48 32 1 13 22 21 20 17 4 22 30 17 54 20 9 35 11 31 50 38 43 26 9 57 17 31 68 15 76 18 25 35 17 14 55 
30 25 46 75 48 28 26 38 4 13 12 3 71 71 2 13 64 19 15 5 13 12 12 18 45 52 17 7 4 29 8 48 6 10 34 27 56 76 54 10 33 21 34 48 
31 36 43 37 22 15 24 32 14 73 12 33 35 67 40 27 48 11 33 1 27 18 1 12 70 1 34 10 6 40 15 33 29 31 31 11 45 26 23 59 29 11 10 58 
32 74 63 54 35 5 22 31 57 5 16 14 38 53 27 42 29 45 37 23 15 41 11 4 8 5 48 39 12 43 17 6 12 4 54 45 60 43 36 27 21 11 5 51 
33 6 79 14 28 11 8 46 19 3 77 25 31 47 3 44 15 43 15 67 36 52 55 47 31 66 49 36 51 74 72 9 42 31 63 7 50 16 57 37 35 10 30 51 
34 39 67 18 68 67 12 20 17 53 64 17 46 49 21 20 31 38 11 27 24 15 9 36 37 7 17 37 72 30 16 18 37 4 49 4 25 14 14 6 18 30 37 
35 15 12 70 26 3 32 8 25 12 53 31 16 16 11 13 1 68 12 40 3 11 56 47 28 29 12 61 36 7 9 4 51 15 36 7 77 44 33 46 3 29 28 
36 58 31 36 36 10 10 51 18 22 57 46 28 53 53 41 8 18 33 10 10 6 2 22 53 56 33 46 57 18 3 4 34 72 17 35 37 64 7 35 32 2 
37 38 43 31 67 26 41 9 7 32 6 8 28 45 15 1 44 14 47 13 34 40 47 34 4 9 5 34 10 36 15 27 11 20 33 4 5 12 43 34 50 
38 38 38 37 57 13 20 27 42 30 55 22 4 1 24 60 10 32 16 8 3 55 2 12 48 23 69 6 34 5 28 41 51 2 55 20 29 4 74 25 61 
39 34 58 42 21 46 72 14 43 4 17 8 48 1 4 27 32 19 77 6 51 58 46 18 15 62 73 1 21 50 68 48 16 26 3 68 44 17 16 
40 15 22 16 8 20 26 64 21 15 4 1 14 11 41 57 24 42 31 16 47 22 35 31 13 13 37 60 51 8 8 19 25 2 42 7 25 9 9 
41 49 7 9 20 57 24 20 12 21 27 40 18 79 57 11 36 37 26 10 32 48 43 11 38 23 6 5 23 2 42 51 45 21 8 17 19 78 
42 7 4 5 18 43 21 39 28 38 9 26 15 25 68 67 32 1 40 5 27 17 3 11 8 63 33 66 10 47 40 41 18 20 44 22 
43 75 37 31 48 4 42 51 21 39 33 26 66 58 5 41 2 18 59 24 4 21 32 20 8 29 9 46 32 22 63 8 46 22 3 37 
44 15 54 13 17 75 29 2 58 48 49 13 1 14 49 33 50 57 62 63 50 4 37 57 8 14 7 10 70 2 35 26 55 39 42 52 
45 16 47 26 3 64 16 4 7 15 53 1 79 7 20 12 60 17 32 37 30 21 58 27 8 31 19 19 21 32 41 17 68 10 18 
46 27 30 9 50 68 50 3 33 39 11 36 25 27 21 5 17 23 34 8 14 36 5 28 75 18 39 15 53 19 43 35 43 11 25 
47 45 6 57 3 56 13 61 26 20 4 33 25 40 33 13 9 28 7 37 50 17 35 37 55 56 42 24 8 53 23 16 50 58 
48 52 5 43 14 30 6 7 6 44 24 39 12 50 29 38 31 28 50 5 21 41 2 4 58 32 30 62 1 23 19 39 2 30 
49 5 54 41 2 17 29 2 9 6 11 44 50 59 44 72 34 73 27 11 33 1 3 21 9 8 17 58 13 34 10 66 
50 14 46 46 77 49 7 44 5 10 48 28 44 48 71 59 64 47 12 15 29 69 13 33 8 39 23 64 47 8 37 
51 17 43 36 65 55 2 67 9 28 33 6 10 9 8 12 39 40 38 7 6 15 21 28 35 41 6 22 33 32 
52 48 23 7 56 15 33 64 13 27 1 30 15 6 3 63 9 4 18 60 23 6 61 61 44 17 55 8 
53 12 8 68 1 45 18 25 17 35 34 6 16 32 25 36 36 22 1 15 10 36 12 71 46 47 12 28 
54 44 49 32 11 1 13 3 14 6 1 13 4 15 10 2 16 72 18 16 29 32 3 10 11 30 8 
55 4 8 9 28 38 51 19 7 9 38 33 20 7 70 6 62 13 5 38 47 18 44 25 52 3 29 
56 27 63 5 47 18 52 25 3 13 24 10 13 36 65 22 61 2 35 10 47 5 62 30 9 18 4 
57 47 38 16 41 32 17 36 5 4 41 40 44 2 19 44 36 17 20 13 29 28 33 14 19 60 2 
58 4 23 36 39 22 15 44 11 3 66 43 23 45 2 48 39 17 49 12 18 3 27 62 31 47 
59 9 24 60 22 49 5 16 63 50 19 14 8 43 8 8 5 3 3 19 31 12 8 70 10 3 
60 66 70 59 22 11 38 76 45 2 2 5 11 10 9 25 40 23 2 5 25 52 1 32 1 57 
61 65 2 26 2 2 2 47 73 25 5 25 16 56 63 17 67 24 35 14 24 52 52 21 10 38 
62 11 1 17 3 14 10 18 3 44 6 3 55 67 70 48 7 27 39 7 15 56 14 58 
63 18 32 24 17 56 21 19 4 5 44 59 23 61 8 42 14 22 52 33 1 28 2 43 
64 45 26 7 40 18 1 30 4 3 34 11 52 50 74 12 13 11 36 5 25 21 50 
65 6 22 61 14 16 15 51 4 19 5 1 16 23 9 56 12 9 78 76 4 15 2 
66 60 8 21 7 8 16 19 58 4 7 43 20 33 28 3 11 10 75 42 76 49 
67 14 34 6 13 34 13 37 13 42 7 5 51 24 33 31 11 25 62 61 
68 53 46 34 16 19 42 16 6 1 35 17 18 21 17 39 29 5 45 39 
69 3 21 27 7 4 13 38 6 28 27 15 1 22 8 7 50 5 14 
70 35 60 8 8 8 55 31 15 16 19 5 62 9 44 25 59 
71 17 22 30 30 11 50 75 53 9 1 1 
72 39 11 49 4 54 33 36 34 1 8 14 
73 31 24 26 61 49 6 24 6 13 39 5 
74 32 3 15 19 11 13 64 33 21 38 6 
75 43 44 30 18 13 10 71 3 46 66 
76 2 60 2 65 27 66 30 29 1 
77 50 33 25 39 7 16 35 
78 29 3 1 65 5 28 41 
79 33 45 41 1 22 19 26 
80 5 
