46
44 43 43 42 40 39 39 37 37 35 35 35 33 32 32 32 30 30 30 29 27 26 26 25 22 21 20 20 19 17 16 15 15 14 14 13 11 11 8 8 8 7 5 4 2 1 
1 45 44 43 42 41 40 39 38 37 36 35 34 33 32 31 30 29 28 27 26 25 24 23 22 21 20 19 18 17 16 15 14 13 12 11 10 9 8 7 6 5 4 3 2 
2 44 43 42 41 40 39 38 37 36 35 34 33 32 31 30 29 28 27 26 25 24 23 22 21 20 19 18 17 16 15 14 13 12 11 10 9 8 7 6 5 4 3 1 
3 44 43 42 41 40 39 38 37 36 35 34 33 32 31 30 29 28 27 26 25 24 23 22 21 20 19 18 17 16 15 14 13 12 11 10 9 8 7 6 5 4 2 1 
4 43 42 41 41 39 38 37 36 35 34 33 32 31 30 29 28 27 26 25 24 23 22 21 20 19 18 17 16 15 14 13 12 11 10 9 8 7 6 5 2 3 1 
5 44 41 39 38 37 36 35 34 33 32 31 30 29 28 27 26 25 24 23 22 21 20 19 18 17 16 15 14 13 12 11 10 9 8 7 6 3 1 4 2 
6 40 39 38 37 36 35 34 33 32 31 30 29 28 27 26 25 24 23 22 21 20 19 18 17 16 15 14 13 12 11 10 9 8 7 5 1 2 4 3 
7 40 39 38 37 36 35 34 33 32 31 30 29 28 27 26 25 24 23 22 21 20 19 18 17 16 15 14 13 12 11 10 9 8 2 5 1 3 4 6 
8 40 37 36 35 34 33 32 31 30 29 28 27 26 25 24 23 22 21 20 19 18 17 16 15 14 13 12 11 10 9 1 6 7 2 5 4 3 
9 46 38 36 35 34 33 32 31 30 29 28 27 26 25 24 23 22 21 20 19 18 17 16 15 14 13 12 11 10 6 1 2 7 5 3 8 4 
10 38 37 34 33 32 31 30 29 28 27 26 25 24 23 22 21 20 19 18 17 16 15 14 13 12 11 6 1 8 7 4 5 9 2 3 
11 36 35 34 33 32 31 31 29 28 27 26 25 24 23 22 21 20 19 18 17 16 15 14 13 12 7 4 3 1 5 2 10 9 8 6 
12 42 36 34 33 32 31 30 29 28 27 26 25 24 23 22 21 20 19 18 17 16 15 14 13 6 10 11 7 1 4 2 9 3 8 5 
13 37 33 32 31 30 29 28 27 26 25 24 23 22 21 20 19 18 17 16 15 14 8 5 10 2 7 12 11 1 9 4 6 3 
14 33 32 31 30 29 28 27 26 25 24 23 22 21 20 19 18 17 16 15 7 9 4 13 3 1 6 11 5 10 8 2 12 
15 42 42 41 30 29 28 27 26 25 24 23 22 21 20 19 18 17 16 9 5 2 6 7 11 12 4 1 3 10 8 14 13 
16 38 35 33 30 29 28 27 26 25 24 23 22 21 20 19 18 17 1 5 13 15 8 6 7 3 10 4 9 11 12 2 14 
17 43 41 40 39 36 35 34 24 23 22 21 20 19 18 7 16 11 13 5 3 10 15 12 6 8 4 1 14 2 9 
18 37 30 29 28 27 26 25 24 23 22 21 20 19 15 3 17 12 4 1 9 11 7 8 14 10 16 5 6 2 13 
19 31 30 29 28 27 26 25 24 23 22 21 20 14 3 8 6 15 12 13 2 5 10 1 9 16 18 4 11 17 7 
20 40 29 28 27 26 25 24 23 22 21 2 17 14 11 9 5 15 1 7 12 6 16 13 3 4 18 19 10 8 
21 36 28 26 25 24 23 22 14 20 18 7 3 17 16 12 2 6 13 1 4 10 11 15 5 9 19 8 
22 35 34 25 24 23 18 12 7 10 5 3 1 20 17 15 6 19 16 14 9 21 4 13 8 11 2 
23 27 26 25 24 17 21 4 3 9 14 10 1 22 18 16 15 13 5 2 11 20 19 8 6 7 12 
24 38 35 13 15 10 16 21 12 22 19 23 18 2 14 17 20 9 4 6 7 5 11 3 8 1 
25 16 6 13 23 7 2 4 11 20 19 21 9 12 14 15 3 18 8 1 22 10 5 
26 14 4 7 2 5 23 1 11 12 16 10 9 13 21 6 20 15 18 8 3 19 
27 20 19 5 3 12 4 14 9 1 10 8 2 18 7 15 11 6 23 13 16 
28 5 20 21 18 7 12 8 4 14 2 15 3 9 16 1 19 6 10 13 11 
29 3 12 19 20 4 9 8 1 14 11 6 2 5 16 13 15 7 18 10 
30 4 10 9 3 7 14 13 12 19 16 6 5 8 15 2 18 1 
31 13 11 4 9 3 11 6 19 2 12 10 14 5 1 7 8 
32 45 9 14 8 6 7 13 12 3 10 1 4 5 11 2 
33 16 13 1 11 3 10 2 12 5 4 6 14 7 9 8 
34 17 22 11 8 6 4 12 10 3 2 9 5 1 7 
35 16 22 24 17 5 9 7 11 2 4 6 1 8 3 
36 21 17 12 2 8 3 6 5 9 4 1 11 7 
37 18 4 10 13 5 3 6 2 1 7 8 
38 3 16 24 4 6 9 10 1 2 7 5 
39 17 4 3 5 6 7 1 2 
40 17 20 8 7 3 6 2 1 
41 4 17 1 4 15 5 2 3 
42 15 15 12 4 3 1 2 
43 17 2 3 4 1 
44 1 5 2 3 
45 32 1 
46 9 
