47
46 43 42 41 40 40 39 38 38 37 37 33 31 29 28 28 27 23 22 22 21 20 20 20 19 18 17 17 16 14 13 13 12 10 9 9 9 8 8 7 7 7 6 4 3 2 1 
1 47 46 45 45 44 43 41 40 39 38 37 36 35 34 33 32 31 30 29 28 27 26 25 24 23 22 21 20 19 18 17 16 15 14 13 12 11 10 9 8 7 6 5 4 3 2 
2 44 43 42 42 40 39 38 37 36 35 34 33 32 31 30 29 28 27 26 25 24 23 22 21 20 19 18 17 16 15 14 13 12 11 10 9 8 7 6 5 4 3 1 
3 44 42 41 40 39 38 37 36 35 34 33 32 31 30 29 28 27 26 25 24 23 22 21 20 19 18 17 16 15 14 13 12 11 10 9 8 7 6 5 4 2 1 
4 43 43 41 41 40 39 38 35 34 33 32 31 30 29 28 27 26 26 25 23 22 21 20 19 18 17 16 15 14 13 12 11 10 9 8 7 6 5 2 1 3 
5 43 43 41 40 37 36 35 34 33 32 31 30 29 28 27 26 25 24 23 22 21 20 19 18 17 16 15 14 13 12 11 10 9 8 7 6 2 4 3 1 
6 41 41 39 38 37 36 35 34 33 32 31 30 29 28 27 26 25 24 23 22 21 20 19 18 17 16 15 14 13 12 11 10 9 8 7 4 3 2 5 1 
7 44 39 38 37 37 35 34 33 32 31 30 29 28 27 26 25 24 23 22 21 20 19 18 17 16 15 14 13 12 11 10 9 8 1 3 4 6 5 2 
8 39 38 37 36 36 34 33 32 31 30 29 28 27 26 25 24 23 22 21 20 19 18 17 16 15 14 13 12 11 10 9 7 1 6 4 2 3 5 
9 39 38 37 36 35 34 33 32 31 30 29 28 27 26 25 25 24 23 21 20 19 18 17 16 15 14 13 12 11 10 5 4 1 8 3 7 2 6 
10 42 40 36 35 34 33 32 31 30 29 28 27 26 25 24 23 22 21 20 19 18 17 16 15 14 13 12 11 2 7 9 3 5 8 4 1 6 
11 45 42 42 42 40 33 32 31 30 29 28 27 26 25 24 23 22 21 20 19 18 17 16 15 14 13 12 10 9 6 7 1 2 8 5 4 3 
12 46 33 32 31 30 29 28 27 26 25 24 23 22 21 20 19 18 17 16 15 14 13 6 3 10 5 8 4 2 9 11 7 1 
13 32 31 30 29 28 27 26 25 24 23 22 21 20 19 18 17 16 15 14 3 6 11 1 9 12 2 8 10 5 7 4 
14 30 29 28 27 26 25 24 23 22 21 20 19 18 17 16 15 12 3 6 1 7 8 9 13 5 11 10 2 4 
15 29 28 27 26 25 24 23 22 21 20 19 18 17 16 7 5 12 4 3 14 6 9 11 13 10 8 2 1 
16 29 28 27 26 25 24 23 22 21 20 19 18 17 8 15 11 2 3 14 4 13 7 5 1 12 10 9 6 
17 28 27 26 25 24 23 22 21 20 19 18 16 6 10 15 4 13 5 12 8 1 7 3 11 9 2 14 
18 24 23 22 21 20 19 15 11 7 3 17 12 9 14 2 10 16 8 5 1 4 6 13 
19 24 23 21 20 10 3 16 7 9 4 17 18 2 14 1 8 11 12 13 15 5 6 
20 24 24 21 9 8 12 11 15 4 10 1 2 6 7 5 18 13 3 19 17 16 14 
21 22 17 12 15 20 1 9 4 3 18 19 11 13 6 8 16 10 5 2 14 7 
22 25 23 21 8 2 18 13 6 10 11 1 7 15 5 4 16 12 17 14 3 
23 2 13 19 9 12 5 22 3 10 15 1 14 8 6 4 18 16 11 17 7 
24 11 19 9 20 20 7 1 18 5 10 3 17 15 14 2 8 16 12 6 13 
25 9 11 22 15 13 8 7 9 16 14 6 4 1 3 5 17 12 2 10 
26 4 7 4 8 6 15 9 2 16 13 14 1 17 10 3 5 11 12 
27 4 7 15 8 13 5 2 16 14 6 17 12 11 3 1 10 9 
28 8 11 15 14 9 7 10 12 5 1 4 13 16 6 3 2 17 
29 1 15 9 11 3 12 4 7 6 14 5 10 16 2 8 13 
30 14 1 3 6 10 5 9 8 12 7 2 13 11 4 
31 5 10 9 1 12 6 4 13 3 2 11 7 8 
32 8 11 9 3 5 6 4 1 12 7 13 10 2 
33 7 5 12 2 3 1 10 6 4 8 9 11 
34 7 5 9 10 2 3 4 6 1 8 
35 7 2 10 5 9 1 6 3 4 
36 8 2 8 3 6 10 5 9 1 
37 7 9 7 8 3 5 2 1 6 
38 4 9 2 3 1 8 7 6 
39 4 7 9 3 2 1 8 6 
40 10 3 4 11 5 2 1 
41 6 4 4 6 5 3 1 
42 10 11 2 2 11 11 3 
43 1 5 4 5 4 2 
44 1 7 3 2 
45 1 11 1 
46 12 1 
47 1 
