30
29 29 28 27 24 24 23 20 20 20 18 18 17 16 16 15 15 14 14 12 11 10 10 9 8 8 7 5 4 2 1 
1 30 29 27 25 21 20 18 14 13 12 9 8 6 4 4 3 3 3 2 2 2 2 2 2 
2 30 29 27 25 21 20 18 14 13 12 9 8 6 4 4 3 3 3 1 1 1 1 1 1 
3 30 29 27 25 21 20 18 14 13 12 9 8 6 4 4 1 2 1 2 1 2 
4 30 29 27 25 21 20 18 14 13 12 9 8 6 1 2 3 1 2 3 
5 30 29 27 25 21 20 18 14 13 12 9 8 6 
6 30 29 27 25 21 20 18 14 13 12 9 8 1 2 3 4 5 
7 30 29 27 25 21 20 18 14 13 12 9 8 
8 30 29 27 25 21 20 18 14 13 12 9 1 2 3 4 5 6 7 
9 30 29 27 25 21 20 18 14 13 12 1 2 3 4 5 6 7 8 
10 30 29 27 25 21 20 18 14 13 12 
11 30 29 27 25 21 20 18 14 13 12 
12 30 29 27 25 21 20 18 14 13 1 2 3 4 5 6 7 8 9 10 11 
13 30 29 27 25 21 20 18 14 1 2 3 4 5 6 7 8 9 10 11 12 
14 30 29 27 25 21 20 18 1 2 3 4 5 6 7 8 9 10 11 12 13 
15 30 29 27 25 21 20 18 
16 30 29 27 25 21 20 18 
17 30 29 27 25 21 20 18 
18 30 29 27 25 21 20 1 2 3 4 5 6 7 8 9 10 11 12 13 14 15 16 17 
19 30 29 27 25 21 20 
20 30 29 27 25 21 1 2 3 4 5 6 7 8 9 10 11 12 13 14 15 16 17 18 19 
21 30 29 27 25 1 2 3 4 5 6 7 8 9 10 11 12 13 14 15 16 17 18 19 20 
22 30 29 27 25 
23 30 29 27 25 
24 30 29 27 25 
25 30 29 27 1 2 3 4 5 6 7 8 9 10 11 12 13 14 15 16 17 18 19 20 21 22 23 24 
26 30 29 27 
27 30 29 1 2 3 4 5 6 7 8 9 10 11 12 13 14 15 16 17 18 19 20 21 22 23 24 25 26 
28 30 29 
29 30 1 2 3 4 5 6 7 8 9 10 11 12 13 14 15 16 17 18 19 20 21 22 23 24 25 26 27 28 
30 1 2 3 4 5 6 7 8 9 10 11 12 13 14 15 16 17 18 19 20 21 22 23 24 25 26 27 28 29 
