97
94 94 92 92 90 87 87 86 86 86 83 78 78 77 77 74 74 72 72 68 68 67 61 61 59 58 58 57 57 56 54 54 54 54 53 52 51 51 51 50 49 48 47 46 46 45 44 42 42 42 41 40 40 38 36 36 35 35 35 35 34 33 33 33 33 33 32 32 31 30 27 26 25 25 23 22 22 21 19 18 16 16 16 15 13 13 12 12 12 10 10 9 7 7 6 5 4 0 
1 95 94 
2 95 94 93 93 
4 96 
6 94 94 
9 97 
13 94 
15 95 93 
25 96 94 94 
32 96 
39 97 95 
52 97 
54 93 
57 97 
58 96 95 
69 96 
81 93 
87 95 93 
93 15 87 81 54 2 2 
94 25 13 25 6 6 2 1 
95 58 87 39 15 2 1 
96 69 25 4 58 32 
97 39 52 57 9 
