58
57 54 54 53 53 52 52 51 50 49 49 49 47 43 42 41 40 40 40 40 39 39 36 33 33 32 31 30 30 30 30 29 28 28 28 28 26 26 26 26 25 22 22 20 20 19 19 18 16 15 12 11 9 9 7 6 6 1 1 
1 58 54 53 51 50 48 47 45 43 41 40 39 36 31 29 27 25 24 23 22 20 19 15 11 10 8 6 6 6 5 5 5 5 5 4 4 4 4 4 3 3 3 3 3 3 2 2 2 2 2 2 
2 58 54 53 51 50 48 47 45 43 41 40 39 36 31 29 27 25 24 23 22 20 19 15 11 10 8 6 6 6 5 5 5 5 5 4 4 4 4 4 3 3 3 3 3 3 1 1 1 1 1 1 
3 58 54 53 51 50 48 47 45 43 41 40 39 36 31 29 27 25 24 23 22 20 19 15 11 10 8 6 6 6 5 5 5 5 5 4 4 4 4 4 1 2 1 2 1 2 1 2 1 2 1 2 
4 58 54 53 51 50 48 47 45 43 41 40 39 36 31 29 27 25 24 23 22 20 19 15 11 10 8 6 6 6 5 5 5 5 5 1 2 3 1 2 3 1 2 3 1 2 3 1 2 3 
5 58 54 53 51 50 48 47 45 43 41 40 39 36 31 29 27 25 24 23 22 20 19 15 11 10 8 6 6 6 1 2 3 4 1 2 3 4 1 2 3 4 1 2 3 4 1 2 3 4 
6 58 54 53 51 50 48 47 45 43 41 40 39 36 31 29 27 25 24 23 22 20 19 15 11 10 8 1 2 3 4 5 1 2 3 4 5 1 2 3 4 5 
7 58 54 53 51 50 48 47 45 43 41 40 39 36 31 29 27 25 24 23 22 20 19 15 11 10 8 
8 58 54 53 51 50 48 47 45 43 41 40 39 36 31 29 27 25 24 23 22 20 19 15 11 10 1 2 3 4 5 6 7 
9 58 54 53 51 50 48 47 45 43 41 40 39 36 31 29 27 25 24 23 22 20 19 15 11 10 
10 58 54 53 51 50 48 47 45 43 41 40 39 36 31 29 27 25 24 23 22 20 19 15 11 1 2 3 4 5 6 7 8 9 
11 58 54 53 51 50 48 47 45 43 41 40 39 36 31 29 27 25 24 23 22 20 19 15 1 2 3 4 5 6 7 8 9 10 
12 58 54 53 51 50 48 47 45 43 41 40 39 36 31 29 27 25 24 23 22 20 19 15 
13 58 54 53 51 50 48 47 45 43 41 40 39 36 31 29 27 25 24 23 22 20 19 15 
14 58 54 53 51 50 48 47 45 43 41 40 39 36 31 29 27 25 24 23 22 20 19 15 
15 58 54 53 51 50 48 47 45 43 41 40 39 36 31 29 27 25 24 23 22 20 19 1 2 3 4 5 6 7 8 9 10 11 12 13 14 
16 58 54 53 51 50 48 47 45 43 41 40 39 36 31 29 27 25 24 23 22 20 19 
17 58 54 53 51 50 48 47 45 43 41 40 39 36 31 29 27 25 24 23 22 20 19 
18 58 54 53 51 50 48 47 45 43 41 40 39 36 31 29 27 25 24 23 22 20 19 
19 58 54 53 51 50 48 47 45 43 41 40 39 36 31 29 27 25 24 23 22 20 1 2 3 4 5 6 7 8 9 10 11 12 13 14 15 16 17 18 
20 58 54 53 51 50 48 47 45 43 41 40 39 36 31 29 27 25 24 23 22 1 2 3 4 5 6 7 8 9 10 11 12 13 14 15 16 17 18 19 
21 58 54 53 51 50 48 47 45 43 41 40 39 36 31 29 27 25 24 23 22 
22 58 54 53 51 50 48 47 45 43 41 40 39 36 31 29 27 25 24 23 1 2 3 4 5 6 7 8 9 10 11 12 13 14 15 16 17 18 19 20 21 
23 58 54 53 51 50 48 47 45 43 41 40 39 36 31 29 27 25 24 1 2 3 4 5 6 7 8 9 10 11 12 13 14 15 16 17 18 19 20 21 22 
24 58 54 53 51 50 48 47 45 43 41 40 39 36 31 29 27 25 1 2 3 4 5 6 7 8 9 10 11 12 13 14 15 16 17 18 19 20 21 22 23 
25 58 54 53 51 50 48 47 45 43 41 40 39 36 31 29 27 1 2 3 4 5 6 7 8 9 10 11 12 13 14 15 16 17 18 19 20 21 22 23 24 
26 58 54 53 51 50 48 47 45 43 41 40 39 36 31 29 27 
27 58 54 53 51 50 48 47 45 43 41 40 39 36 31 29 1 2 3 4 5 6 7 8 9 10 11 12 13 14 15 16 17 18 19 20 21 22 23 24 25 26 
28 58 54 53 51 50 48 47 45 43 41 40 39 36 31 29 
29 58 54 53 51 50 48 47 45 43 41 40 39 36 31 1 2 3 4 5 6 7 8 9 10 11 12 13 14 15 16 17 18 19 20 21 22 23 24 25 26 27 28 
30 58 54 53 51 50 48 47 45 43 41 40 39 36 31 
31 58 54 53 51 50 48 47 45 43 41 40 39 36 1 2 3 4 5 6 7 8 9 10 11 12 13 14 15 16 17 18 19 20 21 22 23 24 25 26 27 28 29 30 
32 58 54 53 51 50 48 47 45 43 41 40 39 36 
33 58 54 53 51 50 48 47 45 43 41 40 39 36 
34 58 54 53 51 50 48 47 45 43 41 40 39 36 
35 58 54 53 51 50 48 47 45 43 41 40 39 36 
36 58 54 53 51 50 48 47 45 43 41 40 39 1 2 3 4 5 6 7 8 9 10 11 12 13 14 15 16 17 18 19 20 21 22 23 24 25 26 27 28 29 30 31 32 33 34 35 
37 58 54 53 51 50 48 47 45 43 41 40 39 
38 58 54 53 51 50 48 47 45 43 41 40 39 
39 58 54 53 51 50 48 47 45 43 41 40 1 2 3 4 5 6 7 8 9 10 11 12 13 14 15 16 17 18 19 20 21 22 23 24 25 26 27 28 29 30 31 32 33 34 35 36 37 38 
40 58 54 53 51 50 48 47 45 43 41 1 2 3 4 5 6 7 8 9 10 11 12 13 14 15 16 17 18 19 20 21 22 23 24 25 26 27 28 29 30 31 32 33 34 35 36 37 38 39 
41 58 54 53 51 50 48 47 45 43 1 2 3 4 5 6 7 8 9 10 11 12 13 14 15 16 17 18 19 20 21 22 23 24 25 26 27 28 29 30 31 32 33 34 35 36 37 38 39 40 
42 58 54 53 51 50 48 47 45 43 
43 58 54 53 51 50 48 47 45 1 2 3 4 5 6 7 8 9 10 11 12 13 14 15 16 17 18 19 20 21 22 23 24 25 26 27 28 29 30 31 32 33 34 35 36 37 38 39 40 41 42 
44 58 54 53 51 50 48 47 45 
45 58 54 53 51 50 48 47 1 2 3 4 5 6 7 8 9 10 11 12 13 14 15 16 17 18 19 20 21 22 23 24 25 26 27 28 29 30 31 32 33 34 35 36 37 38 39 40 41 42 43 44 
46 58 54 53 51 50 48 47 
47 58 54 53 51 50 48 1 2 3 4 5 6 7 8 9 10 11 12 13 14 15 16 17 18 19 20 21 22 23 24 25 26 27 28 29 30 31 32 33 34 35 36 37 38 39 40 41 42 43 44 45 46 
48 58 54 53 51 50 1 2 3 4 5 6 7 8 9 10 11 12 13 14 15 16 17 18 19 20 21 22 23 24 25 26 27 28 29 30 31 32 33 34 35 36 37 38 39 40 41 42 43 44 45 46 47 
49 58 54 53 51 50 
50 58 54 53 51 1 2 3 4 5 6 7 8 9 10 11 12 13 14 15 16 17 18 19 20 21 22 23 24 25 26 27 28 29 30 31 32 33 34 35 36 37 38 39 40 41 42 43 44 45 46 47 48 49 
51 58 54 53 1 2 3 4 5 6 7 8 9 10 11 12 13 14 15 16 17 18 19 20 21 22 23 24 25 26 27 28 29 30 31 32 33 34 35 36 37 38 39 40 41 42 43 44 45 46 47 48 49 50 
52 58 54 53 
53 58 54 1 2 3 4 5 6 7 8 9 10 11 12 13 14 15 16 17 18 19 20 21 22 23 24 25 26 27 28 29 30 31 32 33 34 35 36 37 38 39 40 41 42 43 44 45 46 47 48 49 50 51 52 
54 58 1 2 3 4 5 6 7 8 9 10 11 12 13 14 15 16 17 18 19 20 21 22 23 24 25 26 27 28 29 30 31 32 33 34 35 36 37 38 39 40 41 42 43 44 45 46 47 48 49 50 51 52 53 
55 58 
56 58 
57 58 
58 1 2 3 4 5 6 7 8 9 10 11 12 13 14 15 16 17 18 19 20 21 22 23 24 25 26 27 28 29 30 31 32 33 34 35 36 37 38 39 40 41 42 43 44 45 46 47 48 49 50 51 52 53 54 55 56 57 
