28
27 27 26 25 24 23 21 21 20 20 20 19 19 18 18 16 15 14 13 12 11 11 11 6 5 4 3 3 
1 12 5 10 4 16 2 9 21 14 11 5 7 22 10 12 3 12 6 12 15 17 11 20 1 1 13 17 
2 5 4 14 17 1 10 3 16 8 15 22 18 15 5 10 4 5 15 6 15 8 6 10 11 23 23 11 
3 4 14 7 13 19 2 25 26 20 15 9 16 12 9 19 11 9 7 1 11 22 4 15 6 8 4 
4 2 6 6 3 14 1 9 7 10 15 7 15 8 20 2 19 18 8 3 20 6 5 11 3 13 
5 2 16 1 21 9 18 7 11 15 10 6 11 1 2 27 9 2 7 6 8 9 4 9 24 
6 11 4 4 13 22 26 16 5 14 13 8 18 11 1 14 13 2 18 3 4 5 2 7 
7 3 10 5 8 4 17 9 21 19 23 4 1 23 3 17 5 15 24 22 6 10 
8 13 13 20 7 13 9 25 2 6 4 15 16 13 12 10 4 17 2 23 5 3 
9 17 5 1 4 8 23 3 7 27 3 16 18 3 5 5 20 10 5 19 15 
10 7 1 12 27 12 14 12 2 21 12 4 5 17 12 1 2 8 2 9 7 
11 6 17 14 14 5 16 18 1 5 3 14 6 3 23 1 2 4 26 15 2 
12 28 1 10 10 10 10 14 3 10 19 1 17 1 1 8 20 16 19 22 
13 19 8 6 18 8 3 13 13 8 18 13 13 6 21 8 23 6 1 4 
14 2 3 4 25 10 11 11 19 12 1 17 6 11 18 6 17 14 14 
15 18 22 3 4 5 2 4 16 2 8 7 1 2 2 3 18 11 9 
16 18 20 5 1 11 3 6 2 17 15 9 8 20 24 12 28 
17 9 11 2 7 16 14 10 7 12 1 24 8 14 1 25 
18 16 15 5 13 11 22 13 2 9 6 4 14 6 15 
19 13 21 3 14 7 22 3 12 22 4 24 9 12 
20 16 25 8 21 3 4 16 4 12 23 9 1 
21 23 5 19 21 21 1 10 20 7 13 23 
22 6 15 18 19 2 1 19 3 28 7 12 
23 21 9 7 7 21 13 11 8 20 2 2 
24 16 7 17 19 26 5 
25 20 14 3 8 17 
26 3 6 24 11 
27 10 9 5 
28 12 22 16 
