36
35 32 30 30 29 29 27 27 26 25 23 22 22 20 17 16 16 14 13 13 12 12 11 11 11 11 10 9 8 7 7 7 7 6 3 2 2 1 1 0 
1 36 32 29 28 26 25 22 21 19 17 14 12 11 8 4 3 2 2 2 2 2 2 2 2 2 2 2 
2 36 32 29 28 26 25 22 21 19 17 14 12 11 8 4 3 1 1 1 1 1 1 1 1 1 1 1 
3 36 32 29 28 26 25 22 21 19 17 14 12 11 8 4 1 2 
4 36 32 29 28 26 25 22 21 19 17 14 12 11 8 1 2 3 
5 36 32 29 28 26 25 22 21 19 17 14 12 11 8 
6 36 32 29 28 26 25 22 21 19 17 14 12 11 8 
7 36 32 29 28 26 25 22 21 19 17 14 12 11 8 
8 36 32 29 28 26 25 22 21 19 17 14 12 11 1 2 3 4 5 6 7 
9 36 32 29 28 26 25 22 21 19 17 14 12 11 
10 36 32 29 28 26 25 22 21 19 17 14 12 11 
11 36 32 29 28 26 25 22 21 19 17 14 12 1 2 3 4 5 6 7 8 9 10 
12 36 32 29 28 26 25 22 21 19 17 14 1 2 3 4 5 6 7 8 9 10 11 
13 36 32 29 28 26 25 22 21 19 17 14 
14 36 32 29 28 26 25 22 21 19 17 1 2 3 4 5 6 7 8 9 10 11 12 13 
15 36 32 29 28 26 25 22 21 19 17 
16 36 32 29 28 26 25 22 21 19 17 
17 36 32 29 28 26 25 22 21 19 1 2 3 4 5 6 7 8 9 10 11 12 13 14 15 16 
18 36 32 29 28 26 25 22 21 19 
19 36 32 29 28 26 25 22 21 1 2 3 4 5 6 7 8 9 10 11 12 13 14 15 16 17 18 
20 36 32 29 28 26 25 22 21 
21 36 32 29 28 26 25 22 1 2 3 4 5 6 7 8 9 10 11 12 13 14 15 16 17 18 19 20 
22 36 32 29 28 26 25 1 2 3 4 5 6 7 8 9 10 11 12 13 14 15 16 17 18 19 20 21 
23 36 32 29 28 26 25 
24 36 32 29 28 26 25 
25 36 32 29 28 26 1 2 3 4 5 6 7 8 9 10 11 12 13 14 15 16 17 18 19 20 21 22 23 24 
26 36 32 29 28 1 2 3 4 5 6 7 8 9 10 11 12 13 14 15 16 17 18 19 20 21 22 23 24 25 
27 36 32 29 28 
28 36 32 29 1 2 3 4 5 6 7 8 9 10 11 12 13 14 15 16 17 18 19 20 21 22 23 24 25 26 27 
29 36 32 1 2 3 4 5 6 7 8 9 10 11 12 13 14 15 16 17 18 19 20 21 22 23 24 25 26 27 28 
30 36 32 
31 36 32 
32 36 1 2 3 4 5 6 7 8 9 10 11 12 13 14 15 16 17 18 19 20 21 22 23 24 25 26 27 28 29 30 31 
33 36 
34 36 
35 36 
36 1 2 3 4 5 6 7 8 9 10 11 12 13 14 15 16 17 18 19 20 21 22 23 24 25 26 27 28 29 30 31 32 33 34 35 
