39
38 37 36 36 34 31 31 30 29 29 28 28 28 28 27 26 25 24 21 20 20 19 19 19 18 17 16 16 15 14 12 8 6 6 6 5 5 4 3 0 
1 39 38 37 36 35 34 33 32 31 30 29 28 27 26 25 24 23 22 21 20 19 18 17 16 15 14 13 12 11 10 9 8 7 6 5 4 3 2 
2 38 37 36 35 34 33 32 31 30 29 28 27 26 25 24 23 22 21 20 19 18 17 16 15 14 13 12 11 10 9 8 7 6 5 4 3 1 
3 39 36 35 34 33 32 31 30 29 28 27 26 25 24 23 22 21 20 19 18 17 16 15 14 13 12 11 10 9 8 7 6 5 4 1 2 
4 37 36 35 34 33 32 31 30 29 28 27 26 25 24 23 22 21 20 19 18 17 16 15 14 13 12 11 10 9 8 7 6 5 1 3 2 
5 35 34 33 32 31 30 29 28 27 26 25 24 23 22 21 20 19 18 17 16 15 14 13 12 11 10 9 8 7 6 3 2 1 4 
6 39 31 30 29 28 27 26 25 24 23 22 21 20 19 18 17 16 15 14 13 12 11 10 9 8 7 5 3 2 1 4 
7 32 31 30 29 28 27 26 25 24 23 22 22 21 19 18 17 16 15 14 13 12 11 10 9 8 2 3 1 6 4 5 
8 32 30 30 28 27 26 25 24 24 23 21 20 19 18 17 16 15 14 13 12 11 10 9 2 1 7 5 4 6 3 
9 30 29 28 27 26 25 24 23 22 21 20 19 18 17 16 15 14 13 12 11 10 4 5 2 8 3 6 1 7 
10 38 29 28 27 26 25 24 23 23 21 20 19 18 17 16 15 14 13 12 11 2 6 7 4 1 3 9 5 8 
11 31 28 27 26 25 24 23 22 21 20 19 18 17 16 15 14 13 12 2 9 6 5 7 4 8 10 3 1 
12 37 28 27 26 26 24 23 22 21 20 19 18 17 16 15 14 13 3 10 11 4 6 5 7 8 9 1 2 
13 31 28 27 26 25 24 23 22 21 20 19 18 17 16 15 14 9 2 11 5 7 4 6 10 8 12 3 1 
14 35 30 27 26 25 24 23 22 21 20 19 18 17 16 15 7 1 13 5 11 6 9 4 8 2 10 3 12 
15 29 27 26 25 24 24 22 21 20 19 18 17 16 13 1 5 6 9 10 14 3 2 4 12 7 8 11 
16 32 30 25 24 23 22 21 20 19 18 17 3 6 14 10 9 11 2 7 4 12 5 8 13 1 15 
17 33 31 24 23 22 21 20 19 18 11 1 7 8 5 3 10 15 2 16 4 14 6 9 13 12 
18 38 28 25 22 21 20 19 3 9 6 5 12 1 15 17 2 11 7 13 4 10 8 16 14 
19 31 21 20 4 6 8 9 18 14 3 13 11 15 17 2 16 7 10 1 5 12 
20 30 22 3 2 19 6 15 5 18 16 8 12 17 14 4 13 11 10 1 9 
21 31 4 2 16 6 7 13 3 15 10 9 8 14 5 1 17 19 11 18 12 
22 29 13 20 17 5 15 3 6 18 1 11 7 7 16 4 14 9 2 12 
23 29 26 14 9 16 8 10 10 6 12 4 3 7 11 1 5 2 13 17 
24 14 15 4 3 10 15 8 6 8 16 2 11 9 7 5 12 17 1 13 
25 34 28 6 5 15 18 9 8 14 3 2 11 1 16 13 7 10 4 
26 2 6 23 12 4 10 12 14 8 7 13 3 1 9 5 15 11 
27 30 15 7 8 12 1 4 6 11 5 3 13 10 14 2 9 
28 29 25 13 12 18 7 8 9 2 6 3 5 1 11 10 4 
29 37 36 6 22 15 1 28 23 9 5 4 7 2 10 3 
30 8 27 5 16 14 8 20 4 6 3 1 7 9 2 
31 3 11 19 5 21 6 13 4 17 1 2 7 
32 16 1 8 3 2 4 5 7 
33 17 4 2 1 3 5 
34 4 25 1 5 3 2 
35 2 1 14 5 4 3 
36 29 4 2 3 1 
37 12 4 29 1 2 
38 18 10 2 1 
39 6 3 1 
