61
60 59 58 57 57 55 54 53 52 51 51 49 46 44 43 43 42 41 40 39 39 36 35 33 33 33 33 30 29 29 28 28 27 26 24 23 23 21 21 21 20 19 19 19 17 17 16 16 14 14 12 10 10 8 7 7 6 4 4 2 1 0 0 
1 9 53 40 27 11 43 16 42 43 14 2 24 32 32 1 1 52 23 17 30 26 5 4 20 4 29 15 5 8 40 50 31 35 9 2 9 8 7 28 16 5 26 3 2 30 22 43 51 15 14 58 8 30 15 41 20 33 44 22 31 
2 5 19 4 16 7 21 13 23 14 37 1 2 2 24 31 12 40 28 4 51 24 21 30 45 9 13 1 43 6 10 7 12 20 21 12 21 33 19 1 29 50 12 39 30 24 37 25 16 21 25 15 6 9 27 32 25 4 36 33 
3 6 7 23 12 17 22 32 7 12 6 49 21 4 16 7 4 39 8 32 50 45 33 18 14 8 7 13 18 41 9 19 35 17 1 17 4 4 11 8 4 31 26 43 28 20 42 17 7 8 28 26 24 11 23 46 28 19 36 
4 5 30 55 2 11 37 36 42 45 8 45 12 6 4 4 20 3 30 2 1 3 17 1 13 41 4 4 18 14 38 40 12 22 6 16 9 8 3 3 49 22 10 18 3 33 34 18 28 34 19 25 10 54 2 6 36 61 
5 11 2 4 19 19 33 12 15 15 7 19 28 21 36 29 1 30 10 16 25 1 46 28 10 23 11 36 11 15 24 23 1 11 14 12 42 25 14 11 26 8 12 46 52 44 6 14 10 32 13 31 13 12 18 16 17 26 
6 43 3 7 22 10 23 25 39 13 27 60 4 3 38 10 38 16 19 35 18 17 18 58 4 26 24 2 31 9 29 7 18 6 6 34 8 17 14 50 19 37 37 5 21 2 48 30 16 9 47 33 29 42 4 10 
7 24 35 3 24 6 39 2 20 12 37 10 3 56 33 5 53 30 40 22 11 18 30 3 47 14 27 34 10 14 3 27 18 1 2 20 14 42 11 9 24 10 6 7 7 37 59 16 19 32 16 25 38 3 15 
8 15 8 8 36 10 38 17 33 4 12 21 16 17 29 60 31 46 47 11 26 3 17 35 34 1 3 41 22 15 35 9 11 1 35 10 4 35 16 6 35 10 28 37 37 3 13 5 51 16 3 40 1 25 
9 1 9 9 10 56 16 10 34 44 48 25 55 48 29 30 48 55 20 28 1 22 2 12 1 8 23 10 4 6 54 7 3 31 32 56 22 34 15 19 52 49 16 36 2 40 18 6 40 32 31 20 47 
10 18 14 27 44 8 50 6 31 14 9 29 23 7 29 6 38 39 9 5 24 47 20 20 10 10 7 5 24 40 49 2 9 37 15 34 8 7 8 4 52 12 22 28 5 4 33 53 12 25 15 6 
11 5 11 11 26 30 1 4 15 13 21 26 15 17 52 28 8 21 7 16 27 42 30 5 28 8 28 41 5 29 17 24 7 15 48 5 46 19 27 23 3 46 5 49 20 16 53 24 3 14 12 54 
12 33 37 3 7 35 5 26 39 56 8 4 41 3 20 2 13 50 22 12 12 17 13 9 4 26 21 31 30 2 2 5 22 13 24 2 13 45 5 10 45 15 12 12 5 22 21 32 10 11 
13 29 19 47 32 30 6 2 51 11 33 21 15 18 12 27 33 51 38 4 34 20 16 24 34 30 12 2 17 3 16 20 58 20 12 14 12 17 35 8 24 15 18 41 5 16 5 
14 22 32 10 10 1 2 14 14 26 15 16 35 35 14 14 17 7 17 3 30 4 7 36 16 23 57 20 7 33 33 22 5 23 5 40 6 13 17 5 1 38 34 50 11 
15 8 22 17 21 53 11 5 11 5 13 17 14 55 1 47 8 39 20 27 20 5 26 10 47 11 19 37 21 9 28 29 13 22 2 1 12 57 35 1 10 7 36 23 
16 38 46 2 1 19 35 9 8 33 53 20 14 3 6 11 5 36 25 13 14 4 25 49 1 13 8 21 39 7 11 2 7 25 8 28 32 20 23 9 6 13 18 5 
17 30 15 3 23 32 27 8 43 17 17 11 8 15 1 48 4 14 33 14 8 6 12 17 17 13 25 34 11 51 3 3 6 46 13 49 3 14 33 50 45 5 53 
18 39 10 21 19 22 53 59 19 20 13 18 18 7 19 40 6 3 32 4 6 19 7 3 6 43 23 49 44 19 25 4 44 4 13 28 22 22 9 5 16 22 
19 2 18 5 38 24 13 41 16 5 30 18 19 19 5 21 18 6 53 25 34 18 20 3 15 11 18 2 31 7 28 6 9 29 20 4 37 36 29 40 3 
20 7 35 18 12 4 16 1 43 33 10 10 13 33 42 45 9 38 15 19 7 15 14 13 37 2 13 34 11 22 48 3 57 26 19 39 16 1 24 9 
21 18 15 2 11 47 41 8 35 13 55 44 3 5 19 11 24 29 30 27 2 41 23 50 12 49 29 47 2 2 16 15 29 49 39 28 2 6 12 48 
22 15 14 44 23 18 6 55 3 24 25 7 12 26 42 9 8 4 26 14 12 27 9 52 4 34 20 1 48 15 10 18 18 12 32 1 18 
23 22 3 6 17 54 44 2 10 54 25 49 1 47 46 26 38 21 46 5 29 9 14 26 26 5 31 18 14 32 11 26 25 16 3 15 
24 7 43 7 19 22 1 27 2 31 51 21 10 2 56 13 10 26 6 32 5 11 7 31 12 31 2 13 52 28 11 3 26 20 
25 47 46 6 48 22 23 27 9 5 16 19 17 16 45 34 41 5 18 54 23 2 7 30 16 2 4 8 2 29 25 25 10 42 
26 11 42 12 11 40 14 1 8 22 35 32 29 23 24 12 6 41 22 23 15 23 45 1 39 28 23 5 3 20 3 24 5 52 
27 51 42 43 1 10 45 17 44 6 50 31 24 25 43 13 46 47 11 40 21 7 7 15 41 28 38 42 50 11 51 22 37 2 
28 31 5 2 30 11 44 45 46 5 9 11 11 1 27 28 28 26 8 19 39 15 21 3 4 24 16 10 3 18 3 
29 41 13 10 34 10 8 32 5 21 1 9 26 23 31 38 21 11 6 36 38 51 2 21 15 19 25 19 6 45 
30 11 4 31 17 13 19 50 7 1 28 4 39 5 7 21 2 14 9 13 11 43 12 1 2 45 37 25 6 1 
31 30 10 42 45 27 28 24 2 8 40 59 1 29 33 6 12 24 43 23 9 32 19 24 3 33 5 9 1 
32 14 50 35 13 17 3 1 1 29 40 3 26 18 24 38 35 9 23 31 7 36 35 16 5 2 22 12 9 
33 12 47 5 8 13 16 7 13 48 17 44 20 3 20 31 14 14 2 34 4 31 17 10 39 6 1 2 
34 39 29 48 39 9 46 37 13 8 19 7 13 17 10 25 6 42 20 9 22 33 4 4 43 41 14 
35 7 32 20 36 12 16 21 14 14 26 6 8 1 8 8 8 32 3 8 46 13 32 44 15 
36 8 35 4 53 5 16 54 37 39 14 5 29 36 36 32 42 57 9 19 2 4 15 3 
37 12 4 7 2 34 36 42 51 10 20 15 56 7 8 8 43 2 6 30 27 44 6 19 
38 16 45 19 8 38 38 6 10 6 13 23 4 40 43 20 29 27 32 29 7 14 
39 18 47 34 7 6 12 34 10 49 30 3 36 15 46 26 16 2 28 21 20 33 
40 1 26 2 7 48 32 18 31 27 1 10 38 4 41 41 14 48 8 9 9 19 
41 29 19 21 59 12 4 21 8 26 11 40 27 3 25 40 50 57 13 34 1 
42 27 1 31 4 42 42 26 11 22 20 37 7 27 5 34 3 36 6 25 
43 24 27 6 1 1 17 27 20 38 2 30 31 18 37 3 44 48 1 34 
44 22 10 45 27 23 21 28 9 33 52 18 18 51 43 5 37 35 1 48 
45 38 44 27 31 4 4 28 3 2 20 25 26 12 30 12 17 29 
46 16 25 49 8 27 34 28 23 5 23 39 11 35 17 11 5 3 
47 39 25 33 13 57 21 8 7 23 27 10 15 15 21 6 9 
48 25 34 40 17 33 9 9 9 11 40 20 22 43 6 21 44 
49 54 46 3 23 39 10 21 16 18 4 11 21 17 9 
50 32 10 27 30 12 3 1 21 27 2 6 41 17 14 
51 27 13 24 13 2 37 17 29 27 44 8 1 
52 1 11 44 22 58 9 24 10 5 26 
53 1 18 15 36 16 7 19 11 10 17 
54 49 23 23 36 9 25 4 11 
55 4 22 21 15 9 9 56 
56 9 12 7 24 55 37 9 
57 47 14 41 20 36 15 
58 6 13 52 1 
59 18 41 31 7 
60 6 8 
61 4 
