80
78 76 75 73 72 72 72 70 67 67 66 65 64 62 61 60 60 54 52 49 48 47 47 47 46 45 45 45 44 43 43 43 43 42 42 41 40 40 38 38 37 35 35 35 34 34 33 33 31 30 29 27 27 26 26 26 26 25 25 25 25 23 23 22 22 21 19 19 18 16 11 11 11 11 10 9 7 7 7 1 
1 79 78 77 
2 79 78 76 
5 79 
6 76 
8 79 78 
9 77 
11 76 
12 79 
13 76 
14 78 76 
16 78 
25 77 
28 80 
29 76 
35 77 
43 79 
45 77 
46 77 
49 78 76 
53 79 
54 76 
58 78 
60 77 
76 29 11 13 6 49 54 14 2 
77 9 35 60 25 45 46 1 
78 58 49 16 14 8 2 1 
79 2 53 43 5 8 12 1 
80 28 
