93
92 92 91 91 90 88 88 86 85 85 82 82 81 81 80 79 79 78 78 77 77 76 74 71 70 67 67 65 64 57 56 54 54 53 52 49 47 47 46 46 45 44 43 42 40 40 39 39 39 39 39 37 37 37 36 36 35 35 35 34 34 34 34 34 33 33 33 31 29 28 27 27 27 26 25 24 22 21 20 20 19 19 16 14 13 12 11 9 9 9 5 5 3 2 
1 2 
2 1 4 3 5 7 6 8 10 9 12 11 14 13 15 17 16 19 18 21 20 22 23 24 25 27 26 28 29 30 31 33 32 34 35 36 38 37 40 39 41 42 43 44 46 45 51 50 49 48 47 54 53 52 56 55 59 58 57 64 63 62 61 60 67 66 65 68 69 70 73 72 71 74 75 76 77 78 80 79 82 81 83 84 85 86 87 90 89 88 92 91 93 
3 2 
4 2 
5 2 
6 2 
7 2 
8 2 
9 2 
10 2 
11 2 
12 2 
13 2 
14 2 
15 2 
16 2 
17 2 
18 2 
19 2 
20 2 
21 2 
22 2 
23 2 
24 2 
25 2 
26 2 
27 2 
28 2 
29 2 
30 2 
31 2 
32 2 
33 2 
34 2 
35 2 
36 2 
37 2 
38 2 
39 2 
40 2 
41 2 
42 2 
43 2 
44 2 
45 2 
46 2 
47 2 
48 2 
49 2 
50 2 
51 2 
52 2 
53 2 
54 2 
55 2 
56 2 
57 2 
58 2 
59 2 
60 2 
61 2 
62 2 
63 2 
64 2 
65 2 
66 2 
67 2 
68 2 
69 2 
70 2 
71 2 
72 2 
73 2 
74 2 
75 2 
76 2 
77 2 
78 2 
79 2 
80 2 
81 2 
82 2 
83 2 
84 2 
85 2 
86 2 
87 2 
88 2 
89 2 
90 2 
91 2 
92 2 
93 2 
