94
91 91 91 90 87 87 87 86 85 84 84 84 83 83 82 81 81 80 77 76 75 74 73 73 72 70 68 67 67 66 65 64 64 63 62 61 60 58 56 55 54 54 54 53 52 52 49 48 48 47 47 47 47 46 45 44 44 44 44 44 43 42 40 37 37 36 33 31 30 30 30 28 28 27 27 23 19 19 19 18 18 16 14 14 12 11 11 11 10 6 5 3 1 1 0 
1 60 41 33 67 3 11 32 7 13 70 84 29 18 2 48 32 67 2 24 36 29 15 18 85 25 42 58 29 16 20 38 71 29 53 11 44 27 8 67 63 13 24 52 15 46 73 30 22 13 18 57 32 50 11 39 64 8 9 3 15 76 13 31 24 42 60 59 51 24 59 70 90 41 82 10 49 86 21 32 12 39 22 58 2 14 77 46 74 29 26 62 
2 17 37 6 48 48 7 10 11 69 6 31 62 13 73 1 49 57 1 19 72 75 57 64 14 47 18 87 46 44 20 10 53 54 29 25 17 58 37 7 10 42 43 24 44 49 49 64 54 10 38 60 11 32 60 11 73 57 56 25 33 26 61 85 13 20 46 10 12 35 15 29 31 3 7 36 29 21 37 75 16 71 66 1 27 28 13 61 14 19 9 26 
3 86 43 72 77 1 43 33 85 24 45 28 8 19 77 16 31 8 11 73 8 11 7 31 39 20 38 25 31 39 30 26 7 84 51 60 57 21 43 50 41 37 45 63 42 81 12 66 26 23 34 15 25 21 7 62 58 40 1 21 82 35 75 68 33 53 32 12 34 33 82 2 52 25 60 34 20 25 43 9 16 15 28 6 24 19 32 35 22 54 50 17 
4 46 68 9 22 37 23 50 7 70 16 20 91 26 39 18 66 46 27 74 59 7 69 48 30 72 9 21 70 73 54 63 60 54 6 52 59 6 70 14 43 6 73 41 37 9 16 32 12 15 9 14 43 19 14 53 8 36 46 25 39 18 32 9 50 41 38 19 41 79 77 43 17 25 44 27 44 18 6 18 14 8 32 8 12 7 8 54 33 20 47 
5 30 54 81 38 16 69 66 35 19 43 52 61 11 56 47 17 19 48 17 50 65 36 19 55 36 60 6 71 13 63 66 62 49 11 11 42 9 30 72 16 30 22 46 36 53 52 83 37 31 19 26 15 12 28 67 51 50 44 35 69 54 73 18 22 49 70 33 31 18 43 75 86 9 22 27 43 11 62 46 25 50 74 27 76 20 20 30 
6 45 2 68 89 2 9 27 47 11 74 65 57 28 13 9 28 17 10 59 49 32 16 5 78 19 68 11 38 4 34 41 27 55 35 18 4 60 81 4 81 21 27 26 37 35 13 44 9 66 56 55 19 79 62 23 19 14 13 67 20 27 26 8 30 34 52 19 36 4 27 30 32 30 13 3 20 8 16 47 60 79 51 16 15 70 22 10 
7 43 59 17 36 2 4 1 26 55 26 48 30 15 53 53 29 72 4 29 3 37 21 31 57 22 14 47 3 28 27 85 9 15 57 42 36 75 48 2 33 39 44 42 20 10 44 77 57 26 3 23 46 52 8 8 80 48 19 27 82 30 48 78 22 44 19 18 31 35 39 47 29 2 74 44 65 29 11 45 28 18 80 8 47 4 68 43 
8 67 12 70 9 71 15 17 3 25 22 83 20 3 18 3 10 42 14 47 62 21 38 38 56 19 12 17 63 8 8 11 25 1 25 58 80 12 70 41 41 41 60 36 41 72 62 28 54 60 32 45 4 15 1 8 8 7 7 42 41 24 61 64 17 47 17 23 43 15 6 83 65 14 19 4 46 6 7 4 57 4 53 17 20 21 17 
9 61 15 4 40 8 25 42 6 15 21 78 48 40 81 55 6 10 45 41 35 63 51 4 10 29 45 50 90 48 9 9 22 67 62 28 88 12 7 29 47 14 73 17 58 12 5 4 84 50 40 29 4 47 6 10 13 15 70 62 15 1 85 44 4 42 16 45 55 47 5 17 30 50 26 3 53 11 27 40 14 42 14 81 2 30 
10 76 2 79 21 11 31 34 11 51 38 26 36 39 31 11 9 28 8 56 6 41 9 39 30 25 2 18 17 32 40 37 27 20 52 12 45 2 27 53 2 56 7 19 11 50 58 29 31 9 15 18 72 16 66 30 58 30 30 2 69 29 38 25 22 29 40 28 61 15 1 18 13 13 83 49 24 71 53 14 26 6 43 49 29 
11 41 56 45 39 33 36 12 1 2 28 10 6 22 10 75 24 27 3 10 44 89 3 83 5 13 63 56 21 94 23 8 43 15 17 1 45 42 42 6 88 47 40 25 5 5 23 12 46 54 2 10 2 31 33 78 1 60 29 13 23 76 57 19 40 14 26 56 13 88 23 57 53 9 7 47 5 34 64 22 19 54 15 26 68 
12 23 8 66 44 50 11 46 42 65 66 35 36 39 46 36 31 64 8 56 20 75 34 83 21 9 46 16 8 10 16 20 54 23 67 11 37 33 70 9 59 3 39 56 12 12 4 34 14 32 13 23 41 15 18 16 21 26 5 13 26 66 19 2 56 62 55 3 42 18 13 14 79 84 60 54 1 24 25 25 4 68 25 38 32 
13 30 38 25 28 43 40 36 1 42 2 20 31 6 47 11 57 20 17 60 31 15 75 14 54 29 1 5 17 50 17 55 33 44 66 1 14 6 63 12 36 23 9 41 16 51 50 11 19 76 2 12 61 18 71 1 61 6 25 46 11 55 24 30 67 12 30 32 6 75 10 36 10 71 28 76 37 37 2 77 32 59 37 21 
14 32 48 14 14 48 32 19 56 49 16 55 74 58 63 37 39 27 44 16 8 2 43 26 7 17 76 17 43 13 9 48 66 15 4 82 36 34 21 12 86 59 25 13 59 4 52 56 4 26 58 47 31 57 11 6 63 29 83 70 66 24 61 46 24 14 14 33 4 12 30 8 43 21 1 73 9 2 9 37 67 10 51 17 
15 44 73 9 46 23 20 53 8 9 36 7 88 40 44 53 79 22 38 1 26 46 52 23 30 57 18 59 15 15 19 78 60 11 67 13 7 25 22 14 28 55 1 4 62 62 45 17 70 3 10 9 8 12 24 9 5 1 55 27 33 2 18 41 72 8 59 23 61 42 52 32 65 10 23 3 40 23 11 6 38 38 58 
16 21 54 21 38 71 67 4 5 36 49 28 3 28 46 14 72 14 49 49 53 38 6 1 58 42 18 12 22 12 59 16 16 41 56 65 41 36 4 82 5 58 18 23 34 17 21 10 27 12 60 13 40 29 40 34 71 54 36 52 84 48 9 63 54 68 53 87 2 3 34 28 90 60 6 60 81 53 6 46 44 56 
17 2 7 58 69 8 61 64 45 22 35 92 36 6 68 39 31 5 37 72 31 54 5 18 14 8 50 37 13 34 14 27 11 10 32 2 13 35 48 9 13 49 15 33 50 47 70 16 85 45 42 25 73 68 25 8 79 8 24 50 4 17 17 44 72 32 9 82 17 17 41 8 72 55 85 19 27 8 41 14 3 43 
18 25 62 65 1 64 4 58 8 45 59 48 1 38 15 28 2 19 53 17 64 29 80 46 10 74 16 56 28 6 62 26 24 22 23 36 31 31 45 16 22 80 1 10 22 74 12 4 44 20 33 13 59 21 5 19 34 7 15 28 5 4 30 48 48 12 4 66 10 7 22 81 48 27 75 32 79 55 71 53 75 
19 14 65 3 2 77 5 48 33 5 41 31 8 18 15 5 46 36 32 58 6 26 29 43 28 20 61 23 56 23 47 25 21 73 10 89 4 23 33 28 28 6 5 33 67 24 40 7 30 13 11 33 23 6 51 42 12 4 18 45 7 40 41 68 44 6 69 8 30 3 66 11 2 22 64 22 17 36 
20 60 35 23 29 29 15 77 60 4 32 67 13 8 32 89 33 3 35 51 43 12 45 13 79 1 29 2 31 49 32 43 10 75 12 19 36 7 26 71 55 22 89 29 33 47 21 82 21 46 18 2 29 59 49 6 40 56 34 34 51 65 44 44 3 26 6 53 5 39 8 5 31 42 32 34 4 
21 49 30 16 16 44 65 21 21 10 46 9 56 64 71 82 4 7 8 48 11 35 65 74 67 12 64 3 26 34 29 37 53 66 34 54 45 21 21 14 53 6 19 44 23 3 40 16 24 45 12 20 20 43 3 58 18 33 37 27 59 32 2 48 32 80 1 65 39 14 30 46 50 8 13 54 
22 49 4 24 40 74 11 17 8 37 47 27 47 15 49 55 39 24 43 53 7 76 52 9 41 89 15 16 72 36 18 38 26 84 72 27 20 1 30 49 5 25 18 18 45 68 35 5 7 44 39 44 70 34 5 39 10 92 67 52 57 18 1 11 48 22 22 3 35 19 22 22 6 19 26 
23 12 61 27 20 28 4 15 45 54 58 28 38 79 77 34 39 62 15 50 62 45 28 11 81 58 35 49 34 42 12 50 11 26 18 50 19 19 24 50 69 31 44 39 16 3 36 43 47 21 13 12 7 19 34 62 11 6 19 67 8 46 65 81 49 15 11 34 80 15 34 15 29 45 
24 42 55 33 22 79 3 46 11 82 57 1 40 47 83 22 51 37 51 26 76 68 74 42 25 35 87 26 1 25 52 40 38 41 38 41 18 65 2 47 47 42 23 55 28 21 51 15 57 19 76 8 51 35 74 17 1 27 1 33 14 13 27 62 14 28 3 12 35 10 25 33 71 55 
25 18 61 52 13 75 9 29 48 61 62 8 53 88 51 45 40 46 1 3 32 75 10 24 61 61 8 8 15 24 2 59 11 43 47 64 37 19 22 14 3 2 4 51 57 17 45 17 13 4 36 10 42 66 25 25 27 80 3 3 33 12 12 5 12 78 58 48 35 24 31 38 79 
26 74 70 7 44 40 61 60 7 4 58 58 10 46 71 15 24 14 58 47 42 35 3 49 27 44 41 24 62 19 21 35 18 38 23 69 70 60 22 20 70 57 3 6 29 35 7 27 14 71 5 12 2 33 12 43 39 52 11 6 78 60 9 20 38 28 10 11 22 2 1 
27 30 72 23 78 50 77 6 59 73 11 4 35 22 14 68 29 49 17 26 7 42 1 10 6 56 70 64 69 10 61 74 22 47 6 38 51 26 51 16 31 57 61 53 7 47 15 6 24 21 4 25 24 73 5 6 47 9 51 2 32 18 5 48 36 77 38 17 38 
28 44 68 53 13 23 47 11 35 3 16 16 70 23 6 6 10 43 52 23 18 57 46 67 7 9 54 19 18 15 29 36 38 24 8 56 45 33 19 19 5 87 54 40 52 84 18 83 51 83 41 10 74 24 3 55 16 7 53 13 2 44 50 64 42 38 26 74 
29 30 82 61 54 51 37 20 20 39 85 25 1 40 7 7 44 1 36 80 49 27 9 1 69 18 20 1 60 9 2 13 19 21 28 34 9 26 30 54 53 10 31 20 67 51 86 33 11 16 57 20 46 14 10 2 32 88 7 10 2 49 30 7 23 1 75 10 
30 13 5 21 27 72 29 77 7 34 32 48 58 4 51 55 15 10 3 42 39 40 35 49 5 1 5 22 29 39 59 79 61 10 19 68 52 45 7 55 10 10 32 60 31 6 35 13 9 18 30 30 6 29 13 14 6 19 77 21 34 57 74 77 41 5 9 
31 59 39 45 2 50 10 13 3 10 49 52 32 55 70 17 3 12 17 7 19 3 13 20 34 42 52 55 42 42 43 63 18 18 87 37 23 51 10 11 29 5 27 71 14 31 31 58 1 7 5 30 2 49 80 35 36 79 40 55 64 88 70 20 25 52 
32 64 14 47 37 1 42 20 38 14 1 45 33 35 30 20 31 65 34 25 6 56 20 19 10 44 17 35 35 4 62 2 12 8 58 1 44 33 43 39 66 71 4 30 3 29 17 21 15 6 13 76 56 21 54 1 4 3 37 27 55 13 18 20 12 
33 63 65 11 24 1 3 56 46 42 84 32 44 68 20 19 46 56 42 77 62 82 91 61 34 34 7 12 61 13 17 28 69 11 19 20 19 2 29 59 26 32 19 18 93 15 3 5 21 3 37 24 61 14 25 47 42 81 47 67 43 33 33 24 4 
34 60 51 68 10 50 30 54 75 62 23 65 37 65 32 37 56 17 37 12 31 6 23 33 21 33 21 14 85 12 29 37 3 16 55 48 55 23 40 38 16 53 18 39 20 3 20 54 22 6 39 3 23 61 46 16 11 60 37 30 23 42 20 89 
35 20 38 66 52 28 43 62 42 17 5 12 27 32 52 73 9 50 38 73 20 35 35 26 21 24 23 6 17 32 26 59 52 32 59 30 70 6 26 58 40 24 5 3 22 2 7 40 30 31 73 91 36 53 60 49 78 24 3 22 71 25 60 
36 53 7 11 13 79 16 15 17 10 1 73 12 29 53 74 66 12 39 57 5 19 5 39 58 7 22 20 51 14 67 18 28 16 8 68 58 23 5 13 4 63 55 37 16 62 56 25 62 2 6 31 35 13 48 41 69 75 27 36 36 19 
37 60 2 32 4 29 63 57 22 65 14 44 34 24 61 17 7 34 17 34 10 75 72 64 2 3 25 21 12 4 31 84 6 34 72 5 46 58 39 67 57 44 36 21 41 33 56 2 65 38 34 39 13 13 32 40 65 59 14 13 81 
38 45 13 35 16 5 32 10 64 23 62 15 35 18 3 8 8 16 38 38 1 49 6 24 24 26 22 28 2 80 27 55 45 65 38 38 46 34 4 83 62 38 38 10 42 37 68 48 26 42 64 12 15 28 15 27 52 27 25 
39 11 67 31 68 29 81 4 10 23 67 22 14 17 12 3 57 69 36 10 52 3 45 64 85 36 51 30 7 46 63 12 23 59 60 30 1 4 37 66 32 26 73 45 34 7 22 59 34 22 70 49 21 1 37 61 20 
40 48 43 9 13 22 52 26 29 71 52 9 15 24 52 25 49 10 63 46 24 11 49 30 68 42 53 9 63 59 85 65 21 35 3 16 19 34 16 11 20 28 19 69 67 35 51 10 46 9 83 74 15 61 37 31 
41 11 1 65 47 83 49 79 46 67 9 10 19 22 26 65 74 6 8 8 3 24 16 24 8 80 4 54 16 43 8 13 46 12 48 8 59 4 56 4 15 19 37 1 28 65 86 51 75 17 36 78 17 30 70 
42 59 24 46 9 12 32 13 35 33 48 79 8 1 62 33 26 16 24 77 11 27 11 31 30 7 23 44 2 40 3 5 31 31 7 24 53 74 8 17 19 9 1 12 25 72 15 38 33 9 38 34 28 76 20 
43 3 7 40 13 3 35 52 5 43 43 76 28 55 78 14 22 20 75 11 14 20 49 19 49 3 59 25 50 4 57 2 31 41 57 23 4 32 21 26 4 8 5 87 72 65 3 14 54 5 69 33 7 10 17 
44 28 15 12 21 26 33 15 11 37 29 14 54 55 2 26 59 1 32 74 42 49 69 7 2 7 23 13 6 21 32 53 5 18 9 67 37 22 7 57 84 22 19 17 20 4 4 20 66 7 47 28 72 16 
45 6 11 38 31 23 3 71 17 32 18 9 25 23 9 52 20 39 54 11 60 73 82 56 10 3 66 53 21 47 56 15 18 28 8 38 21 17 56 90 46 22 30 25 58 19 39 76 9 64 7 50 23 
46 4 42 80 12 15 21 24 33 16 4 41 26 15 25 12 33 28 2 18 19 69 12 69 40 39 1 11 5 7 37 41 4 38 45 20 63 29 2 13 23 64 69 14 40 34 79 8 85 21 5 16 1 
47 32 41 28 6 48 48 22 50 22 24 13 5 63 8 2 73 62 26 7 9 11 65 25 24 45 24 19 27 9 23 17 73 20 14 27 8 7 9 53 27 11 68 44 33 6 7 87 33 4 
48 14 2 2 40 14 25 59 1 7 75 42 9 47 47 19 4 30 55 86 18 50 5 21 9 59 67 14 7 17 67 34 41 7 7 56 16 18 21 18 57 58 36 38 18 84 22 27 25 
49 21 22 2 14 16 41 22 31 29 16 16 27 55 75 40 6 26 63 65 20 38 57 23 64 43 43 60 5 40 44 2 2 30 17 22 20 5 58 23 51 31 29 1 53 39 35 10 10 
50 57 12 27 4 31 34 54 57 47 77 35 23 48 59 5 17 9 68 68 67 3 23 43 13 23 63 9 23 10 17 1 13 5 72 4 52 17 76 82 9 62 45 5 28 21 59 3 
51 34 76 29 10 25 24 9 30 24 20 61 3 61 39 60 72 36 75 31 27 27 56 24 29 13 25 71 5 24 19 61 56 60 20 1 49 28 53 40 87 58 41 52 27 66 6 14 
52 25 40 35 43 61 64 40 80 5 35 58 31 40 28 15 39 45 69 22 31 24 10 4 58 1 35 58 5 14 7 78 76 30 69 78 50 26 28 16 3 6 76 15 51 22 38 31 
53 36 28 15 68 7 7 25 15 36 16 18 22 2 1 21 40 71 45 10 21 29 5 42 4 54 44 65 27 61 34 3 65 57 51 76 11 47 16 9 35 49 28 16 8 20 10 18 
54 16 5 29 62 23 50 34 44 17 4 45 2 65 28 4 13 12 21 41 2 11 71 8 29 78 71 62 53 79 64 5 28 16 34 57 16 32 43 58 12 11 3 4 63 63 21 
55 24 64 7 14 55 55 9 22 48 43 31 30 44 49 55 55 5 6 31 57 15 24 13 20 38 64 34 34 6 36 15 30 72 12 57 91 9 13 28 31 32 17 73 18 24 
56 11 68 33 14 21 58 60 5 10 33 11 8 12 90 34 88 32 80 45 27 18 16 19 45 10 12 28 64 14 2 6 51 45 41 12 20 51 11 48 36 37 32 87 16 
57 50 37 50 6 2 24 2 15 39 28 7 66 13 36 7 49 3 55 43 66 26 71 43 7 2 1 66 59 27 25 24 29 11 14 37 55 44 54 53 11 48 22 8 30 
58 17 26 74 56 26 23 18 14 30 52 26 1 74 16 19 23 8 36 59 2 9 52 52 36 16 10 35 32 3 37 14 10 21 63 45 31 49 61 48 51 54 1 25 15 
59 42 31 7 27 48 4 18 6 78 15 78 50 81 48 44 58 25 43 4 16 35 35 12 40 39 14 78 14 30 57 33 20 41 18 39 1 15 1 21 63 60 37 13 50 
60 1 34 20 37 20 63 26 89 56 13 71 4 15 45 5 29 3 84 51 49 6 26 8 69 2 2 8 39 16 11 30 51 1 26 3 35 12 16 34 59 6 16 76 35 
61 25 23 9 29 26 25 17 52 5 37 51 91 25 25 51 33 19 27 33 64 73 30 27 8 2 53 13 13 51 15 14 33 58 64 10 34 65 40 39 2 63 70 66 
62 54 18 2 35 25 34 38 23 23 8 42 47 87 33 9 26 73 5 18 65 32 8 72 15 15 3 54 9 6 23 74 12 38 36 76 36 24 50 5 64 86 1 
63 33 71 37 89 60 72 14 9 11 47 8 49 4 66 40 1 5 66 3 31 39 50 40 13 92 70 36 84 46 14 58 90 64 16 75 59 77 61 54 54 
64 32 55 87 18 17 52 38 21 2 12 18 39 21 49 37 25 27 78 2 61 56 55 1 54 8 69 63 46 61 45 11 62 28 31 88 38 19 
65 33 41 21 18 12 19 6 73 37 34 34 32 5 21 49 54 41 47 62 24 16 40 53 38 23 53 20 43 15 7 61 8 37 41 21 37 78 
66 12 35 69 68 12 4 5 36 57 63 75 5 14 63 21 57 45 81 3 13 6 57 10 39 32 88 12 76 14 25 44 18 2 51 19 61 
67 8 39 1 16 20 1 41 39 28 9 21 15 48 1 50 12 48 72 36 68 29 19 5 44 23 37 6 40 13 22 81 33 14 
68 28 56 4 6 34 39 53 66 33 17 27 24 86 50 50 6 40 36 67 30 22 17 3 19 69 16 47 38 12 7 11 
69 2 17 66 5 4 39 52 29 77 83 46 46 44 27 26 82 23 60 33 82 5 52 64 10 40 68 46 19 36 43 
70 26 8 4 1 28 31 4 8 75 27 4 26 12 26 35 74 15 17 9 63 73 5 14 22 1 39 31 6 61 41 
71 63 16 8 45 40 26 21 1 60 5 53 57 20 81 54 54 26 31 51 32 13 16 74 86 2 13 35 10 24 18 
72 30 27 3 2 63 7 16 4 17 37 22 51 67 22 5 8 62 37 10 50 55 15 43 17 42 44 17 73 
73 15 2 27 65 3 36 35 35 47 4 45 62 9 4 1 19 2 47 61 17 5 39 70 27 35 14 55 72 
74 26 6 22 58 4 14 36 24 58 21 18 41 44 27 70 42 18 24 62 71 7 28 40 5 30 1 28 
75 25 11 48 34 2 49 25 43 12 13 66 7 37 70 20 51 3 80 63 5 2 13 41 18 36 29 18 
76 10 51 43 24 22 14 52 24 13 11 1 66 50 45 62 53 52 81 32 13 5 60 42 
77 30 3 27 20 3 19 23 50 33 69 42 7 4 63 30 13 1 27 30 
78 27 9 43 59 59 15 6 64 59 54 11 52 52 7 26 35 25 41 65 
79 10 24 36 42 41 23 15 20 6 54 30 17 4 12 46 31 6 18 25 
80 46 52 86 29 18 56 8 41 38 84 18 7 75 25 31 23 21 7 
81 5 39 9 59 23 6 3 66 6 71 23 76 18 33 16 67 9 37 
82 29 24 21 33 45 14 69 16 69 20 7 3 50 3 17 1 
83 41 8 11 24 69 12 5 38 14 28 28 8 10 40 
84 1 33 3 60 22 9 37 80 63 28 16 44 12 48 
85 29 3 1 7 39 34 40 17 2 9 46 17 
86 3 80 48 68 14 29 5 71 41 1 62 
87 64 2 62 24 31 28 43 16 51 56 47 
88 89 15 25 56 9 11 66 29 11 64 31 
89 88 6 63 60 11 20 22 20 19 34 
90 9 56 45 63 1 16 
91 4 61 33 55 35 
92 17 63 22 
93 33 
94 11 
