85
83 77 76 76 76 76 76 74 73 72 72 70 70 69 69 69 68 68 67 67 66 65 64 63 63 63 61 61 60 60 56 54 54 52 52 51 49 47 46 44 44 44 44 43 43 42 42 41 41 39 37 36 35 35 34 32 31 28 25 25 22 22 22 21 21 21 21 20 20 19 19 19 19 18 16 16 15 15 14 12 10 8 8 8 4 0 0 0 
1 84 83 82 81 80 79 78 77 77 76 76 76 76 76 76 76 76 76 76 76 76 
2 84 
3 78 
4 80 78 78 
5 85 79 77 
6 85 80 
7 77 
8 84 81 
9 80 77 
10 81 78 
11 78 
12 79 78 
13 78 
14 80 77 
15 79 79 78 77 
16 81 
17 78 77 
19 83 82 81 81 
20 85 78 
21 82 77 
22 79 77 
23 83 81 
24 83 83 
25 78 
27 83 80 78 
28 79 
29 81 79 78 
30 84 77 77 
31 80 80 
32 83 
33 85 
34 79 77 
35 84 82 82 
36 80 80 78 77 
39 79 
43 79 
45 77 
46 82 
49 84 
51 81 80 
53 82 
63 81 
66 79 
67 84 
69 79 
74 84 
75 82 
76 79 1 1 1 1 1 1 1 1 1 1 1 1 
77 45 36 14 21 9 22 30 30 34 7 17 5 15 1 1 
78 11 20 4 1 12 29 36 4 15 10 13 17 3 27 25 
79 34 12 76 39 1 29 22 15 28 69 43 5 66 15 
80 83 36 31 36 51 4 27 6 14 31 9 1 
81 23 29 16 8 10 19 51 63 19 1 
82 19 46 21 35 75 35 53 1 
83 23 80 32 27 24 19 24 1 
84 30 74 35 2 49 8 67 1 
85 20 5 6 33 
