66
64 63 62 62 60 59 59 58 54 53 51 50 49 47 47 46 45 44 43 43 43 41 39 39 37 36 35 35 34 34 33 33 33 32 31 30 29 28 27 27 27 27 26 22 21 20 19 19 18 18 17 17 16 15 14 13 12 11 11 10 8 6 5 5 5 3 0 
1 31 20 41 5 47 23 16 33 44 52 24 52 42 16 12 14 13 8 17 62 58 9 32 2 2 34 25 21 3 37 34 7 43 35 10 58 58 9 5 64 42 50 8 12 42 7 26 17 49 26 9 14 5 10 14 40 48 23 12 2 28 48 11 35 
2 9 18 7 2 2 7 20 53 45 21 33 4 49 43 1 29 1 12 27 16 21 27 22 2 2 9 9 4 32 50 3 44 20 15 4 6 52 34 47 5 37 33 27 43 13 17 5 21 53 43 12 26 2 2 3 1 8 14 4 5 17 54 13 
3 27 6 46 18 15 26 56 27 17 61 34 38 32 22 12 33 26 10 10 13 17 8 1 45 40 20 8 36 4 32 32 55 5 14 47 2 46 25 23 27 34 17 13 36 4 29 19 7 29 17 27 14 49 18 30 41 59 51 6 6 2 37 
4 17 4 4 9 42 43 51 21 28 27 25 15 2 5 21 37 27 10 4 4 29 11 3 27 5 47 42 33 9 5 8 10 2 13 2 17 7 21 23 20 3 27 14 25 35 5 48 39 12 34 23 50 21 35 30 9 24 36 42 2 58 22 
5 1 28 38 16 31 33 46 13 49 46 29 4 43 9 13 7 23 57 11 49 30 4 42 27 32 26 33 1 4 55 3 46 29 8 12 41 42 10 22 11 28 13 2 4 34 45 1 32 6 28 2 24 6 40 34 53 43 41 2 54 
6 21 57 3 28 33 23 22 43 16 23 24 37 42 28 30 31 15 8 7 25 16 27 15 47 39 29 48 30 17 30 40 39 2 17 24 43 54 39 23 15 22 22 13 5 50 50 5 11 45 34 17 45 3 3 28 22 6 6 23 
7 12 32 2 10 2 34 23 20 11 15 26 20 35 23 34 6 58 8 35 10 5 1 9 38 25 18 27 14 19 35 1 44 4 29 26 13 19 8 42 29 12 18 39 57 33 12 12 3 14 24 25 23 14 44 7 7 17 7 7 
8 16 15 23 19 36 22 43 46 43 26 1 44 14 15 44 6 41 11 3 7 19 51 3 19 20 23 18 50 25 45 28 4 15 5 1 46 13 19 17 9 7 43 50 40 9 13 14 20 13 42 34 35 27 18 52 22 2 10 
9 2 56 40 10 4 16 10 18 15 18 18 24 51 1 20 26 5 31 35 38 14 7 31 17 42 4 1 2 11 49 2 30 15 39 25 8 24 43 10 26 66 8 1 60 11 54 30 53 30 13 4 37 23 13 
10 9 7 22 9 49 49 22 28 32 15 25 63 4 18 3 3 24 57 7 16 30 25 20 1 14 40 14 12 29 11 39 60 4 27 40 5 29 23 13 11 9 18 1 23 36 51 45 26 16 29 26 8 11 
11 41 21 42 52 36 19 23 7 24 14 8 46 16 4 32 5 57 53 33 18 21 19 9 10 31 14 24 40 5 38 10 52 25 46 48 9 41 24 14 14 6 14 55 20 22 16 20 11 11 10 1 
12 41 30 7 16 29 19 18 32 1 3 46 25 14 35 2 22 31 59 26 51 10 42 28 37 51 5 1 36 30 35 33 7 7 7 48 29 28 18 4 29 2 23 21 1 33 40 33 40 23 24 
13 23 32 38 33 33 25 14 5 32 1 18 49 22 5 30 3 37 22 38 37 47 8 4 3 7 27 54 5 10 17 42 8 21 54 2 8 6 29 30 9 47 28 45 17 26 9 14 2 40 
14 38 21 39 19 63 13 1 16 8 11 22 12 37 54 9 35 10 25 10 19 7 41 3 26 27 11 65 37 24 19 4 23 24 8 1 1 43 36 7 3 11 7 11 11 2 34 13 
15 18 41 32 38 3 8 25 56 21 64 9 7 10 4 8 32 6 39 21 48 40 37 39 6 59 50 19 30 37 25 53 9 8 18 55 2 18 61 49 28 6 16 15 15 54 16 18 
16 12 8 9 32 5 1 26 6 18 1 44 30 14 51 39 27 6 2 53 30 10 11 37 24 30 41 49 18 43 59 21 20 20 57 31 65 15 46 28 38 34 15 46 10 35 11 
17 4 23 44 38 3 18 1 3 26 37 26 9 18 6 28 26 29 38 17 17 3 4 6 66 8 1 13 47 22 30 57 3 44 2 25 32 39 20 6 17 17 7 13 57 2 
18 31 15 2 3 58 56 9 12 56 16 9 9 60 36 47 46 19 13 17 10 34 47 11 17 7 8 16 15 48 52 15 32 36 7 10 12 3 8 37 27 40 30 22 15 
19 29 14 12 8 45 29 53 59 44 38 11 18 25 32 20 8 25 8 15 27 47 11 14 23 27 7 35 32 8 32 7 35 36 39 14 29 28 3 44 21 54 34 28 
20 49 1 2 7 49 7 35 32 9 63 26 26 19 29 3 24 10 40 8 21 20 20 37 37 41 2 22 40 21 16 33 4 16 47 8 22 54 31 17 11 11 50 34 
21 6 14 47 15 11 24 38 4 2 30 4 37 31 1 35 15 29 2 39 11 20 22 61 20 29 16 33 28 4 34 23 23 13 26 19 2 29 65 12 4 41 49 24 
22 10 33 6 26 8 10 44 32 3 13 60 14 31 37 12 48 28 13 28 2 38 21 34 20 44 5 48 6 17 6 20 47 60 52 35 11 8 18 33 6 4 
23 17 13 25 41 34 60 7 1 6 8 6 26 11 48 7 5 34 36 8 55 19 3 10 4 6 14 21 21 10 7 44 12 4 1 9 43 42 12 6 
24 31 21 48 1 11 56 9 47 6 59 10 49 25 20 37 16 48 27 11 46 62 6 9 14 14 30 29 61 7 11 5 28 4 43 38 29 21 55 12 
25 23 41 36 15 13 34 46 4 10 19 12 40 51 1 6 24 10 19 7 14 8 15 35 39 3 27 9 36 11 4 44 26 34 7 17 36 29 
26 37 3 22 37 16 23 7 8 3 31 9 42 20 20 17 12 17 5 17 14 43 1 7 34 46 57 1 9 25 60 62 21 10 2 13 10 
27 36 3 61 3 52 4 4 30 16 2 28 31 6 4 2 5 19 7 24 19 10 60 14 30 25 36 3 38 13 4 2 3 8 18 35 
28 51 6 5 31 4 31 10 6 50 27 35 22 22 35 17 12 8 5 21 15 19 52 12 29 16 5 48 19 24 13 56 39 1 6 42 
29 36 19 12 19 5 29 29 2 4 20 21 39 6 10 39 17 5 7 10 21 7 3 19 12 3 24 28 13 12 21 36 10 24 25 
30 12 45 45 39 21 16 6 55 48 27 13 16 41 10 5 16 6 15 6 9 27 12 39 17 24 33 3 45 13 9 9 4 18 59 
31 18 1 34 24 28 5 28 53 26 52 6 22 9 21 12 41 9 27 55 33 31 31 55 11 54 45 16 36 34 38 53 20 56 
32 7 15 13 16 50 12 3 13 22 10 15 35 62 20 1 19 11 41 3 3 5 51 2 19 42 18 19 39 44 5 17 40 55 
33 52 6 22 13 46 1 13 5 2 3 35 11 4 65 31 5 38 58 57 64 12 21 20 2 52 7 30 58 50 12 12 22 42 
34 31 7 23 3 37 25 7 18 1 1 23 22 3 26 2 21 25 5 31 8 37 4 19 44 16 5 38 6 41 54 14 20 
35 35 35 54 51 7 43 20 32 33 12 9 48 7 21 28 1 14 37 28 25 19 7 12 19 4 8 4 22 16 27 1 
36 29 27 25 61 46 8 38 11 53 18 43 3 23 45 42 27 12 19 18 25 41 3 31 14 10 25 29 58 4 43 
37 26 26 34 44 6 4 21 22 14 1 13 15 17 16 24 35 59 15 13 12 20 20 14 2 64 34 9 18 3 
38 43 14 15 5 17 13 36 21 19 3 41 51 9 7 22 13 33 56 17 27 11 44 39 16 31 34 24 55 
39 40 14 50 30 16 15 15 29 21 6 29 10 44 25 9 6 32 30 6 19 7 38 4 17 57 28 40 
40 9 39 25 3 15 10 20 6 56 51 11 20 10 56 8 50 32 5 1 50 12 18 48 60 12 39 13 
41 12 1 15 25 23 11 51 57 38 8 30 31 32 53 16 14 20 5 66 36 11 3 21 34 59 43 5 
42 62 4 11 1 6 26 49 5 45 9 4 12 1 50 36 1 5 32 7 13 45 8 58 4 23 33 28 
43 38 55 6 4 8 8 35 2 5 36 1 61 16 26 6 8 9 2 14 2 61 5 41 24 36 23 
44 17 1 19 22 37 16 8 8 39 2 22 7 38 53 25 19 32 17 23 34 7 64 
45 45 45 30 30 19 2 54 3 42 36 8 56 65 31 5 42 30 10 6 6 13 
46 3 33 36 25 5 5 8 18 12 11 5 3 8 48 47 24 26 11 16 16 
47 53 21 1 18 24 51 49 18 6 4 19 13 3 46 2 17 20 22 13 
48 24 23 30 58 35 15 22 6 24 18 46 22 12 11 4 28 1 40 1 
49 20 10 10 20 5 13 2 47 24 5 42 16 9 51 15 1 3 21 
50 39 32 28 15 8 2 42 1 55 8 53 40 6 6 4 40 33 20 
51 28 4 41 35 9 16 47 38 25 8 12 32 12 40 49 10 3 
52 33 60 55 27 11 1 1 31 62 18 2 11 33 28 22 63 8 
53 47 2 19 36 31 16 41 11 59 15 50 44 2 31 5 9 
54 35 45 14 56 31 6 13 13 9 19 20 15 34 2 5 
55 43 52 30 31 23 3 5 31 50 15 11 32 38 24 
56 9 3 18 15 18 24 45 40 38 54 40 31 28 
57 6 41 10 5 11 33 7 26 16 17 39 17 
58 18 1 48 7 1 1 33 42 33 36 4 
59 63 19 24 12 15 37 53 16 3 41 30 
60 52 23 18 22 10 27 26 9 22 40 
61 27 36 3 43 21 15 24 43 
62 42 1 32 52 24 26 
63 59 14 10 20 52 
64 15 1 33 37 44 
65 33 45 14 16 21 
66 41 17 9 
