18
17 15 14 12 12 11 11 11 10 9 8 8 8 6 5 3 3 1 
1 18 15 13 10 9 7 6 5 3 3 2 2 2 
2 18 15 13 10 9 7 6 5 3 3 1 1 1 
3 18 15 13 10 9 7 6 5 1 2 1 2 
4 18 15 13 10 9 7 6 5 
5 18 15 13 10 9 7 6 1 2 3 4 
6 18 15 13 10 9 7 1 2 3 4 5 
7 18 15 13 10 9 1 2 3 4 5 6 
8 18 15 13 10 9 
9 18 15 13 10 1 2 3 4 5 6 7 8 
10 18 15 13 1 2 3 4 5 6 7 8 9 
11 18 15 13 
12 18 15 13 
13 18 15 1 2 3 4 5 6 7 8 9 10 11 12 
14 18 15 
15 18 1 2 3 4 5 6 7 8 9 10 11 12 13 14 
16 18 
17 18 
18 1 2 3 4 5 6 7 8 9 10 11 12 13 14 15 16 17 
