40
37 37 36 36 35 34 32 29 27 26 25 23 22 22 22 22 21 20 18 17 17 16 15 15 15 13 12 11 11 10 9 9 8 8 7 7 4 2 1 1 0 0 
1 38 37 36 35 34 33 32 31 30 29 28 27 26 25 24 23 22 21 20 19 18 17 16 15 14 13 12 11 10 9 8 7 6 5 4 3 2 
2 38 37 36 35 34 33 32 31 30 29 28 27 26 25 24 23 22 21 20 19 18 17 16 15 14 13 12 11 10 9 8 7 6 5 4 3 1 
3 37 36 35 34 33 32 31 30 29 28 27 26 25 24 24 23 22 21 19 18 17 16 15 14 13 12 11 10 9 8 7 6 5 4 1 2 
4 37 36 35 34 33 32 31 30 29 28 27 26 25 24 23 22 21 20 19 18 17 16 15 14 13 12 11 10 9 8 7 6 5 3 2 1 
5 36 35 34 33 32 31 30 30 28 27 26 25 24 23 22 21 20 19 18 17 16 15 14 13 12 11 10 9 8 7 6 4 3 2 1 
6 40 34 33 32 31 30 29 28 27 26 25 24 23 22 21 20 19 18 17 16 15 14 13 12 11 10 9 8 7 1 5 3 4 2 
7 34 32 31 30 29 28 27 26 25 24 23 22 21 20 19 18 17 16 15 14 13 12 11 10 9 8 2 3 4 1 5 6 
8 30 29 28 27 26 25 24 23 22 21 21 19 18 17 16 15 14 13 12 11 10 9 2 7 6 4 5 3 1 
9 30 29 26 25 24 23 22 22 20 19 18 17 16 15 14 13 12 11 10 6 2 4 8 7 3 1 5 
10 29 26 25 24 23 22 21 20 19 18 17 16 15 14 13 12 11 9 4 8 7 6 2 3 5 1 
11 29 25 24 23 22 22 20 19 18 17 16 15 14 13 12 7 1 8 4 2 9 10 3 5 6 
12 35 28 23 21 20 19 18 17 16 15 14 13 7 11 9 8 1 3 10 4 2 6 5 
13 28 24 21 20 19 18 17 16 15 14 7 11 1 6 12 3 8 5 2 9 4 10 
14 32 22 21 20 19 18 17 16 15 1 3 5 8 2 9 10 12 6 13 4 11 7 
15 26 24 21 20 19 18 17 16 6 7 4 10 9 11 8 14 2 3 5 12 13 1 
16 33 27 25 25 19 18 17 1 11 6 2 4 10 9 15 8 5 13 14 3 12 7 
17 22 21 20 19 18 9 14 5 1 4 2 6 13 11 16 8 10 7 15 3 12 
18 22 20 19 16 12 9 2 10 6 17 1 14 15 5 13 3 4 11 8 7 
19 5 18 10 16 7 9 15 14 17 6 2 11 13 12 8 4 3 1 
20 27 25 12 5 18 6 7 1 2 15 9 11 4 13 10 17 14 
21 34 27 17 1 13 3 8 6 15 8 7 14 10 12 2 4 5 
22 9 11 7 8 1 14 18 5 6 11 3 9 4 10 17 2 
23 33 28 24 7 3 12 2 10 11 1 9 4 8 6 5 
24 3 15 23 3 13 7 11 8 2 9 5 6 1 4 10 
25 31 3 1 20 6 16 7 16 10 2 5 4 11 8 9 
26 32 29 8 15 6 7 2 3 9 10 4 1 5 
27 31 16 21 20 5 1 2 4 6 3 7 8 
28 12 1 23 6 13 3 4 2 7 5 8 
29 1 7 8 3 26 9 6 10 11 2 4 
30 5 5 9 3 4 7 6 8 2 1 
31 27 25 2 5 1 3 4 7 6 
32 1 3 4 26 14 2 7 5 6 
33 1 5 16 23 4 3 6 2 
34 3 21 5 7 1 2 4 6 
35 36 12 3 2 1 4 5 
36 39 35 5 1 2 3 4 
37 4 1 3 2 
38 1 2 
39 36 
40 6 
