29
28 27 26 25 25 25 25 25 23 23 21 21 20 18 15 15 14 13 12 12 11 11 10 10 9 9 4 4 3 
1 29 27 25 23 22 21 20 19 16 15 12 11 9 6 2 
2 29 27 25 23 22 21 20 19 16 15 12 11 9 6 1 
3 29 27 25 23 22 21 20 19 16 15 12 11 9 6 
4 29 27 25 23 22 21 20 19 16 15 12 11 9 6 
5 29 27 25 23 22 21 20 19 16 15 12 11 9 6 
6 29 27 25 23 22 21 20 19 16 15 12 11 9 1 2 3 4 5 
7 29 27 25 23 22 21 20 19 16 15 12 11 9 
8 29 27 25 23 22 21 20 19 16 15 12 11 9 
9 29 27 25 23 22 21 20 19 16 15 12 11 1 2 3 4 5 6 7 8 
10 29 27 25 23 22 21 20 19 16 15 12 11 
11 29 27 25 23 22 21 20 19 16 15 12 1 2 3 4 5 6 7 8 9 10 
12 29 27 25 23 22 21 20 19 16 15 1 2 3 4 5 6 7 8 9 10 11 
13 29 27 25 23 22 21 20 19 16 15 
14 29 27 25 23 22 21 20 19 16 15 
15 29 27 25 23 22 21 20 19 16 1 2 3 4 5 6 7 8 9 10 11 12 13 14 
16 29 27 25 23 22 21 20 19 1 2 3 4 5 6 7 8 9 10 11 12 13 14 15 
17 29 27 25 23 22 21 20 19 
18 29 27 25 23 22 21 20 19 
19 29 27 25 23 22 21 20 1 2 3 4 5 6 7 8 9 10 11 12 13 14 15 16 17 18 
20 29 27 25 23 22 21 1 2 3 4 5 6 7 8 9 10 11 12 13 14 15 16 17 18 19 
21 29 27 25 23 22 1 2 3 4 5 6 7 8 9 10 11 12 13 14 15 16 17 18 19 20 
22 29 27 25 23 1 2 3 4 5 6 7 8 9 10 11 12 13 14 15 16 17 18 19 20 21 
23 29 27 25 1 2 3 4 5 6 7 8 9 10 11 12 13 14 15 16 17 18 19 20 21 22 
24 29 27 25 
25 29 27 1 2 3 4 5 6 7 8 9 10 11 12 13 14 15 16 17 18 19 20 21 22 23 24 
26 29 27 
27 29 1 2 3 4 5 6 7 8 9 10 11 12 13 14 15 16 17 18 19 20 21 22 23 24 25 26 
28 29 
29 1 2 3 4 5 6 7 8 9 10 11 12 13 14 15 16 17 18 19 20 21 22 23 24 25 26 27 28 
