64
63 63 62 62 57 57 57 56 54 51 50 49 49 49 47 46 45 45 42 42 41 40 38 38 38 37 34 34 34 33 32 32 31 30 28 25 24 24 23 22 22 21 20 19 18 17 15 14 14 12 11 11 11 11 10 10 10 8 8 8 8 7 5 2 
1 40 12 35 3 14 29 3 51 13 36 20 45 25 9 26 25 13 10 17 31 33 7 26 10 10 29 21 30 33 6 19 7 16 21 8 27 9 18 41 9 13 24 5 55 2 23 33 31 1 1 57 49 46 2 5 18 3 2 8 35 21 32 4 
2 28 15 7 15 29 14 47 33 38 41 12 41 7 5 4 52 22 22 30 15 29 34 34 4 15 29 4 12 18 46 24 20 5 29 10 10 12 32 28 12 33 40 7 26 1 42 19 6 6 18 13 2 2 53 45 34 1 44 41 8 1 8 11 
3 27 7 4 1 7 7 17 9 14 10 1 30 11 23 28 26 42 59 55 30 32 12 3 3 19 31 20 11 59 45 27 35 7 3 3 4 7 30 37 24 19 17 27 8 5 17 29 6 13 11 4 42 37 62 10 45 44 9 1 27 57 24 
4 59 25 29 3 46 19 17 15 20 19 9 2 18 28 38 36 21 25 8 34 11 15 2 19 56 8 3 29 2 23 17 8 26 7 33 5 27 4 4 15 38 27 7 32 56 6 49 21 3 24 18 33 44 25 7 9 54 22 22 26 37 1 
5 14 33 10 14 6 23 8 16 11 44 7 9 2 35 35 39 25 6 41 12 16 35 37 8 25 6 47 6 31 4 2 3 42 13 7 24 5 5 1 9 46 14 16 40 7 29 28 6 11 26 35 1 9 58 22 25 30 
6 25 58 9 19 21 5 23 18 32 21 42 61 28 10 24 22 5 30 22 8 23 5 29 16 5 11 18 19 22 12 20 1 16 13 16 29 25 32 18 21 4 40 3 17 60 2 17 2 5 12 17 19 25 13 17 7 49 
7 17 2 3 50 46 3 3 30 2 10 16 18 45 5 51 24 24 8 20 42 41 62 34 39 8 3 1 19 3 15 9 56 19 49 38 34 4 30 17 9 13 1 31 15 7 7 21 10 4 5 2 16 27 5 43 4 6 
8 17 49 58 8 8 14 18 30 5 44 32 36 13 30 18 30 32 20 7 10 29 4 18 24 5 6 49 7 4 51 29 42 23 19 4 16 34 34 43 18 19 3 1 22 58 8 8 45 19 49 57 2 32 39 2 1 
9 48 6 28 36 12 3 16 30 12 53 34 5 4 57 20 45 55 33 10 1 23 47 20 15 15 47 26 24 21 54 31 23 7 52 34 18 18 7 27 1 12 24 1 20 14 5 32 34 49 4 5 3 10 18 
10 5 38 33 47 25 3 52 7 34 6 16 13 9 13 23 28 11 12 8 14 35 26 12 53 26 1 28 24 15 1 1 36 24 20 17 37 2 44 2 43 33 29 7 13 20 41 14 3 28 57 9 
11 24 14 5 3 40 50 32 24 15 10 13 15 36 3 4 17 43 23 46 55 28 6 39 13 36 22 31 13 30 14 47 13 11 11 27 46 17 15 12 3 52 14 25 62 5 29 14 27 18 2 
12 13 1 33 54 9 25 35 2 19 50 9 26 20 42 43 39 3 47 10 39 14 5 10 57 22 2 44 14 34 37 38 32 6 34 13 34 2 2 9 30 11 14 17 38 29 13 6 27 52 
13 21 48 12 26 18 28 45 32 8 30 31 22 46 1 48 10 10 16 11 27 15 35 1 34 48 59 26 11 11 7 12 6 14 11 43 40 5 10 1 3 17 22 2 12 25 22 30 6 31 
14 5 20 36 2 27 14 14 28 8 5 3 27 1 30 11 60 30 47 36 18 15 61 46 27 17 10 12 15 25 32 45 12 11 41 13 43 27 32 35 9 10 5 12 17 11 11 20 20 16 
15 16 2 2 49 4 40 63 23 22 31 40 11 11 14 9 2 13 9 53 33 40 4 14 59 25 2 35 10 30 7 27 17 26 23 7 4 25 19 38 23 16 11 20 17 18 23 61 
16 15 47 19 9 22 17 21 7 5 55 32 10 21 16 16 13 45 36 5 56 57 23 6 58 32 41 31 45 46 8 25 22 6 6 1 33 38 15 32 26 7 5 34 42 27 14 
17 7 8 3 4 16 33 26 21 20 39 14 36 33 1 25 11 21 4 52 10 15 30 7 20 3 63 21 3 34 11 6 21 6 12 14 13 15 26 6 21 6 26 23 35 30 
18 13 8 36 6 40 7 4 8 43 14 19 30 8 28 25 34 45 23 27 24 6 2 9 19 9 20 24 31 8 1 6 2 22 15 4 33 22 36 30 20 43 1 11 38 9 
19 29 27 6 16 22 4 12 29 31 4 61 31 62 22 3 18 51 27 50 4 24 7 8 7 6 18 42 3 1 8 15 32 32 21 2 32 53 22 8 28 6 39 
20 26 14 38 59 4 12 43 9 31 17 1 8 24 7 9 3 28 29 40 28 10 28 18 17 2 6 28 28 10 9 29 23 15 52 27 60 18 14 52 14 46 21 
21 13 38 60 37 6 16 6 44 38 17 16 32 4 36 40 30 17 9 34 23 1 33 1 17 7 43 32 48 6 51 24 4 17 19 28 17 31 32 20 1 40 
22 28 41 19 50 25 16 25 15 13 6 19 56 2 2 6 12 25 26 36 27 46 35 38 11 16 6 28 33 8 37 13 25 18 19 13 18 4 5 4 35 
23 6 5 57 24 3 44 15 56 10 9 39 6 11 16 18 8 21 4 9 15 46 34 44 33 41 42 25 23 23 15 1 20 35 15 43 34 35 17 
24 11 39 24 24 55 35 23 6 11 7 7 20 26 8 44 45 9 19 25 41 10 18 10 29 2 18 3 58 56 9 5 1 21 29 4 63 3 25 
25 4 6 10 12 22 22 5 43 1 1 45 4 14 18 15 17 22 5 44 24 35 16 23 40 6 15 48 46 22 11 28 13 4 40 6 5 24 40 
26 20 56 13 33 32 34 35 12 3 17 26 26 39 51 24 1 46 10 10 9 22 1 13 4 15 36 38 35 16 40 2 31 17 5 41 17 4 
27 52 43 3 14 19 14 42 13 14 57 19 3 22 18 28 61 47 15 50 9 4 3 42 14 1 4 11 43 7 20 16 11 12 3 
28 2 22 53 14 13 9 29 35 3 6 4 31 10 18 20 34 10 20 11 27 20 22 20 40 2 44 20 21 48 31 5 25 19 10 
29 4 2 19 28 44 19 1 40 8 60 2 31 37 20 6 2 4 8 1 24 51 2 6 10 3 24 20 5 29 29 12 29 29 11 
30 9 8 7 14 3 14 13 8 3 8 2 18 6 49 21 15 3 61 39 17 7 55 1 11 42 12 62 52 18 13 42 5 17 
31 49 19 13 60 37 19 20 28 15 3 29 1 41 41 9 46 50 16 5 11 7 18 41 57 47 28 1 26 31 31 21 13 
32 63 26 13 6 8 11 3 16 8 21 48 14 41 16 32 32 12 33 6 2 4 21 14 19 16 19 9 19 36 21 8 1 
33 5 12 2 10 26 61 17 37 63 9 48 15 17 1 48 39 38 4 1 23 32 21 16 10 2 22 34 1 4 18 42 
34 42 26 9 10 37 4 13 2 2 18 7 28 21 7 9 12 8 8 12 23 12 39 17 33 37 9 16 2 23 43 
35 51 1 39 39 28 12 36 24 26 59 5 5 5 13 10 38 15 3 22 25 26 14 23 5 1 23 22 17 
36 14 9 18 38 35 8 1 14 4 11 16 21 38 53 17 22 10 11 45 37 26 48 18 40 32 
37 21 45 43 42 56 33 31 34 55 5 29 49 3 10 12 36 22 34 42 3 39 38 50 4 
38 21 2 20 10 36 46 44 21 4 36 35 53 22 7 33 12 26 4 16 15 12 37 18 41 
39 54 35 24 35 5 50 26 17 43 12 12 54 23 7 30 33 11 55 34 37 54 19 8 
40 1 15 18 29 11 15 15 21 20 25 28 13 2 6 26 5 41 25 36 62 21 25 
41 22 2 2 50 47 5 7 56 32 31 31 24 16 23 14 31 1 10 26 40 2 38 
42 34 6 37 3 12 27 51 7 8 54 19 23 27 30 5 2 37 3 16 33 30 
43 27 37 50 20 12 25 39 18 11 8 59 10 13 14 21 27 7 23 18 34 
44 29 8 38 21 23 5 24 25 55 12 23 10 47 28 54 4 52 2 3 
45 37 13 7 9 1 16 25 3 24 18 14 16 64 60 36 8 2 3 
46 7 4 38 13 14 26 11 22 31 16 2 23 11 25 5 1 20 
47 2 16 10 48 41 14 12 9 9 5 27 11 44 31 51 
48 13 9 47 13 33 32 60 13 33 21 25 28 58 36 
49 8 15 31 30 8 64 37 7 54 4 1 8 9 6 
50 7 22 12 43 11 41 39 61 19 31 27 37 
51 35 1 42 7 26 19 8 29 54 21 47 
52 27 10 2 17 9 11 30 20 44 20 12 
53 28 62 9 15 10 36 38 58 19 54 2 
54 39 12 39 9 42 49 51 53 44 4 39 
55 24 16 3 9 37 44 11 30 39 1 
56 26 37 23 22 16 41 4 7 24 4 
57 23 9 27 12 16 31 1 8 10 3 
58 6 8 16 24 53 8 48 5 
59 4 20 3 35 3 15 13 43 
60 21 14 31 29 48 45 6 20 
61 33 6 19 50 14 30 27 15 
62 53 19 7 30 11 3 40 
63 32 15 33 17 24 
64 49 45 
