52
48 47 47 46 41 39 38 38 38 37 37 35 34 34 33 32 32 32 31 30 29 28 28 27 24 24 24 23 22 21 20 20 20 18 16 15 14 14 13 12 11 11 10 10 9 9 8 8 7 6 3 1 
1 9 37 12 16 10 3 20 1 1 35 27 18 14 22 14 5 22 20 4 22 2 50 2 29 5 20 36 29 8 29 23 4 24 10 15 16 22 2 46 20 37 22 8 4 20 4 34 6 
2 5 24 15 12 4 29 3 22 18 12 8 35 2 2 5 6 21 15 17 11 21 18 12 1 26 31 4 14 8 1 38 28 4 9 15 24 21 11 33 1 30 19 8 16 17 11 15 
3 14 36 10 22 2 32 1 20 25 19 7 30 17 40 35 24 29 10 36 22 14 38 5 22 32 5 18 4 33 16 14 23 6 9 30 26 7 28 29 18 9 27 6 30 16 49 29 
4 13 2 14 28 8 25 35 17 31 4 4 1 30 39 14 2 10 13 7 10 3 7 35 23 11 27 2 12 13 14 1 23 17 22 41 41 6 39 52 9 15 1 1 28 9 51 
5 2 30 14 10 11 2 13 17 12 31 10 17 1 19 9 41 3 10 7 8 3 1 28 42 27 6 12 6 44 39 34 20 12 32 30 36 12 48 31 22 9 
6 11 11 48 9 14 18 23 8 24 7 13 2 32 21 13 33 26 25 14 29 17 27 44 3 5 39 13 40 40 5 36 12 4 9 3 14 18 1 24 
7 37 12 21 50 19 19 26 3 6 21 43 18 35 26 5 8 32 4 24 20 4 32 33 11 31 29 16 9 12 23 14 3 13 18 31 21 18 29 
8 33 20 4 26 45 2 6 26 23 35 39 41 10 13 15 9 2 7 5 9 21 16 12 30 41 1 12 31 33 16 9 2 1 9 16 49 10 17 
9 1 22 6 38 11 41 13 33 28 28 5 23 11 8 37 8 33 36 3 2 38 7 26 16 37 22 3 11 6 19 4 8 8 13 39 4 38 5 
10 1 3 5 40 17 25 17 5 3 40 8 23 10 10 32 31 5 4 4 33 28 42 21 47 31 35 1 21 34 17 23 28 16 33 21 44 8 
11 6 6 13 35 25 9 14 17 13 30 22 5 15 27 15 14 2 24 24 29 9 20 4 7 39 2 15 26 20 19 9 28 34 12 47 2 23 
12 7 1 2 27 20 12 12 2 23 19 40 33 5 19 20 34 2 16 25 15 8 38 4 29 5 8 7 23 23 6 24 5 5 11 17 
13 4 11 28 9 11 21 14 19 5 22 6 27 6 8 34 35 4 38 29 23 44 25 4 6 18 35 43 26 9 16 7 20 23 21 
14 3 16 4 5 6 11 19 48 13 1 11 1 19 16 3 18 33 4 2 6 38 26 27 29 3 4 7 25 38 21 6 23 18 27 
15 2 17 24 18 11 31 11 30 2 51 17 37 8 42 36 28 12 25 34 2 20 1 11 36 21 26 19 29 4 22 27 40 2 
16 14 42 1 18 33 20 21 32 17 14 12 8 3 24 50 17 44 7 28 46 9 1 10 8 37 20 2 8 18 42 13 3 
17 42 15 32 11 24 32 34 4 31 10 3 10 5 5 16 15 2 23 23 6 22 16 20 31 4 10 45 2 45 23 8 12 
18 40 6 2 16 29 15 37 33 1 7 50 21 2 14 3 26 39 13 32 3 48 45 39 6 19 16 37 7 7 45 14 47 
19 7 28 7 14 3 12 13 39 14 12 5 26 20 40 49 33 21 21 19 19 41 11 9 30 2 15 18 34 47 23 24 
20 8 12 3 1 16 44 47 1 12 19 43 24 1 7 17 11 32 25 15 29 11 1 5 20 20 16 1 13 46 31 
21 7 36 13 16 7 2 6 18 2 32 29 8 10 19 19 10 2 31 21 21 26 49 15 14 25 23 10 7 13 
22 9 3 2 32 29 24 43 11 37 13 42 1 3 1 1 29 3 38 17 34 48 4 43 9 1 1 15 5 
23 31 6 29 12 8 10 25 9 17 17 3 4 13 1 4 7 12 12 10 26 45 21 14 17 13 19 25 11 
24 30 2 17 22 15 6 48 46 46 3 11 30 34 11 7 20 16 35 42 1 2 34 46 28 12 19 6 
25 32 11 4 3 27 10 23 28 6 12 15 43 13 32 20 14 38 27 33 32 21 41 23 32 
26 8 7 43 8 47 36 19 6 7 2 18 14 34 34 9 3 21 11 30 23 15 13 41 28 
27 12 25 1 11 13 51 42 6 49 14 5 37 4 50 3 25 44 39 27 27 15 34 41 14 
28 13 4 19 32 36 9 44 25 9 15 41 5 2 10 16 3 10 24 11 37 39 4 26 
29 2 22 18 23 3 11 22 21 6 1 14 1 13 7 1 12 20 35 3 15 3 7 
30 24 5 39 11 3 15 35 48 24 4 8 50 3 36 26 2 19 5 3 30 30 
31 38 23 36 17 15 5 4 2 10 40 17 7 8 10 43 21 47 5 7 20 
32 25 17 3 22 17 28 16 6 10 21 7 3 7 20 25 18 40 5 25 25 
33 8 16 9 18 49 12 6 14 10 3 9 7 34 42 19 8 2 25 43 10 
34 17 44 13 45 12 24 22 15 33 26 26 10 24 5 11 27 19 1 
35 11 4 2 8 1 38 46 30 3 7 13 4 24 10 13 29 
36 3 21 31 37 28 49 3 26 15 1 9 30 15 6 5 
37 7 1 36 22 18 15 9 27 48 9 16 1 28 18 
38 31 9 35 3 22 14 2 13 12 9 14 25 9 43 
39 30 8 19 4 18 6 11 4 5 27 18 28 9 
40 18 45 10 12 3 10 19 31 6 6 32 15 
41 9 8 5 28 8 4 4 19 26 25 27 
42 17 16 22 15 27 5 10 33 24 47 16 
43 26 22 7 20 25 22 31 13 33 38 
44 34 20 28 6 16 13 45 5 27 10 
45 40 8 34 44 17 18 23 17 18 
46 46 46 24 24 35 16 24 1 20 
47 26 20 10 42 31 11 19 18 
48 6 14 24 30 22 37 18 5 
49 33 36 27 19 21 8 3 
50 7 18 1 30 16 27 
51 15 27 4 
52 4 
