47
42 41 37 31 30 29 29 29 28 28 27 27 27 27 26 26 25 25 24 22 22 22 21 20 20 20 18 18 13 13 12 11 11 11 11 10 10 9 9 8 7 7 5 4 4 3 1 0 0 
1 44 42 42 40 39 38 37 36 35 34 33 32 31 30 29 28 27 26 25 24 23 22 21 20 19 18 17 16 15 14 13 12 11 10 9 8 7 6 5 4 3 2 
2 42 41 40 39 38 38 37 35 34 33 32 31 30 29 28 27 26 25 24 23 23 21 20 19 18 17 16 15 14 13 12 11 10 9 8 7 6 5 4 3 1 
3 46 37 36 35 34 33 32 31 30 29 28 27 26 25 24 23 22 21 20 19 18 17 16 15 14 13 12 11 10 9 8 7 6 5 4 1 2 
4 39 31 30 29 28 27 27 26 24 23 22 21 20 19 18 17 16 15 14 13 12 11 10 9 8 7 6 5 1 2 3 
5 35 34 31 31 30 29 26 24 23 22 21 20 19 18 17 16 15 14 13 12 11 10 9 8 7 6 2 3 4 1 
6 45 43 41 40 30 28 27 23 23 23 20 19 18 17 16 15 14 13 12 11 10 9 8 7 1 2 5 4 3 
7 36 35 35 30 26 25 24 23 22 21 20 19 18 17 16 15 14 13 12 11 10 9 8 4 2 1 3 6 5 
8 40 40 39 36 34 33 32 30 27 23 23 20 18 17 16 15 14 13 12 11 10 9 6 2 1 7 3 4 5 
9 41 35 33 33 28 24 23 22 21 20 19 18 17 16 15 14 13 12 11 10 5 7 6 3 1 2 4 8 
10 42 42 38 34 32 28 26 25 24 20 19 18 17 16 15 14 13 12 11 9 6 7 4 1 8 3 2 5 
11 44 43 35 35 29 26 22 21 20 19 18 17 16 15 14 13 12 10 1 7 4 6 2 5 3 8 9 
12 39 37 31 30 28 26 23 21 20 19 18 17 16 15 14 13 10 7 4 2 6 8 5 11 3 1 9 
13 46 34 32 29 27 24 22 21 21 19 18 17 16 15 14 3 6 7 8 10 5 9 11 2 4 1 12 
14 40 38 37 36 28 27 22 21 20 19 18 17 16 15 3 9 5 2 13 11 12 6 8 1 10 7 4 
15 31 27 27 26 25 24 21 20 19 18 17 16 5 6 7 13 14 9 11 12 2 10 8 4 3 1 
16 43 41 36 34 31 27 26 25 20 18 17 11 3 5 14 6 2 7 12 8 4 1 13 9 10 15 
17 39 38 31 23 22 21 20 19 18 9 15 11 1 7 2 5 13 14 6 3 10 4 8 12 16 
18 40 28 25 25 24 24 20 19 6 11 3 8 17 14 10 1 2 15 13 9 7 12 16 5 4 
19 45 44 43 36 30 25 25 25 13 17 7 6 9 2 18 11 12 4 1 15 5 3 14 10 
20 36 29 28 28 26 8 17 12 2 16 15 4 11 3 7 9 18 6 1 10 5 14 
21 39 38 37 32 28 26 24 24 9 13 12 13 2 4 17 5 15 7 14 3 11 1 
22 41 37 33 31 30 29 27 26 25 25 25 23 14 5 3 17 13 11 1 4 7 9 
23 45 44 43 36 26 12 6 8 6 7 8 1 6 2 4 2 22 5 17 3 9 
24 38 30 29 28 26 25 15 21 21 18 13 10 18 1 4 9 7 3 5 2 
25 47 41 33 27 1 15 18 24 22 18 19 3 19 16 10 19 22 22 2 7 
26 46 34 27 27 11 4 15 24 22 23 20 3 10 16 5 1 12 21 2 7 
27 32 28 16 15 14 4 25 2 8 26 6 26 22 4 15 13 3 1 
28 42 33 29 14 18 24 27 12 10 20 20 9 1 21 6 2 3 4 
29 45 35 22 24 5 28 4 20 13 11 1 3 2 
30 34 24 5 8 19 4 22 7 6 12 2 3 1 
31 40 22 15 16 12 5 17 5 1 3 2 4 
32 39 37 33 27 8 1 21 10 13 3 2 
33 37 22 32 9 25 3 8 9 28 2 1 
34 38 10 8 13 5 3 16 1 26 30 2 
35 42 29 5 2 11 9 3 7 11 7 1 
36 37 23 7 8 19 1 16 20 14 3 
37 36 32 12 21 22 14 1 2 33 3 
38 2 24 34 2 17 21 10 14 1 
39 41 17 21 8 4 12 32 2 1 
40 8 6 8 31 14 18 2 1 
41 39 16 25 9 22 2 6 
42 1 35 10 1 10 28 2 
43 23 16 19 6 11 
44 1 19 23 11 
45 19 23 6 29 
46 26 3 13 
47 25 
