64
62 62 61 60 60 58 58 57 57 56 55 55 55 55 53 52 51 51 49 48 46 45 45 44 44 43 43 42 42 41 39 39 36 35 35 35 34 32 30 30 30 29 28 27 27 24 23 23 22 21 19 18 15 15 15 10 8 8 8 7 6 4 3 3 0 0 
1 13 3 54 13 51 8 52 49 22 48 10 11 17 16 8 14 18 8 32 3 27 26 12 45 39 49 2 4 6 27 9 41 3 8 27 33 19 44 22 5 45 5 2 40 34 64 6 25 14 5 5 9 30 50 30 19 9 59 8 19 7 3 
2 36 14 16 51 28 42 24 42 27 30 35 62 12 34 36 8 4 7 28 52 8 6 3 45 34 56 5 44 1 25 32 7 35 49 26 53 48 4 11 10 17 60 12 3 43 18 1 44 37 32 28 31 24 53 3 2 2 26 16 18 60 45 
3 1 12 4 10 53 4 32 17 7 8 31 6 40 31 1 36 2 26 14 50 32 17 21 20 6 30 46 11 10 43 34 51 1 13 20 52 35 21 2 26 17 60 19 12 38 4 38 46 8 7 42 18 20 24 29 30 2 6 35 5 1 
4 53 50 40 3 10 27 7 6 3 13 8 27 11 12 54 24 39 2 27 8 53 18 50 45 28 8 23 23 18 23 7 28 34 11 1 22 33 11 49 2 8 31 14 30 7 50 45 33 26 32 41 3 10 26 32 32 7 12 20 6 
5 7 19 29 9 21 50 42 17 13 14 31 26 45 14 27 34 11 50 25 2 17 31 32 13 15 12 27 28 32 30 17 18 49 43 10 14 36 1 20 37 38 27 1 33 25 17 28 1 21 1 23 17 33 3 33 18 43 28 10 57 
6 12 45 8 12 41 34 4 12 10 29 12 3 16 6 6 37 9 2 43 14 14 15 35 38 41 21 14 8 3 6 6 1 50 58 40 31 25 17 23 32 13 1 19 41 32 31 44 24 36 3 9 4 53 45 21 11 52 59 
7 51 5 22 40 11 4 3 18 40 14 14 57 48 40 2 48 46 26 47 27 45 48 27 8 23 2 4 17 30 22 24 46 20 55 10 11 4 51 8 15 23 35 32 12 61 3 12 19 45 4 23 41 45 20 22 16 32 1 
8 48 6 39 1 41 13 4 12 35 47 3 41 24 2 30 41 1 32 4 2 25 4 1 51 15 12 34 7 54 53 6 52 9 4 37 1 19 21 7 13 27 20 3 13 44 18 58 26 15 13 18 32 29 49 1 16 32 
9 36 47 62 5 47 22 46 18 55 32 17 22 30 30 6 18 16 45 18 19 42 26 31 30 18 28 26 8 11 1 19 50 50 16 11 13 18 28 11 39 30 34 15 59 39 20 10 14 55 34 1 22 6 12 1 12 46 
10 38 22 44 4 24 3 14 36 15 15 6 23 13 49 1 36 47 53 26 23 19 11 51 29 21 32 45 17 38 20 37 3 37 2 38 5 7 22 17 39 19 31 33 22 4 17 25 9 16 41 55 37 24 20 5 32 
11 20 30 25 20 7 26 29 32 4 1 16 16 5 49 60 32 14 10 11 11 44 13 47 18 4 26 34 11 11 4 22 3 9 24 34 2 7 28 9 17 16 54 15 17 9 22 33 48 42 12 21 48 11 11 6 
12 3 64 6 6 18 47 42 6 16 8 43 42 2 6 4 27 21 19 26 15 18 38 30 1 19 8 34 34 16 24 23 5 36 28 13 16 2 52 32 7 23 3 27 23 7 15 4 24 64 9 11 9 19 21 35 
13 23 17 1 30 31 1 24 21 24 4 8 19 15 5 33 10 22 27 15 35 43 51 43 47 44 26 5 20 45 11 34 27 38 14 35 55 48 12 3 20 43 9 48 8 13 13 6 22 8 40 37 41 35 8 15 
14 2 55 24 35 40 10 5 7 7 36 29 1 39 5 52 27 23 6 11 6 3 47 47 23 34 27 15 43 39 6 31 13 41 41 29 4 53 34 5 53 33 24 25 21 50 47 54 1 32 23 9 16 36 15 17 
15 36 41 32 48 10 10 25 13 37 23 17 13 12 26 28 31 51 35 6 8 51 23 56 14 5 21 16 21 19 49 7 19 19 35 24 11 24 17 25 18 37 39 9 19 22 8 12 46 29 60 22 13 14 
16 2 17 18 22 12 50 42 21 41 48 6 11 1 11 17 18 20 19 21 55 34 9 41 29 32 12 26 28 28 46 19 36 15 20 46 12 9 11 51 29 35 24 29 40 10 14 2 7 8 33 21 56 
17 13 16 44 5 3 1 15 19 16 9 24 35 54 24 35 5 28 3 10 21 7 41 5 50 50 58 2 36 37 25 10 11 6 3 45 11 15 22 5 10 24 49 25 5 27 17 17 55 41 14 21 
18 46 29 12 34 16 7 26 9 16 46 4 12 44 1 38 9 25 24 63 9 18 18 25 31 4 19 11 46 41 9 5 39 9 55 27 44 49 27 32 45 2 36 34 15 8 3 48 59 2 8 5 
19 48 30 38 5 13 12 17 16 49 47 40 10 9 12 18 24 48 16 9 35 8 43 15 1 29 36 45 37 10 15 15 20 3 29 6 43 37 15 7 33 46 37 1 22 28 1 12 38 20 
20 11 20 20 11 37 24 22 31 32 16 23 24 41 24 13 21 3 37 35 10 7 16 3 13 40 50 5 24 34 39 8 19 30 27 39 29 9 3 42 26 23 7 4 22 10 22 30 19 
21 13 48 5 33 38 16 12 16 31 61 33 20 6 10 25 3 17 15 50 38 43 15 22 3 28 38 45 8 27 14 47 26 49 5 33 25 55 49 35 36 11 37 6 16 12 17 
22 10 25 7 16 37 9 1 13 36 20 9 48 28 55 63 7 33 4 26 11 24 31 23 35 21 29 10 30 1 46 30 17 13 11 10 29 15 33 55 9 7 19 20 20 15 
23 13 23 23 31 10 40 15 20 23 23 10 14 4 23 23 25 42 4 15 34 14 4 7 12 41 47 48 22 26 31 30 7 6 12 27 12 14 5 28 7 20 46 33 46 45 
24 14 2 30 24 24 13 10 13 63 40 30 50 20 4 8 45 17 17 20 42 18 25 20 43 12 7 19 11 22 43 14 31 20 15 15 16 39 17 3 2 6 36 12 10 
25 52 22 53 11 15 57 27 35 8 44 23 18 28 37 24 5 18 56 2 40 21 34 59 27 29 54 31 17 6 14 43 29 15 1 5 10 28 42 59 21 36 17 37 35 
26 38 31 36 11 37 18 28 12 5 44 15 10 27 47 37 52 7 3 1 13 28 40 9 16 44 11 9 37 22 31 2 39 23 52 3 38 4 21 4 57 8 20 2 
27 2 4 40 4 37 12 25 13 44 33 26 4 36 5 14 1 35 7 43 7 44 14 13 5 34 25 1 33 43 1 5 18 42 21 18 8 30 23 20 12 40 54 17 
28 2 61 43 26 38 15 2 4 50 22 30 25 26 17 5 4 34 9 31 16 16 38 12 36 21 11 9 50 47 29 5 32 2 25 39 54 42 23 33 5 43 19 
29 5 18 51 11 6 42 54 14 30 38 16 29 29 10 40 34 25 53 33 14 31 22 56 19 25 16 35 61 19 36 33 28 22 16 20 43 40 3 44 15 34 8 
30 11 13 19 24 2 24 31 8 47 9 9 29 28 12 30 30 46 7 56 5 9 3 31 42 4 22 42 23 22 27 20 9 47 3 1 37 1 36 41 20 48 
31 36 44 13 26 50 23 41 3 5 30 47 20 15 21 3 42 44 5 18 42 9 28 37 14 30 26 22 25 4 29 6 24 23 36 10 33 2 6 32 
32 42 55 15 3 11 8 9 20 54 1 37 11 16 3 5 10 2 5 48 33 12 18 7 6 4 35 2 28 14 6 43 4 4 31 42 8 7 10 8 
33 49 21 13 57 27 39 21 22 4 35 34 29 27 33 33 1 14 38 39 32 4 10 5 39 29 31 11 21 47 22 19 5 5 23 28 16 
34 18 6 36 56 2 5 16 2 23 14 12 8 12 13 25 4 29 28 27 11 33 11 3 14 42 20 50 18 1 44 45 9 9 39 29 
35 59 49 14 2 8 46 38 25 13 51 17 17 15 27 6 48 2 20 13 33 22 19 3 47 15 7 37 16 29 32 21 3 13 25 12 
36 2 31 9 15 10 26 34 51 37 22 2 10 14 27 52 3 53 12 16 28 39 17 5 19 31 18 29 38 41 25 6 24 21 30 14 
37 22 20 26 27 15 36 26 6 32 25 59 44 38 20 58 31 26 10 10 8 17 5 19 58 35 15 2 19 13 30 25 10 19 21 
38 26 10 19 21 35 52 28 18 12 51 29 6 37 21 10 13 28 10 52 21 51 33 58 42 5 26 3 3 53 36 51 19 
39 8 4 40 14 42 33 44 1 43 14 43 26 36 18 33 10 46 40 20 33 9 15 51 24 20 9 28 55 34 49 
40 4 14 7 27 24 23 7 39 7 3 19 25 29 26 52 57 44 20 6 39 58 48 1 13 27 16 29 56 45 49 
41 58 15 6 8 31 16 8 46 8 20 16 6 52 17 23 18 14 14 1 42 4 6 36 10 60 13 7 17 30 52 
42 32 2 2 5 12 12 29 16 31 39 24 23 46 31 9 30 34 30 38 41 27 43 3 25 20 28 11 32 43 
43 44 28 12 13 6 13 27 24 14 39 21 3 39 5 27 19 13 24 2 25 42 19 46 29 32 5 28 42 
44 31 17 43 10 27 26 18 25 13 31 39 27 2 11 37 26 40 46 57 1 18 2 34 8 6 29 53 
45 6 5 24 4 2 7 9 1 13 10 49 57 21 1 19 4 17 18 34 7 40 7 6 23 45 45 2 
46 18 35 41 9 18 7 42 30 18 7 3 16 44 16 22 39 3 43 15 19 23 52 23 9 
47 9 12 8 9 51 10 30 31 26 54 19 7 13 14 14 11 23 35 28 21 14 30 33 
48 8 19 15 21 1 16 7 7 22 7 35 32 19 23 2 13 13 62 40 11 18 11 30 
49 35 33 1 10 19 11 1 2 52 45 5 4 15 18 21 17 54 21 39 40 8 62 
50 4 31 5 16 24 4 28 3 5 21 17 17 9 6 20 9 4 28 14 34 1 
51 7 2 1 29 36 47 35 13 15 38 8 15 10 3 38 7 16 39 38 
52 25 1 38 2 26 14 36 41 8 49 40 38 26 3 12 46 6 41 
53 4 25 3 10 4 36 8 29 2 14 14 38 2 6 44 
54 1 4 29 17 47 32 8 25 54 54 11 14 27 49 28 
55 32 14 9 16 22 13 7 18 56 39 9 21 22 10 17 
56 34 2 15 25 30 60 29 55 40 16 
57 25 7 33 40 44 45 26 5 
58 41 37 17 6 38 40 37 8 
59 35 37 25 9 25 18 1 6 
60 11 56 2 3 41 2 15 
61 28 21 7 29 61 61 
62 9 2 48 49 
63 24 18 22 
64 12 1 12 
