31
29 28 26 25 24 23 23 22 22 21 21 20 20 19 18 18 16 16 16 14 11 11 11 11 10 9 9 7 7 3 2 
1 12 4 9 21 1 1 18 18 14 25 4 9 15 27 19 29 3 16 7 13 14 26 18 10 25 26 8 3 23 
2 26 5 8 19 14 6 22 31 11 4 3 27 4 5 26 28 12 4 9 22 7 7 9 3 17 24 5 22 
3 13 27 11 20 25 2 7 20 11 16 12 19 1 3 3 28 20 15 6 17 9 22 1 2 15 6 
4 6 1 26 2 13 2 17 5 1 4 4 10 22 21 21 12 2 25 28 8 23 12 20 16 14 
5 2 7 6 4 15 27 2 11 13 8 16 12 11 6 5 5 17 12 13 9 18 11 18 2 
6 12 8 4 14 20 18 2 17 17 5 9 28 15 11 17 5 8 7 12 16 3 24 3 
7 12 18 5 3 18 23 16 1 13 14 10 2 6 10 9 8 2 16 18 12 10 8 30 
8 6 19 2 14 23 5 10 16 6 8 8 10 7 30 1 10 4 30 22 19 7 11 
9 22 1 29 19 10 1 17 18 17 6 2 7 15 26 9 9 20 5 2 11 12 3 
10 19 10 10 17 9 25 11 8 4 15 1 7 7 8 12 8 10 10 7 14 24 
11 25 3 17 2 27 3 10 15 5 5 28 6 24 15 19 13 24 9 5 8 25 
12 21 7 1 6 15 14 3 2 21 5 25 4 23 5 6 10 7 4 9 13 
13 3 19 24 17 31 4 25 5 16 17 19 1 7 11 20 5 20 23 20 12 
14 14 14 14 14 6 2 26 8 19 12 1 29 1 7 15 10 27 18 4 
15 17 21 29 12 5 11 1 15 15 10 6 3 11 9 14 20 16 3 
16 18 29 16 16 13 3 18 1 5 7 27 8 22 6 27 7 4 15 
17 15 10 11 6 13 6 4 9 13 23 19 9 6 5 3 2 
18 16 20 7 6 1 1 19 7 16 9 1 5 7 22 14 5 
19 13 10 8 2 9 14 18 26 1 3 17 13 11 8 20 28 
20 18 6 25 3 3 23 3 13 9 15 13 4 19 13 
21 12 15 1 28 24 12 4 4 21 21 24 
22 9 2 4 23 16 2 29 18 8 3 2 
23 20 8 17 29 7 22 12 24 4 13 1 
24 13 21 11 23 11 24 24 10 6 21 2 
25 11 20 3 1 13 10 12 4 1 11 
26 2 27 14 4 2 19 1 1 9 
27 3 26 11 2 5 1 16 16 14 
28 21 2 6 3 11 4 19 
29 16 9 15 14 23 1 22 
30 8 8 7 
31 2 13 
