18
16 15 15 13 13 13 13 13 12 7 7 7 6 6 6 6 4 4 
1 3 6 6 16 8 5 18 7 8 1 1 3 13 3 2 13 
2 15 5 2 2 5 4 2 2 8 11 6 6 16 1 10 
3 1 8 7 6 7 9 6 1 15 1 8 14 5 7 9 
4 9 12 5 9 14 2 6 4 4 10 11 10 5 
5 4 13 6 2 2 8 8 4 1 17 6 3 16 
6 10 1 5 3 1 4 11 13 2 14 3 2 5 
7 9 3 10 3 10 18 15 9 11 1 9 3 15 
8 3 1 5 2 12 5 11 8 8 1 17 3 10 
9 7 4 4 15 11 14 7 3 17 7 12 3 
10 6 7 7 4 4 2 8 
11 6 4 9 2 8 12 7 
12 4 18 17 8 11 16 9 
13 5 6 16 1 1 14 
14 4 16 9 6 3 13 
15 2 9 7 3 7 18 
16 14 1 13 2 12 5 
17 12 5 9 8 
18 12 7 1 15 
