22
20 20 20 19 18 17 16 16 15 13 13 13 11 11 11 10 10 7 7 7 7 5 
1 3 11 10 20 12 22 11 6 14 6 18 12 9 3 7 10 13 21 3 22 
2 18 11 6 16 3 10 14 6 7 6 13 16 5 10 13 13 18 19 5 3 
3 1 17 16 7 2 9 15 8 4 10 6 5 17 1 4 20 16 2 1 14 
4 9 22 12 13 5 10 22 11 5 15 8 8 3 21 7 16 20 17 3 
5 7 7 13 4 9 4 5 5 21 2 3 18 9 2 14 16 14 7 
6 10 18 9 9 11 10 2 14 14 1 2 2 7 3 1 7 21 
7 5 15 5 9 9 3 10 11 2 8 4 6 1 5 11 6 
8 21 13 12 20 4 3 4 7 8 8 15 16 9 17 10 19 
9 4 6 6 7 11 7 3 5 12 17 12 5 1 8 11 
10 6 1 4 6 15 2 20 7 3 2 18 1 8 
11 1 2 20 9 6 4 17 1 7 19 19 9 7 
12 19 4 1 8 19 9 15 21 14 1 9 20 15 
13 8 14 5 4 15 13 13 2 2 2 1 
14 13 17 21 6 6 2 1 12 5 5 3 
15 17 7 18 10 13 3 4 12 17 8 12 
16 3 2 17 19 22 2 4 8 5 3 
17 15 3 14 11 16 9 4 3 15 8 
18 6 2 15 5 2 1 10 
19 12 12 16 11 2 11 8 
20 1 11 10 8 4 3 12 
21 8 14 5 4 12 1 6 
22 4 1 4 16 1 
