56
55 53 51 50 46 45 45 44 42 41 39 38 38 37 37 36 36 36 35 35 35 34 32 32 30 30 27 26 25 24 23 21 20 20 20 20 20 20 18 17 17 16 16 16 15 15 15 15 13 12 12 12 11 10 7 5 
1 56 55 54 53 53 52 52 52 52 52 52 52 52 52 52 52 
2 56 
3 55 
4 53 53 
7 55 
8 54 
9 53 
10 53 
14 54 53 
15 54 
17 55 
22 56 
27 53 53 
28 54 
29 54 
30 55 
31 56 
32 54 53 
33 54 
35 53 
36 56 
37 55 
38 54 54 
43 55 
52 1 1 1 1 1 1 1 1 1 1 1 
53 4 4 35 27 14 27 10 32 9 1 1 
54 14 8 15 28 32 38 29 38 33 1 
55 3 30 43 37 7 17 1 
56 36 22 31 2 1 
