39
36 35 34 31 30 29 28 28 28 27 27 27 27 26 25 24 21 21 20 20 19 18 17 17 16 13 13 9 7 6 6 5 4 4 4 3 2 2 1 
1 6 7 6 8 19 3 10 3 14 23 23 9 5 6 27 5 22 4 35 7 23 22 14 28 8 10 11 8 5 8 29 21 12 5 9 12 
2 16 9 24 9 20 18 17 25 6 28 24 11 20 5 9 8 29 19 31 11 8 6 17 10 8 5 27 14 15 8 7 18 6 20 32 
3 11 20 12 26 22 1 19 1 9 3 3 22 23 27 9 24 6 3 3 14 9 11 14 18 27 10 7 24 18 9 5 15 4 13 
4 6 10 22 11 16 6 23 7 18 25 10 5 26 21 39 19 22 1 22 12 26 5 22 10 22 16 19 8 3 32 14 
5 12 22 15 7 17 7 25 9 25 20 11 25 26 25 4 2 1 8 1 24 19 4 18 1 6 2 17 3 1 15 
6 4 1 1 11 12 7 30 19 7 23 4 21 2 16 18 3 1 32 23 19 20 33 2 16 5 2 20 9 7 
7 1 13 5 6 5 6 11 10 4 13 13 13 13 12 1 12 30 21 19 22 12 3 2 17 35 14 28 6 
8 13 1 16 17 12 11 14 5 27 2 20 2 18 1 1 8 8 1 2 10 2 21 21 4 8 8 23 16 
9 26 32 2 2 16 18 5 9 9 3 3 21 15 1 3 2 37 14 10 12 24 18 12 13 3 6 1 27 
10 14 4 16 7 1 11 4 14 34 14 13 11 23 9 1 16 12 3 2 4 8 20 14 27 10 10 25 
11 22 3 6 33 25 4 13 7 25 10 5 2 8 22 3 21 27 15 23 2 10 15 1 36 20 24 33 
12 5 20 6 3 25 17 19 8 30 15 12 12 18 7 7 4 27 10 12 12 7 9 9 1 26 26 1 
13 8 7 11 16 7 24 20 24 7 21 22 7 7 15 14 10 13 13 24 28 19 27 9 30 18 19 3 
14 10 14 14 16 14 14 16 21 1 20 8 3 10 10 13 9 3 17 1 2 21 10 29 15 7 4 
15 22 5 23 17 36 22 12 17 9 26 23 13 28 19 15 15 11 38 36 11 21 2 14 3 5 
16 17 10 2 20 8 14 9 23 4 13 18 14 31 18 6 19 21 18 25 10 6 4 19 8 
17 16 26 12 24 5 8 2 25 15 15 21 30 21 14 25 21 2 5 23 7 21 
18 2 16 9 4 16 19 6 12 37 24 16 20 3 8 5 9 3 2 18 18 13 
19 1 6 12 3 18 19 19 4 16 6 15 2 5 7 21 13 23 16 4 13 
20 12 3 16 2 27 13 5 21 14 24 2 8 34 18 6 11 10 35 6 2 
21 6 14 13 20 17 9 4 17 11 16 7 19 17 15 1 14 8 8 17 
22 11 15 5 4 3 35 15 13 3 11 4 1 4 1 7 4 4 31 
23 15 16 6 4 1 3 1 15 26 6 1 11 38 10 19 17 8 
24 2 17 34 13 13 2 20 3 18 5 13 25 27 3 9 11 29 
25 12 11 2 17 11 5 5 4 5 5 26 31 17 16 24 10 
26 9 17 28 3 5 25 27 4 15 23 4 12 12 
27 20 26 3 8 1 11 3 12 24 13 2 10 9 
28 26 32 2 15 13 1 31 7 30 
29 34 33 2 1 31 24 14 
30 6 12 17 7 13 28 
31 16 25 2 28 29 22 
32 9 28 6 2 4 
33 11 29 6 11 
34 24 29 10 20 
35 22 1 20 7 
36 15 15 11 
37 18 9 
38 23 15 
39 4 
