53
51 50 48 45 45 45 44 44 42 42 42 41 39 38 38 37 37 35 33 32 31 29 29 29 27 26 23 23 22 21 21 21 19 18 17 16 16 16 16 13 12 11 11 11 9 9 8 7 6 6 5 3 1 
1 11 10 16 20 12 45 12 28 13 4 17 7 2 3 10 3 44 37 38 5 2 5 20 37 20 17 10 24 5 11 11 50 34 11 18 25 19 12 14 7 5 2 22 16 4 11 36 25 10 1 1 
2 21 10 19 4 11 11 15 19 3 30 19 10 8 4 1 16 21 8 29 47 9 29 36 9 16 1 9 48 21 14 30 44 17 20 7 37 17 28 18 40 34 16 1 19 4 24 19 5 4 48 
3 29 20 27 6 5 12 46 9 40 30 2 17 31 49 29 22 26 1 33 1 10 24 41 52 15 3 3 5 15 10 30 18 22 20 24 8 15 29 51 21 6 40 27 18 38 26 26 36 
4 11 27 38 23 2 21 7 6 8 16 5 15 47 16 6 5 23 6 12 6 1 15 2 6 4 4 24 33 9 44 8 33 21 31 6 6 35 8 13 34 42 1 2 2 29 
5 17 13 7 42 37 34 8 3 4 40 10 4 15 7 11 9 7 24 32 14 7 17 20 1 3 1 24 42 41 37 26 1 23 25 16 20 16 14 1 6 33 27 2 27 14 
6 48 7 3 4 41 31 46 14 42 4 19 13 4 19 4 9 30 28 22 4 42 32 22 7 26 28 25 12 4 16 4 3 29 33 16 7 13 11 12 5 51 45 22 39 11 
7 9 5 10 13 6 4 26 23 22 29 28 26 26 27 8 5 29 26 30 1 8 5 48 28 14 5 13 6 10 16 2 12 32 18 36 23 46 9 1 32 6 25 11 40 
8 17 31 24 5 4 13 26 27 33 19 33 21 7 2 22 18 7 11 9 46 2 18 27 24 19 11 28 15 18 42 4 29 3 17 12 4 20 18 9 27 21 13 40 27 
9 7 28 21 28 24 14 25 36 3 17 34 6 5 34 8 9 9 2 2 2 27 49 4 14 9 9 23 26 41 27 20 32 38 39 7 27 50 39 8 18 16 17 
10 53 12 2 1 7 15 13 34 13 43 12 11 13 5 12 46 2 18 16 20 21 28 1 26 3 11 45 30 18 16 3 7 39 1 28 25 25 14 39 25 43 1 
11 1 4 2 20 2 20 10 16 22 15 14 14 12 8 5 23 10 22 34 23 44 15 8 26 31 38 24 52 1 1 30 23 1 31 17 11 11 6 1 24 6 7 
12 10 15 1 1 29 21 22 3 30 10 42 10 4 11 27 32 17 49 33 20 36 27 23 7 39 13 25 6 21 28 44 28 8 1 26 37 14 6 16 14 34 
13 5 49 49 7 10 26 10 8 19 18 10 1 6 14 14 21 7 17 20 24 46 39 12 16 40 4 20 24 36 41 6 40 42 15 19 24 8 15 26 
14 34 37 40 9 19 37 6 18 18 11 13 11 19 29 13 15 7 5 19 2 43 21 23 9 37 15 10 1 18 5 26 26 48 12 33 12 39 5 
15 12 10 36 23 21 34 2 4 17 11 41 5 24 32 4 47 29 14 3 19 45 11 3 8 30 20 17 14 3 16 29 38 17 24 13 23 13 20 
16 1 37 4 26 38 22 4 11 48 10 19 2 49 47 30 10 2 24 25 35 7 17 13 6 5 31 15 22 2 5 6 18 1 21 12 9 36 
17 5 20 8 43 15 9 27 3 1 19 25 12 26 13 5 19 29 31 18 31 2 1 16 2 15 28 8 11 15 44 44 24 24 20 24 9 19 
18 31 32 32 13 41 14 14 10 19 8 23 35 18 18 8 10 46 20 17 8 47 3 1 23 7 29 2 34 14 16 8 3 22 9 19 
19 51 2 25 14 13 2 6 8 50 2 14 6 18 26 16 35 17 14 15 17 28 8 39 25 32 1 26 21 2 13 2 18 17 
20 3 17 1 21 29 44 11 22 11 24 37 36 10 32 43 28 5 13 1 12 1 18 2 15 3 5 35 9 8 13 17 15 
21 2 27 30 9 21 21 20 4 15 43 12 37 8 10 41 2 13 40 35 2 25 37 14 4 12 24 3 19 35 16 8 
22 26 27 12 20 16 7 23 11 39 32 8 6 3 11 6 22 22 43 23 35 3 28 24 16 22 22 1 18 6 
23 15 29 28 4 7 36 27 22 4 33 26 32 26 18 11 11 25 40 12 22 14 5 11 18 9 45 7 33 15 
24 9 8 20 39 37 15 5 3 4 8 13 5 16 11 1 30 3 21 22 15 13 33 17 17 32 13 17 2 11 
25 19 9 37 45 35 17 23 43 21 6 16 19 10 31 10 5 50 12 1 46 25 25 10 38 7 31 1 
26 22 7 13 16 8 7 7 7 19 23 23 3 10 17 6 11 5 35 9 14 12 19 14 3 3 13 
27 21 22 4 3 8 7 23 17 12 33 35 8 9 12 9 34 9 3 41 8 5 5 8 
28 9 9 23 1 7 6 10 7 20 19 6 51 8 32 10 12 2 22 17 12 31 41 42 
29 3 23 20 12 7 7 30 14 3 38 2 15 2 17 32 8 33 18 3 15 6 4 
30 21 12 3 2 35 6 7 29 34 31 36 31 16 10 38 3 2 15 24 11 43 
31 8 18 50 6 47 3 30 30 11 17 17 40 33 25 4 11 31 31 16 28 25 
32 50 18 18 34 15 22 33 23 5 12 20 6 28 29 7 19 39 9 7 39 24 
33 8 43 8 27 23 32 3 4 12 31 4 29 6 24 45 23 14 39 5 
34 14 10 5 15 35 32 9 37 9 30 11 35 1 2 18 27 4 12 
35 43 44 34 30 27 19 25 18 21 34 16 22 26 38 4 20 21 
36 15 23 9 41 20 30 40 2 12 47 7 39 13 1 16 3 
37 14 5 16 14 20 25 21 24 34 1 1 21 5 2 14 12 
38 4 46 16 45 42 29 1 30 42 11 39 35 15 9 25 3 
39 24 22 19 10 13 38 12 32 36 9 10 32 33 9 6 14 
40 14 3 5 21 36 23 31 2 13 3 13 8 7 
41 6 18 36 15 45 21 3 5 9 28 13 27 
42 5 12 6 38 6 38 5 8 4 28 13 
43 35 21 10 17 33 20 25 22 14 30 10 
44 20 35 44 44 1 11 4 2 12 17 17 
45 1 25 38 41 10 15 23 33 6 
46 3 38 6 10 8 13 18 25 7 
47 4 31 15 2 16 18 36 48 
48 6 16 7 2 47 14 2 
49 13 13 3 16 12 9 
50 32 31 19 1 25 9 
51 19 52 28 3 6 
52 51 3 11 
53 10 
