70
67 66 65 63 61 60 59 59 58 58 57 56 56 54 52 51 50 49 48 48 48 47 46 46 45 42 41 41 40 39 38 36 36 35 35 35 34 33 33 31 31 30 29 29 28 27 25 25 23 23 21 19 18 16 14 11 10 10 9 8 7 6 6 5 4 3 3 2 1 1 
1 36 63 19 17 8 21 43 35 15 8 24 3 17 10 27 6 1 1 56 22 6 31 33 37 27 27 22 7 26 33 15 30 49 22 18 39 3 4 34 23 8 47 25 16 27 45 23 38 46 33 7 4 1 1 14 4 11 13 6 33 15 22 7 47 50 42 5 
2 10 33 23 10 19 3 28 9 7 41 8 22 46 9 15 48 12 19 8 44 43 24 40 30 31 27 14 50 57 14 29 29 36 33 39 16 11 42 18 18 25 38 22 55 23 42 36 8 41 2 2 55 20 45 13 38 4 28 16 11 42 27 16 19 16 34 
3 31 14 7 38 26 30 48 64 20 18 14 13 1 6 41 14 47 2 5 22 32 8 12 7 36 58 41 18 47 1 15 37 33 7 49 40 17 6 14 48 32 35 53 8 17 19 3 3 4 9 24 20 40 18 43 4 20 7 57 15 26 7 40 33 44 
4 21 15 6 27 51 61 37 5 24 14 44 4 4 55 44 33 45 24 13 11 48 5 12 1 5 42 20 29 9 50 7 31 52 4 4 53 27 12 25 17 1 1 3 28 2 49 50 27 31 5 36 28 8 3 43 32 21 26 6 47 13 49 35 
5 5 5 18 35 23 18 38 21 4 23 9 3 12 35 41 53 33 29 12 42 44 16 34 12 9 51 4 4 5 5 57 13 30 10 36 50 27 10 33 26 44 9 15 34 46 49 53 37 49 27 43 26 4 31 9 54 1 55 14 20 42 
6 29 9 4 11 38 49 17 10 20 16 19 13 3 1 1 13 52 11 8 12 32 14 25 10 26 17 33 22 40 13 3 25 25 46 23 10 59 8 40 42 26 33 56 41 34 34 28 15 50 19 1 18 42 10 4 11 37 29 28 45 
7 10 3 42 51 28 40 10 17 34 30 14 2 54 27 9 16 8 3 1 48 12 23 18 18 18 24 17 3 15 52 34 10 19 11 26 11 4 20 35 25 22 12 9 18 30 1 9 16 22 23 36 20 35 1 3 59 9 3 12 
8 1 40 47 9 42 40 50 62 1 33 66 39 2 48 7 6 3 46 63 13 2 44 37 31 17 1 9 51 24 6 29 38 36 38 55 42 68 16 27 34 14 29 3 2 50 41 12 10 37 38 15 19 20 4 30 37 36 23 20 
9 6 57 51 30 27 27 45 18 41 8 14 5 32 43 2 21 44 25 7 12 15 17 10 2 12 59 39 51 5 24 25 8 4 27 37 5 7 43 35 59 7 3 35 35 5 10 39 40 13 20 28 26 21 7 13 9 9 10 
10 26 21 36 7 20 56 46 6 2 32 7 30 24 1 2 56 36 37 15 15 42 66 17 27 9 27 6 28 50 17 28 40 47 39 46 39 7 6 5 5 19 29 8 13 51 32 9 54 20 6 56 30 36 35 37 25 56 9 
11 43 6 22 30 42 17 48 16 21 26 14 20 17 36 41 6 12 23 46 45 22 22 15 4 39 24 17 52 29 41 21 21 7 2 7 62 27 29 33 23 21 1 27 42 45 38 16 45 54 19 15 2 6 36 28 15 41 
12 17 22 26 48 28 47 30 48 34 5 15 18 25 21 38 9 5 28 11 6 47 3 2 7 63 9 52 16 5 27 4 24 21 22 26 16 38 38 13 7 41 25 12 12 4 16 8 14 25 51 22 36 7 23 62 42 
13 60 54 26 25 6 15 31 3 14 48 28 13 13 18 6 20 52 53 8 14 30 64 42 4 54 22 6 5 62 60 22 12 24 54 30 25 29 29 14 16 2 19 30 10 1 33 19 54 9 4 44 27 27 46 9 23 
14 3 39 17 26 43 3 13 9 4 7 3 11 22 55 27 26 28 45 6 58 35 13 58 17 57 48 2 51 3 53 2 16 25 62 23 41 20 8 33 19 13 65 1 14 14 12 42 30 22 30 5 18 45 33 
15 33 4 22 40 44 1 13 10 26 10 51 48 15 15 12 47 9 2 47 1 37 11 17 3 51 24 7 17 44 43 48 40 31 27 5 42 6 21 16 24 8 20 17 1 38 21 11 3 52 49 11 16 
16 21 31 6 38 11 27 32 47 44 7 36 21 54 19 42 5 12 32 18 22 23 24 45 14 41 32 38 1 12 2 8 28 31 12 7 13 23 15 11 61 16 16 37 28 2 17 46 34 2 2 15 
17 12 37 1 39 6 14 50 25 11 39 40 28 7 1 11 52 10 9 47 22 22 24 6 14 15 7 8 10 11 46 15 3 21 28 24 17 17 49 32 33 3 4 50 26 25 15 66 16 33 25 
18 40 46 53 44 5 20 22 22 55 5 9 28 26 3 54 45 21 13 12 29 1 7 3 27 7 7 35 43 16 23 65 55 63 49 40 38 7 2 2 50 40 53 54 6 3 25 26 35 14 
19 1 23 29 26 6 21 2 39 25 26 2 45 35 16 43 22 31 19 19 19 19 24 7 36 38 23 22 10 14 25 20 59 3 20 25 13 46 6 13 11 8 56 34 23 49 32 52 2 
20 33 10 21 18 33 3 6 41 11 13 32 46 48 47 20 20 35 63 53 4 41 30 52 7 56 25 14 26 48 19 19 2 40 3 7 15 37 10 30 8 3 61 9 51 28 44 5 8 
21 4 16 10 20 1 38 5 19 27 11 41 18 9 12 41 23 65 16 31 25 23 17 12 11 31 11 23 29 28 32 43 27 26 54 25 33 15 11 25 60 22 15 40 4 9 33 53 56 
22 37 12 15 11 18 18 51 14 1 3 48 2 1 17 17 11 11 35 1 45 6 19 13 16 23 30 12 45 26 13 7 58 19 2 30 7 22 22 47 21 54 12 1 14 51 41 26 
23 19 31 47 30 5 2 5 30 44 21 11 7 58 21 18 1 22 16 40 6 33 14 21 36 1 51 19 31 29 2 39 53 7 16 11 39 44 60 34 54 19 68 29 12 8 13 
24 45 38 1 4 10 24 24 52 32 45 47 17 4 2 9 7 45 11 12 15 35 34 16 8 43 53 19 24 24 17 25 46 13 33 31 62 31 24 24 3 49 15 60 43 39 32 
25 26 42 13 17 37 19 12 41 44 9 67 6 36 21 40 9 31 6 6 33 34 14 1 35 46 20 29 7 24 12 2 13 4 21 19 19 32 21 12 17 18 37 49 17 10 
26 10 3 13 25 14 12 19 18 11 15 19 14 40 1 6 30 37 31 43 44 46 50 12 27 22 37 7 6 39 5 20 42 21 5 17 4 52 9 38 3 18 22 
27 31 28 4 9 9 65 52 21 1 16 53 14 7 59 10 10 1 1 30 18 12 29 2 44 9 1 26 15 5 8 21 11 4 11 5 4 50 28 13 2 13 
28 64 57 27 7 18 12 67 17 58 13 2 12 29 14 55 52 41 10 31 38 10 32 33 17 21 16 43 6 36 4 34 58 2 4 16 9 20 27 11 57 6 
29 6 47 19 43 34 35 69 38 57 5 18 28 30 27 38 11 40 46 2 2 4 39 45 8 21 40 25 8 23 11 13 13 35 10 35 30 63 45 6 23 
30 3 9 23 11 35 10 23 7 12 49 48 47 1 13 27 34 29 26 2 22 45 41 5 38 20 7 13 22 58 13 20 10 8 14 29 42 47 14 48 
31 3 27 32 23 16 50 42 38 41 13 39 1 34 43 21 28 8 2 19 26 25 49 32 21 34 15 34 4 23 16 24 24 32 4 5 37 49 52 
32 51 31 10 35 9 16 40 24 3 6 40 20 48 51 16 46 51 49 3 16 39 31 28 21 17 25 38 31 10 42 4 32 32 19 36 24 
33 15 20 20 2 8 41 49 1 5 4 39 1 6 3 44 36 45 25 2 23 28 6 5 14 24 1 17 21 11 1 13 17 21 55 3 14 
34 46 36 48 35 29 45 7 12 44 31 5 30 36 1 24 25 7 31 31 6 8 35 6 5 39 38 23 43 28 58 19 44 47 16 2 
35 5 1 34 30 29 32 53 5 14 19 47 22 18 38 20 24 25 3 50 7 34 37 9 29 37 9 9 7 29 57 18 10 50 4 37 
36 1 10 34 37 10 11 16 46 3 49 36 36 25 34 33 43 2 49 61 45 8 5 23 19 2 28 46 7 4 10 11 8 12 32 50 
37 22 17 45 56 4 36 10 25 1 15 8 3 26 39 9 37 37 26 35 42 41 64 5 35 8 43 16 20 25 31 8 6 10 35 
38 3 6 31 21 5 49 24 16 48 29 12 59 28 35 29 59 16 30 8 8 12 12 18 1 19 2 34 2 11 8 32 15 26 
39 14 17 55 17 31 19 43 52 67 8 33 9 1 11 46 52 53 54 37 41 41 10 29 32 10 2 26 40 23 34 23 9 24 
40 18 15 8 7 8 17 32 43 54 26 50 32 2 25 6 10 3 29 23 45 15 6 18 29 39 18 20 3 9 21 3 
41 46 31 9 20 21 3 33 5 2 25 21 11 56 28 3 50 11 39 39 30 16 20 14 6 12 37 2 8 22 11 46 
42 7 25 31 70 11 8 10 5 16 13 4 6 8 2 46 37 26 2 15 52 60 11 6 32 14 2 30 1 5 12 
43 11 43 43 48 1 29 14 39 9 59 40 50 2 31 19 18 26 15 36 24 9 21 28 37 5 34 3 24 4 
44 18 15 23 4 34 16 25 9 4 5 2 8 60 33 26 15 47 27 52 53 64 5 44 44 23 34 13 20 3 
45 37 9 24 34 18 24 14 11 19 4 53 47 22 24 33 16 30 40 22 29 36 1 2 11 11 29 14 6 
46 34 18 10 41 8 2 11 36 50 20 39 17 32 26 29 10 6 25 42 24 1 5 36 19 16 13 41 
47 29 23 8 12 3 16 15 24 12 17 30 15 35 3 45 20 10 1 44 22 1 4 30 34 55 
48 34 3 43 12 11 13 12 38 15 8 22 30 2 7 32 4 20 14 3 15 20 51 49 57 30 
49 6 38 30 33 36 1 3 50 32 31 18 36 17 5 4 48 5 24 25 19 31 4 15 
50 31 17 8 43 40 46 10 49 41 2 26 4 35 5 8 18 6 4 17 27 1 36 35 
51 9 32 7 4 22 60 15 58 9 32 5 15 14 32 8 23 48 12 10 20 22 
52 27 39 24 6 17 13 12 28 39 11 7 44 20 4 42 26 31 19 15 
53 18 61 35 27 5 13 39 45 14 20 44 24 3 4 23 5 18 21 
54 13 18 7 40 16 13 39 13 21 18 22 11 10 23 13 5 
55 18 39 55 55 14 4 28 18 8 2 2 5 33 47 
56 10 37 10 1 41 20 6 19 10 21 10 
57 28 9 29 14 2 5 48 3 35 28 
58 28 14 51 3 14 23 22 30 28 34 
59 27 43 38 9 38 6 9 19 7 
60 13 51 44 13 42 21 23 24 
61 53 4 36 16 20 61 61 
62 8 13 14 11 24 12 
63 1 8 12 18 20 29 
64 28 3 13 44 37 
65 27 21 18 14 
66 8 10 17 
67 28 39 25 
68 8 23 
69 29 
70 42 
