26
25 24 23 23 22 21 20 18 17 17 16 15 13 13 12 10 10 9 8 7 7 6 6 4 4 4 2 0 
1 26 24 22 21 19 17 15 12 10 9 7 5 2 2 2 
2 26 24 22 21 19 17 15 12 10 9 7 5 1 1 1 
3 26 24 22 21 19 17 15 12 10 9 7 5 
4 26 24 22 21 19 17 15 12 10 9 7 5 
5 26 24 22 21 19 17 15 12 10 9 7 1 2 3 4 
6 26 24 22 21 19 17 15 12 10 9 7 
7 26 24 22 21 19 17 15 12 10 9 1 2 3 4 5 6 
8 26 24 22 21 19 17 15 12 10 9 
9 26 24 22 21 19 17 15 12 10 1 2 3 4 5 6 7 8 
10 26 24 22 21 19 17 15 12 1 2 3 4 5 6 7 8 9 
11 26 24 22 21 19 17 15 12 
12 26 24 22 21 19 17 15 1 2 3 4 5 6 7 8 9 10 11 
13 26 24 22 21 19 17 15 
14 26 24 22 21 19 17 15 
15 26 24 22 21 19 17 1 2 3 4 5 6 7 8 9 10 11 12 13 14 
16 26 24 22 21 19 17 
17 26 24 22 21 19 1 2 3 4 5 6 7 8 9 10 11 12 13 14 15 16 
18 26 24 22 21 19 
19 26 24 22 21 1 2 3 4 5 6 7 8 9 10 11 12 13 14 15 16 17 18 
20 26 24 22 21 
21 26 24 22 1 2 3 4 5 6 7 8 9 10 11 12 13 14 15 16 17 18 19 20 
22 26 24 1 2 3 4 5 6 7 8 9 10 11 12 13 14 15 16 17 18 19 20 21 
23 26 24 
24 26 1 2 3 4 5 6 7 8 9 10 11 12 13 14 15 16 17 18 19 20 21 22 23 
25 26 
26 1 2 3 4 5 6 7 8 9 10 11 12 13 14 15 16 17 18 19 20 21 22 23 24 25 
