33
30 30 30 27 25 25 25 24 24 23 22 21 19 18 15 14 14 13 12 12 11 10 10 8 8 7 7 5 5 4 4 4 2 
1 31 30 29 28 27 26 25 24 23 22 21 20 19 18 17 17 15 14 13 12 11 10 9 8 7 6 5 4 3 2 
2 31 30 29 28 27 27 26 24 23 22 21 20 19 18 17 16 15 14 13 12 11 10 9 8 7 6 5 4 3 1 
3 33 31 29 28 27 26 25 25 23 22 21 20 19 18 17 16 15 14 13 12 11 10 9 8 7 6 5 4 1 2 
4 33 27 26 25 24 23 22 21 20 19 18 17 16 15 14 13 12 11 10 9 8 7 6 5 1 3 2 
5 26 25 24 23 22 21 20 19 18 17 16 15 14 13 12 11 10 9 8 7 6 2 1 4 3 
6 32 30 25 24 24 23 20 19 18 17 16 15 14 13 12 11 10 9 8 7 5 2 3 1 4 
7 31 27 26 25 22 21 20 19 18 17 16 15 14 13 12 11 10 9 8 3 5 4 6 1 2 
8 26 24 23 22 21 20 19 18 17 16 15 14 13 12 11 10 9 7 4 6 2 1 3 5 
9 28 25 23 22 21 20 19 18 17 16 15 14 13 12 11 10 4 3 2 7 5 8 6 1 
10 24 23 22 21 20 19 18 17 16 15 14 13 12 11 7 3 9 5 2 8 6 4 1 
11 32 29 29 21 20 18 17 16 15 14 13 12 7 9 3 8 10 2 4 6 1 5 
12 23 22 21 19 18 17 16 15 14 13 7 3 11 4 9 10 5 6 1 2 8 
13 20 19 18 17 16 15 14 2 7 8 4 3 11 1 10 12 5 6 9 
14 32 28 27 16 15 3 5 1 9 12 2 11 6 7 8 13 4 10 
15 30 14 7 5 6 3 9 10 4 2 11 13 8 12 1 
16 32 3 6 11 14 9 8 4 7 13 2 12 10 5 
17 1 1 9 3 8 2 13 4 12 6 7 11 5 10 
18 1 4 11 9 5 13 3 7 12 8 6 2 10 
19 12 9 3 13 8 10 1 5 7 2 6 4 
20 2 5 3 13 11 4 1 8 7 10 6 9 
21 9 12 10 11 7 2 8 5 4 1 3 
22 5 4 3 7 9 12 2 8 1 10 
23 6 2 10 12 5 1 3 8 9 4 
24 1 6 6 2 4 10 8 5 
25 1 6 7 3 9 5 3 4 
26 1 8 2 4 7 3 5 
27 2 14 1 7 2 4 3 
28 14 9 1 3 2 
29 11 2 11 1 3 
30 6 2 15 1 
31 7 1 3 2 
32 11 16 14 6 
33 3 4 
