57
56 55 55 55 54 52 51 51 50 50 49 42 42 40 40 39 38 38 38 37 36 36 35 35 34 34 33 31 30 30 29 28 26 25 24 24 23 21 21 21 21 20 16 15 15 14 13 12 12 11 11 7 7 6 4 3 3 0 
1 4 3 2 5 6 8 7 10 9 11 13 12 15 14 16 19 18 17 20 22 21 24 23 26 25 27 28 30 29 31 32 33 34 36 35 37 41 40 39 38 42 43 45 44 46 47 49 48 51 50 53 52 54 55 57 56 
2 1 
3 1 
4 1 
5 1 
6 1 
7 1 
8 1 
9 1 
10 1 
11 1 
12 1 
13 1 
14 1 
15 1 
16 1 
17 1 
18 1 
19 1 
20 1 
21 1 
22 1 
23 1 
24 1 
25 1 
26 1 
27 1 
28 1 
29 1 
30 1 
31 1 
32 1 
33 1 
34 1 
35 1 
36 1 
37 1 
38 1 
39 1 
40 1 
41 1 
42 1 
43 1 
44 1 
45 1 
46 1 
47 1 
48 1 
49 1 
50 1 
51 1 
52 1 
53 1 
54 1 
55 1 
56 1 
57 1 
