90
89 88 86 85 82 79 79 78 77 75 73 73 73 72 72 71 71 70 70 65 64 63 62 61 61 59 55 54 54 54 54 51 51 50 50 49 49 49 48 48 46 46 46 46 45 45 45 43 43 41 40 40 38 38 32 32 31 31 30 30 29 28 26 23 22 21 19 19 19 17 17 16 16 14 14 14 14 13 12 11 11 10 8 7 6 6 4 3 2 1 0 
1 2 3 4 5 7 6 8 9 10 13 12 11 15 14 17 16 19 18 20 21 22 23 25 24 26 27 31 30 29 28 33 32 35 34 38 37 36 40 39 44 43 42 41 47 46 45 49 48 50 52 51 54 53 56 55 58 57 60 59 61 62 63 64 65 66 69 68 67 71 70 73 72 77 76 75 74 78 79 81 80 82 83 84 86 85 87 88 89 90 
2 1 
3 1 
4 1 
5 1 
6 1 
7 1 
8 1 
9 1 
10 1 
11 1 
12 1 
13 1 
14 1 
15 1 
16 1 
17 1 
18 1 
19 1 
20 1 
21 1 
22 1 
23 1 
24 1 
25 1 
26 1 
27 1 
28 1 
29 1 
30 1 
31 1 
32 1 
33 1 
34 1 
35 1 
36 1 
37 1 
38 1 
39 1 
40 1 
41 1 
42 1 
43 1 
44 1 
45 1 
46 1 
47 1 
48 1 
49 1 
50 1 
51 1 
52 1 
53 1 
54 1 
55 1 
56 1 
57 1 
58 1 
59 1 
60 1 
61 1 
62 1 
63 1 
64 1 
65 1 
66 1 
67 1 
68 1 
69 1 
70 1 
71 1 
72 1 
73 1 
74 1 
75 1 
76 1 
77 1 
78 1 
79 1 
80 1 
81 1 
82 1 
83 1 
84 1 
85 1 
86 1 
87 1 
88 1 
89 1 
90 1 
