61
60 59 58 57 56 55 54 54 54 53 53 52 51 51 51 50 49 48 47 47 45 45 44 41 41 41 38 36 36 35 35 35 33 32 31 31 30 30 29 28 26 25 24 23 22 22 21 18 16 14 14 12 11 11 10 9 8 7 6 4 2 
1 15 24 12 31 43 35 21 7 29 58 27 28 15 21 9 12 3 48 17 28 15 23 9 59 3 7 4 2 15 23 38 11 14 13 36 25 28 4 15 18 38 12 5 34 4 30 6 44 5 52 35 2 20 5 37 4 17 2 20 25 
2 10 39 9 22 34 5 12 46 41 23 7 4 10 5 42 33 19 16 16 18 45 15 23 26 1 15 3 46 8 38 20 40 12 32 43 5 52 41 34 8 11 55 9 6 5 9 2 2 44 46 27 40 31 16 7 1 4 1 10 
3 42 15 48 37 14 7 32 55 9 22 52 4 25 13 39 34 26 16 1 8 20 12 30 7 6 3 3 8 1 7 20 34 2 38 37 9 42 19 18 25 15 30 16 25 48 42 31 4 5 6 18 40 20 8 23 40 11 24 
4 55 44 53 11 33 46 14 4 4 16 19 3 5 39 54 28 21 2 31 24 15 23 12 43 34 1 10 13 16 15 29 8 14 15 11 25 1 18 5 1 6 27 3 45 10 29 5 2 24 1 33 30 42 52 6 17 10 
5 30 7 24 2 21 49 40 18 14 34 4 10 37 26 11 2 53 10 17 11 16 35 34 36 15 33 17 37 41 15 36 17 16 31 2 30 34 14 6 28 32 8 1 4 2 20 3 1 36 4 1 10 32 26 10 13 
6 8 41 38 42 24 7 19 9 22 9 24 13 20 25 14 25 22 21 31 16 26 3 26 13 15 52 6 6 25 32 10 21 8 10 23 9 30 27 32 31 23 34 5 7 43 2 7 4 36 1 22 3 28 46 4 
7 23 12 38 5 22 24 26 39 3 6 46 53 13 1 39 14 2 19 48 3 37 38 35 10 46 1 3 31 26 8 11 37 29 31 48 12 8 31 19 37 23 21 12 13 6 20 6 26 51 2 28 31 18 28 
8 35 6 10 17 39 29 19 22 22 16 44 36 3 40 30 3 55 16 38 19 7 39 2 7 51 4 49 44 6 61 33 9 21 11 11 41 2 37 5 21 33 32 26 37 41 15 3 37 59 29 29 20 31 42 
9 2 14 44 34 20 3 20 26 6 27 39 58 6 13 27 26 18 1 25 25 11 10 1 9 9 38 47 56 17 17 32 3 52 36 41 8 23 27 6 16 42 29 46 2 13 47 2 16 24 55 18 15 13 33 
10 11 28 2 34 23 8 15 24 23 41 34 13 31 5 21 26 19 17 45 44 25 2 19 5 9 7 39 57 12 27 32 47 4 38 35 22 6 15 18 6 23 22 4 54 22 5 39 16 30 56 5 2 4 
11 10 4 24 40 16 19 18 13 18 29 12 13 5 50 17 9 13 5 21 13 17 23 32 58 52 7 22 1 41 22 36 8 16 20 4 8 27 14 20 25 2 33 19 14 58 15 49 27 57 12 42 3 38 
12 7 42 1 22 41 2 28 19 47 11 19 1 21 22 13 20 3 32 18 18 13 13 4 18 38 10 44 33 15 28 42 40 7 33 2 19 7 37 29 44 43 1 35 35 14 14 18 47 47 33 36 11 
13 22 20 44 33 17 27 19 7 10 11 9 6 3 11 25 20 15 21 12 45 20 12 12 11 25 6 11 44 34 26 55 26 4 28 20 45 20 1 31 23 35 7 58 9 39 20 31 16 56 9 5 
14 20 9 37 29 3 53 4 26 29 18 32 22 5 27 6 7 30 45 19 38 45 34 34 36 39 46 18 17 1 48 16 4 5 49 11 39 49 12 12 46 58 53 11 40 16 26 15 32 14 14 36 
15 32 1 3 24 33 30 32 10 40 39 21 53 1 16 13 43 35 4 1 40 6 54 5 5 28 24 2 12 2 1 4 10 44 3 35 34 4 28 1 46 22 27 30 8 29 25 9 11 14 19 37 
16 35 56 24 11 42 39 23 31 4 42 25 37 3 8 15 6 43 23 2 18 5 8 36 2 49 35 33 51 43 4 48 5 14 34 11 3 9 37 43 21 17 34 9 2 14 17 10 13 39 25 
17 26 25 26 13 8 34 25 25 33 24 26 31 44 29 19 21 10 39 30 1 19 11 23 20 5 20 11 5 32 28 9 5 9 14 32 30 39 19 30 24 42 17 17 16 16 50 1 21 4 
18 19 18 18 50 35 36 37 14 11 21 11 5 38 9 56 36 30 20 12 12 24 44 16 37 18 18 12 45 2 14 45 20 10 33 3 20 1 4 22 21 3 51 12 28 9 19 7 22 
19 18 41 50 46 41 13 11 6 8 4 12 17 10 7 12 27 28 2 10 35 53 17 22 14 23 49 8 22 33 22 43 7 25 26 28 47 3 12 17 26 23 11 29 40 15 41 18 
20 14 13 36 9 9 6 13 18 39 48 12 3 13 46 17 17 34 3 40 31 47 2 18 46 13 61 13 26 48 25 11 18 41 25 7 44 11 40 35 5 3 47 13 54 1 8 1 
21 27 57 23 1 5 32 23 15 18 43 32 17 10 43 1 6 13 4 12 23 50 11 28 45 52 6 8 27 7 48 21 21 22 35 22 28 16 18 8 24 33 26 43 29 17 
22 50 13 2 12 7 30 3 31 6 36 14 8 8 6 35 50 12 32 19 48 19 19 24 11 10 51 30 11 43 21 27 21 10 36 18 15 6 32 52 60 46 10 32 39 18 
23 7 46 30 26 10 36 21 59 25 54 10 28 16 21 23 23 2 21 4 16 47 17 1 19 11 55 41 2 1 6 7 49 10 13 9 33 6 34 19 24 36 3 34 32 
24 25 30 15 5 1 11 7 16 54 6 29 10 28 17 25 6 31 25 4 51 18 38 28 45 15 22 32 26 43 48 30 23 17 45 21 49 9 4 29 35 3 
25 24 17 23 17 17 16 24 6 59 30 3 6 13 31 48 10 27 47 24 9 9 38 13 6 31 50 19 3 1 46 20 3 4 20 11 26 31 26 15 1 16 
26 17 23 7 17 43 14 9 17 48 37 37 9 10 3 5 6 60 6 40 35 7 13 2 13 39 24 20 19 38 52 44 19 25 8 21 7 25 14 31 5 27 
27 30 43 21 45 47 13 9 28 14 51 1 9 19 25 38 57 48 35 35 10 49 31 21 39 9 6 44 22 27 27 11 4 15 2 47 11 26 49 
28 10 40 42 55 49 24 23 41 27 12 1 4 19 1 21 24 32 15 12 17 13 19 31 34 15 51 1 5 21 6 18 43 7 37 7 31 
29 48 31 14 24 14 8 1 32 29 29 11 30 17 47 41 30 33 7 4 36 49 49 40 12 30 9 51 4 15 19 43 21 8 42 8 24 
30 24 27 5 23 15 22 51 32 25 41 29 18 14 29 17 3 8 35 47 39 22 17 3 5 6 29 17 56 24 34 53 1 15 10 4 
31 1 29 16 35 22 10 35 17 24 25 6 4 7 56 20 7 25 7 27 5 13 28 6 36 3 25 40 46 2 13 42 26 7 8 28 
32 15 15 3 38 21 29 14 30 21 12 22 47 48 57 33 37 11 28 17 10 24 6 9 17 2 6 60 5 8 22 42 22 23 14 5 
33 47 37 15 35 4 13 51 17 50 46 42 2 29 32 38 5 12 16 39 19 12 18 8 44 23 11 44 8 21 57 12 4 9 
34 38 2 9 10 17 10 5 3 36 14 14 5 20 13 4 3 41 35 48 16 15 28 6 5 2 23 41 30 1 16 38 23 
35 36 16 8 33 1 18 47 31 31 22 15 19 7 30 5 27 26 27 16 10 40 46 34 15 21 13 12 12 20 1 24 
36 35 20 23 18 22 50 18 34 8 14 16 5 45 5 54 9 29 11 1 46 57 37 49 31 22 47 6 23 5 12 14 
37 33 54 3 14 18 16 26 26 5 7 18 32 51 51 5 7 43 3 40 7 12 36 16 8 41 8 8 1 28 15 
38 59 7 34 54 6 32 18 41 27 7 25 14 24 8 44 33 12 44 9 40 10 3 2 1 26 1 41 34 45 11 
39 2 58 7 43 16 15 8 9 7 53 3 4 17 20 10 14 33 8 30 46 59 26 27 17 14 13 10 16 22 
40 28 40 40 11 45 15 5 52 8 42 15 26 41 20 38 35 12 2 37 29 43 20 3 2 14 31 19 3 
41 19 19 6 45 12 10 28 2 30 38 29 40 5 23 34 11 9 2 20 34 8 37 8 43 38 19 
42 3 28 12 6 16 16 54 33 2 40 53 60 12 53 3 9 3 17 54 32 29 31 4 11 8 
43 1 27 39 26 21 21 15 16 4 16 37 19 2 24 22 40 12 57 16 6 41 21 29 28 
44 4 13 9 17 10 8 18 13 50 38 12 38 8 15 33 26 27 12 20 45 33 2 1 
45 51 40 27 41 10 14 13 14 36 18 21 24 2 18 13 56 24 44 47 4 50 38 
46 23 19 7 4 2 33 20 7 14 2 39 35 20 36 25 9 15 2 14 31 22 6 
47 33 27 35 12 29 25 32 23 30 10 20 9 19 36 9 45 20 49 12 12 27 
48 29 3 26 25 1 20 7 32 22 27 7 16 14 34 20 21 24 3 
49 28 5 19 16 27 8 29 23 29 36 14 14 24 47 11 27 
50 22 19 18 36 33 22 11 21 44 25 50 50 45 17 
51 45 30 33 27 24 37 37 16 8 22 28 29 18 7 
52 3 40 6 11 21 9 56 2 26 22 1 4 
53 4 14 7 15 39 19 42 5 42 30 14 
54 37 38 24 23 42 4 15 36 42 10 20 
55 4 28 3 55 55 8 23 13 2 9 
56 16 18 31 9 52 45 30 10 13 
57 21 32 27 10 36 43 33 11 
58 39 9 1 11 13 14 11 
59 38 23 25 1 39 8 
60 26 42 32 22 
61 20 8 
