78
77 76 72 72 71 69 68 67 66 64 64 64 64 63 62 61 61 59 59 58 57 56 53 50 49 45 44 43 43 41 39 38 38 37 37 37 34 34 34 33 32 32 32 31 31 31 30 29 29 28 26 26 26 26 24 24 23 23 22 22 21 21 20 19 17 15 13 13 13 13 12 11 7 7 6 4 4 3 1 
1 78 76 71 70 68 65 63 61 59 56 55 54 53 51 49 47 46 43 42 40 38 36 32 28 26 21 19 17 16 13 10 8 7 5 5 5 5 5 4 4 4 4 4 4 4 4 4 3 3 3 3 3 3 3 3 3 3 2 2 2 2 2 2 2 2 2 2 2 
2 78 76 71 70 68 65 63 61 59 56 55 54 53 51 49 47 46 43 42 40 38 36 32 28 26 21 19 17 16 13 10 8 7 5 5 5 5 5 4 4 4 4 4 4 4 4 4 3 3 3 3 3 3 3 3 3 3 1 1 1 1 1 1 1 1 1 1 1 
3 78 76 71 70 68 65 63 61 59 56 55 54 53 51 49 47 46 43 42 40 38 36 32 28 26 21 19 17 16 13 10 8 7 5 5 5 5 5 4 4 4 4 4 4 4 4 4 1 2 1 2 1 2 1 2 1 2 1 2 1 2 1 2 1 2 1 2 
4 78 76 71 70 68 65 63 61 59 56 55 54 53 51 49 47 46 43 42 40 38 36 32 28 26 21 19 17 16 13 10 8 7 5 5 5 5 5 1 2 3 1 2 3 1 2 3 1 2 3 1 2 3 1 2 3 1 2 3 1 2 3 1 2 3 
5 78 76 71 70 68 65 63 61 59 56 55 54 53 51 49 47 46 43 42 40 38 36 32 28 26 21 19 17 16 13 10 8 7 1 2 3 4 1 2 3 4 1 2 3 4 1 2 3 4 1 2 3 4 
6 78 76 71 70 68 65 63 61 59 56 55 54 53 51 49 47 46 43 42 40 38 36 32 28 26 21 19 17 16 13 10 8 7 
7 78 76 71 70 68 65 63 61 59 56 55 54 53 51 49 47 46 43 42 40 38 36 32 28 26 21 19 17 16 13 10 8 1 2 3 4 5 6 
8 78 76 71 70 68 65 63 61 59 56 55 54 53 51 49 47 46 43 42 40 38 36 32 28 26 21 19 17 16 13 10 1 2 3 4 5 6 7 
9 78 76 71 70 68 65 63 61 59 56 55 54 53 51 49 47 46 43 42 40 38 36 32 28 26 21 19 17 16 13 10 
10 78 76 71 70 68 65 63 61 59 56 55 54 53 51 49 47 46 43 42 40 38 36 32 28 26 21 19 17 16 13 1 2 3 4 5 6 7 8 9 
11 78 76 71 70 68 65 63 61 59 56 55 54 53 51 49 47 46 43 42 40 38 36 32 28 26 21 19 17 16 13 
12 78 76 71 70 68 65 63 61 59 56 55 54 53 51 49 47 46 43 42 40 38 36 32 28 26 21 19 17 16 13 
13 78 76 71 70 68 65 63 61 59 56 55 54 53 51 49 47 46 43 42 40 38 36 32 28 26 21 19 17 16 1 2 3 4 5 6 7 8 9 10 11 12 
14 78 76 71 70 68 65 63 61 59 56 55 54 53 51 49 47 46 43 42 40 38 36 32 28 26 21 19 17 16 
15 78 76 71 70 68 65 63 61 59 56 55 54 53 51 49 47 46 43 42 40 38 36 32 28 26 21 19 17 16 
16 78 76 71 70 68 65 63 61 59 56 55 54 53 51 49 47 46 43 42 40 38 36 32 28 26 21 19 17 1 2 3 4 5 6 7 8 9 10 11 12 13 14 15 
17 78 76 71 70 68 65 63 61 59 56 55 54 53 51 49 47 46 43 42 40 38 36 32 28 26 21 19 1 2 3 4 5 6 7 8 9 10 11 12 13 14 15 16 
18 78 76 71 70 68 65 63 61 59 56 55 54 53 51 49 47 46 43 42 40 38 36 32 28 26 21 19 
19 78 76 71 70 68 65 63 61 59 56 55 54 53 51 49 47 46 43 42 40 38 36 32 28 26 21 1 2 3 4 5 6 7 8 9 10 11 12 13 14 15 16 17 18 
20 78 76 71 70 68 65 63 61 59 56 55 54 53 51 49 47 46 43 42 40 38 36 32 28 26 21 
21 78 76 71 70 68 65 63 61 59 56 55 54 53 51 49 47 46 43 42 40 38 36 32 28 26 1 2 3 4 5 6 7 8 9 10 11 12 13 14 15 16 17 18 19 20 
22 78 76 71 70 68 65 63 61 59 56 55 54 53 51 49 47 46 43 42 40 38 36 32 28 26 
23 78 76 71 70 68 65 63 61 59 56 55 54 53 51 49 47 46 43 42 40 38 36 32 28 26 
24 78 76 71 70 68 65 63 61 59 56 55 54 53 51 49 47 46 43 42 40 38 36 32 28 26 
25 78 76 71 70 68 65 63 61 59 56 55 54 53 51 49 47 46 43 42 40 38 36 32 28 26 
26 78 76 71 70 68 65 63 61 59 56 55 54 53 51 49 47 46 43 42 40 38 36 32 28 1 2 3 4 5 6 7 8 9 10 11 12 13 14 15 16 17 18 19 20 21 22 23 24 25 
27 78 76 71 70 68 65 63 61 59 56 55 54 53 51 49 47 46 43 42 40 38 36 32 28 
28 78 76 71 70 68 65 63 61 59 56 55 54 53 51 49 47 46 43 42 40 38 36 32 1 2 3 4 5 6 7 8 9 10 11 12 13 14 15 16 17 18 19 20 21 22 23 24 25 26 27 
29 78 76 71 70 68 65 63 61 59 56 55 54 53 51 49 47 46 43 42 40 38 36 32 
30 78 76 71 70 68 65 63 61 59 56 55 54 53 51 49 47 46 43 42 40 38 36 32 
31 78 76 71 70 68 65 63 61 59 56 55 54 53 51 49 47 46 43 42 40 38 36 32 
32 78 76 71 70 68 65 63 61 59 56 55 54 53 51 49 47 46 43 42 40 38 36 1 2 3 4 5 6 7 8 9 10 11 12 13 14 15 16 17 18 19 20 21 22 23 24 25 26 27 28 29 30 31 
33 78 76 71 70 68 65 63 61 59 56 55 54 53 51 49 47 46 43 42 40 38 36 
34 78 76 71 70 68 65 63 61 59 56 55 54 53 51 49 47 46 43 42 40 38 36 
35 78 76 71 70 68 65 63 61 59 56 55 54 53 51 49 47 46 43 42 40 38 36 
36 78 76 71 70 68 65 63 61 59 56 55 54 53 51 49 47 46 43 42 40 38 1 2 3 4 5 6 7 8 9 10 11 12 13 14 15 16 17 18 19 20 21 22 23 24 25 26 27 28 29 30 31 32 33 34 35 
37 78 76 71 70 68 65 63 61 59 56 55 54 53 51 49 47 46 43 42 40 38 
38 78 76 71 70 68 65 63 61 59 56 55 54 53 51 49 47 46 43 42 40 1 2 3 4 5 6 7 8 9 10 11 12 13 14 15 16 17 18 19 20 21 22 23 24 25 26 27 28 29 30 31 32 33 34 35 36 37 
39 78 76 71 70 68 65 63 61 59 56 55 54 53 51 49 47 46 43 42 40 
40 78 76 71 70 68 65 63 61 59 56 55 54 53 51 49 47 46 43 42 1 2 3 4 5 6 7 8 9 10 11 12 13 14 15 16 17 18 19 20 21 22 23 24 25 26 27 28 29 30 31 32 33 34 35 36 37 38 39 
41 78 76 71 70 68 65 63 61 59 56 55 54 53 51 49 47 46 43 42 
42 78 76 71 70 68 65 63 61 59 56 55 54 53 51 49 47 46 43 1 2 3 4 5 6 7 8 9 10 11 12 13 14 15 16 17 18 19 20 21 22 23 24 25 26 27 28 29 30 31 32 33 34 35 36 37 38 39 40 41 
43 78 76 71 70 68 65 63 61 59 56 55 54 53 51 49 47 46 1 2 3 4 5 6 7 8 9 10 11 12 13 14 15 16 17 18 19 20 21 22 23 24 25 26 27 28 29 30 31 32 33 34 35 36 37 38 39 40 41 42 
44 78 76 71 70 68 65 63 61 59 56 55 54 53 51 49 47 46 
45 78 76 71 70 68 65 63 61 59 56 55 54 53 51 49 47 46 
46 78 76 71 70 68 65 63 61 59 56 55 54 53 51 49 47 1 2 3 4 5 6 7 8 9 10 11 12 13 14 15 16 17 18 19 20 21 22 23 24 25 26 27 28 29 30 31 32 33 34 35 36 37 38 39 40 41 42 43 44 45 
47 78 76 71 70 68 65 63 61 59 56 55 54 53 51 49 1 2 3 4 5 6 7 8 9 10 11 12 13 14 15 16 17 18 19 20 21 22 23 24 25 26 27 28 29 30 31 32 33 34 35 36 37 38 39 40 41 42 43 44 45 46 
48 78 76 71 70 68 65 63 61 59 56 55 54 53 51 49 
49 78 76 71 70 68 65 63 61 59 56 55 54 53 51 1 2 3 4 5 6 7 8 9 10 11 12 13 14 15 16 17 18 19 20 21 22 23 24 25 26 27 28 29 30 31 32 33 34 35 36 37 38 39 40 41 42 43 44 45 46 47 48 
50 78 76 71 70 68 65 63 61 59 56 55 54 53 51 
51 78 76 71 70 68 65 63 61 59 56 55 54 53 1 2 3 4 5 6 7 8 9 10 11 12 13 14 15 16 17 18 19 20 21 22 23 24 25 26 27 28 29 30 31 32 33 34 35 36 37 38 39 40 41 42 43 44 45 46 47 48 49 50 
52 78 76 71 70 68 65 63 61 59 56 55 54 53 
53 78 76 71 70 68 65 63 61 59 56 55 54 1 2 3 4 5 6 7 8 9 10 11 12 13 14 15 16 17 18 19 20 21 22 23 24 25 26 27 28 29 30 31 32 33 34 35 36 37 38 39 40 41 42 43 44 45 46 47 48 49 50 51 52 
54 78 76 71 70 68 65 63 61 59 56 55 1 2 3 4 5 6 7 8 9 10 11 12 13 14 15 16 17 18 19 20 21 22 23 24 25 26 27 28 29 30 31 32 33 34 35 36 37 38 39 40 41 42 43 44 45 46 47 48 49 50 51 52 53 
55 78 76 71 70 68 65 63 61 59 56 1 2 3 4 5 6 7 8 9 10 11 12 13 14 15 16 17 18 19 20 21 22 23 24 25 26 27 28 29 30 31 32 33 34 35 36 37 38 39 40 41 42 43 44 45 46 47 48 49 50 51 52 53 54 
56 78 76 71 70 68 65 63 61 59 1 2 3 4 5 6 7 8 9 10 11 12 13 14 15 16 17 18 19 20 21 22 23 24 25 26 27 28 29 30 31 32 33 34 35 36 37 38 39 40 41 42 43 44 45 46 47 48 49 50 51 52 53 54 55 
57 78 76 71 70 68 65 63 61 59 
58 78 76 71 70 68 65 63 61 59 
59 78 76 71 70 68 65 63 61 1 2 3 4 5 6 7 8 9 10 11 12 13 14 15 16 17 18 19 20 21 22 23 24 25 26 27 28 29 30 31 32 33 34 35 36 37 38 39 40 41 42 43 44 45 46 47 48 49 50 51 52 53 54 55 56 57 58 
60 78 76 71 70 68 65 63 61 
61 78 76 71 70 68 65 63 1 2 3 4 5 6 7 8 9 10 11 12 13 14 15 16 17 18 19 20 21 22 23 24 25 26 27 28 29 30 31 32 33 34 35 36 37 38 39 40 41 42 43 44 45 46 47 48 49 50 51 52 53 54 55 56 57 58 59 60 
62 78 76 71 70 68 65 63 
63 78 76 71 70 68 65 1 2 3 4 5 6 7 8 9 10 11 12 13 14 15 16 17 18 19 20 21 22 23 24 25 26 27 28 29 30 31 32 33 34 35 36 37 38 39 40 41 42 43 44 45 46 47 48 49 50 51 52 53 54 55 56 57 58 59 60 61 62 
64 78 76 71 70 68 65 
65 78 76 71 70 68 1 2 3 4 5 6 7 8 9 10 11 12 13 14 15 16 17 18 19 20 21 22 23 24 25 26 27 28 29 30 31 32 33 34 35 36 37 38 39 40 41 42 43 44 45 46 47 48 49 50 51 52 53 54 55 56 57 58 59 60 61 62 63 64 
66 78 76 71 70 68 
67 78 76 71 70 68 
68 78 76 71 70 1 2 3 4 5 6 7 8 9 10 11 12 13 14 15 16 17 18 19 20 21 22 23 24 25 26 27 28 29 30 31 32 33 34 35 36 37 38 39 40 41 42 43 44 45 46 47 48 49 50 51 52 53 54 55 56 57 58 59 60 61 62 63 64 65 66 67 
69 78 76 71 70 
70 78 76 71 1 2 3 4 5 6 7 8 9 10 11 12 13 14 15 16 17 18 19 20 21 22 23 24 25 26 27 28 29 30 31 32 33 34 35 36 37 38 39 40 41 42 43 44 45 46 47 48 49 50 51 52 53 54 55 56 57 58 59 60 61 62 63 64 65 66 67 68 69 
71 78 76 1 2 3 4 5 6 7 8 9 10 11 12 13 14 15 16 17 18 19 20 21 22 23 24 25 26 27 28 29 30 31 32 33 34 35 36 37 38 39 40 41 42 43 44 45 46 47 48 49 50 51 52 53 54 55 56 57 58 59 60 61 62 63 64 65 66 67 68 69 70 
72 78 76 
73 78 76 
74 78 76 
75 78 76 
76 78 1 2 3 4 5 6 7 8 9 10 11 12 13 14 15 16 17 18 19 20 21 22 23 24 25 26 27 28 29 30 31 32 33 34 35 36 37 38 39 40 41 42 43 44 45 46 47 48 49 50 51 52 53 54 55 56 57 58 59 60 61 62 63 64 65 66 67 68 69 70 71 72 73 74 75 
77 78 
78 1 2 3 4 5 6 7 8 9 10 11 12 13 14 15 16 17 18 19 20 21 22 23 24 25 26 27 28 29 30 31 32 33 34 35 36 37 38 39 40 41 42 43 44 45 46 47 48 49 50 51 52 53 54 55 56 57 58 59 60 61 62 63 64 65 66 67 68 69 70 71 72 73 74 75 76 77 
