23
22 21 21 21 20 17 16 16 16 16 14 13 12 11 11 10 9 7 7 5 5 2 2 1 1 
1 23 21 20 19 17 13 11 10 9 8 5 3 2 
2 23 21 20 19 17 13 11 10 9 8 5 3 1 
3 23 21 20 19 17 13 11 10 9 8 5 1 2 
4 23 21 20 19 17 13 11 10 9 8 5 
5 23 21 20 19 17 13 11 10 9 8 1 2 3 4 
6 23 21 20 19 17 13 11 10 9 8 
7 23 21 20 19 17 13 11 10 9 8 
8 23 21 20 19 17 13 11 10 9 1 2 3 4 5 6 7 
9 23 21 20 19 17 13 11 10 1 2 3 4 5 6 7 8 
10 23 21 20 19 17 13 11 1 2 3 4 5 6 7 8 9 
11 23 21 20 19 17 13 1 2 3 4 5 6 7 8 9 10 
12 23 21 20 19 17 13 
13 23 21 20 19 17 1 2 3 4 5 6 7 8 9 10 11 12 
14 23 21 20 19 17 
15 23 21 20 19 17 
16 23 21 20 19 17 
17 23 21 20 19 1 2 3 4 5 6 7 8 9 10 11 12 13 14 15 16 
18 23 21 20 19 
19 23 21 20 1 2 3 4 5 6 7 8 9 10 11 12 13 14 15 16 17 18 
20 23 21 1 2 3 4 5 6 7 8 9 10 11 12 13 14 15 16 17 18 19 
21 23 1 2 3 4 5 6 7 8 9 10 11 12 13 14 15 16 17 18 19 20 
22 23 
23 1 2 3 4 5 6 7 8 9 10 11 12 13 14 15 16 17 18 19 20 21 22 
