23
20 19 19 17 17 17 16 15 14 13 13 13 11 10 10 9 7 6 6 4 4 4 2 
1 8 3 2 23 15 2 17 10 8 5 1 1 7 6 15 14 3 1 1 6 
2 5 1 6 7 1 5 22 3 7 9 3 6 5 9 21 13 13 8 18 
3 1 6 10 2 9 2 3 3 13 15 19 5 7 1 19 17 7 3 3 
4 13 7 16 7 5 5 9 8 11 13 5 8 7 15 13 18 7 
5 11 2 11 16 22 14 2 22 17 4 1 4 2 3 4 6 15 
6 8 3 2 6 6 10 8 2 1 17 11 14 5 11 19 1 8 
7 18 14 4 2 2 4 1 3 4 10 17 20 19 3 8 4 
8 1 6 22 1 6 4 12 4 10 16 17 11 6 2 7 
9 10 9 9 16 2 3 4 13 12 14 2 18 12 20 
10 9 20 3 11 21 14 1 6 15 8 7 12 11 
11 5 5 10 14 14 21 4 6 12 13 6 8 10 
12 9 8 12 12 11 16 12 12 15 13 10 15 9 
13 4 21 3 9 4 2 11 17 4 12 2 
14 7 11 5 10 11 9 6 1 15 16 
15 1 3 23 10 1 4 12 14 5 12 
16 5 4 19 9 18 8 12 18 14 
17 1 5 6 8 13 7 3 
18 7 16 9 16 4 2 
19 16 3 3 6 20 7 
20 10 19 7 9 
21 13 10 11 2 
22 5 8 2 5 
23 1 15 
