47
45 44 42 41 39 39 39 39 37 37 37 37 35 34 32 32 31 31 28 28 28 28 25 25 23 21 21 20 19 18 18 18 17 17 15 14 13 10 10 10 7 7 7 5 4 2 1 
1 5 46 23 37 33 31 31 4 41 11 29 13 16 2 12 27 3 4 42 12 18 4 35 30 20 27 10 19 41 13 10 24 30 27 17 23 12 23 31 15 38 16 12 1 1 
2 15 4 4 10 10 23 22 17 29 21 19 1 12 31 21 14 9 13 5 33 23 3 20 24 13 6 25 13 10 13 22 39 25 9 10 15 21 15 11 20 5 10 16 9 
3 8 17 17 10 7 4 23 8 14 4 3 3 11 18 39 1 12 9 24 40 2 19 23 7 24 18 23 34 25 21 15 10 21 41 27 36 10 11 32 36 12 5 
4 17 22 2 33 13 2 22 8 26 3 1 8 39 26 34 27 3 18 27 1 11 11 16 1 20 21 4 4 12 12 15 6 28 9 7 33 16 13 8 25 12 
5 1 17 31 36 5 5 8 8 34 16 20 35 37 17 21 34 2 11 20 30 25 34 9 28 28 9 18 18 15 14 24 27 12 31 7 5 5 2 3 
6 21 17 36 7 17 32 14 18 25 21 42 18 34 22 26 35 14 23 33 23 27 19 26 6 6 2 12 24 27 9 20 29 4 27 18 12 31 10 39 
7 15 25 3 24 15 6 9 24 26 14 7 7 9 26 16 24 41 10 3 9 29 13 7 7 20 9 33 33 4 8 23 10 19 25 10 5 22 35 15 
8 3 21 40 14 18 19 45 4 16 4 28 5 5 3 21 16 14 17 11 15 20 22 10 11 19 22 42 43 35 10 8 8 7 17 25 4 30 13 32 
9 11 11 11 18 7 16 18 7 26 18 9 9 2 3 34 36 18 20 11 19 5 7 29 5 29 6 12 21 7 22 4 23 14 2 25 32 2 
10 14 21 3 2 31 2 29 15 31 18 13 18 33 8 38 13 7 25 38 1 21 12 28 28 1 8 3 11 11 22 3 2 7 2 7 6 2 
11 30 36 9 9 9 12 30 46 1 30 22 26 3 36 4 12 4 8 29 18 34 5 8 28 9 26 10 10 38 21 14 3 24 2 23 23 45 
12 22 35 11 37 23 1 14 13 2 42 11 3 1 29 20 25 20 10 21 6 4 14 4 29 9 1 16 42 14 6 5 17 30 4 1 26 3 
13 16 4 21 24 43 21 1 28 12 10 23 16 22 24 30 26 2 19 10 17 2 1 17 17 7 2 47 27 32 2 24 4 24 8 38 
14 10 8 33 6 7 3 12 14 14 8 6 33 2 26 16 33 43 33 12 28 37 16 32 22 34 5 12 26 16 11 25 9 25 15 
15 2 7 24 16 32 7 37 27 10 32 17 8 36 38 19 40 16 25 24 3 35 4 5 23 28 1 27 20 2 2 14 7 
16 13 32 15 32 43 8 9 44 1 19 8 5 7 20 13 4 14 27 19 15 19 32 14 16 16 12 14 4 31 1 2 25 
17 18 36 4 28 3 6 44 3 5 30 29 6 30 34 25 2 8 31 15 5 13 30 13 28 13 39 1 12 8 32 29 
18 17 22 26 8 9 19 6 6 9 10 32 19 3 4 9 1 10 11 33 9 3 29 5 37 35 41 5 6 20 38 24 
19 21 24 33 35 8 42 18 16 18 31 2 34 24 13 19 19 8 6 20 15 3 16 1 9 16 32 40 7 
20 21 39 22 20 20 37 5 16 43 12 8 27 1 12 5 2 19 4 9 30 22 7 6 18 15 36 2 38 
21 19 6 8 10 13 20 39 13 6 8 26 41 2 29 34 2 5 10 4 12 36 40 9 3 3 11 2 27 
22 12 4 18 38 4 20 23 11 32 2 25 6 13 8 37 27 8 25 20 14 10 9 24 2 22 22 7 24 
23 1 3 2 22 12 13 35 6 6 2 29 3 3 1 1 15 7 45 9 28 11 11 27 26 31 
24 19 15 7 13 7 39 19 13 3 7 2 35 3 44 6 1 15 43 5 22 13 11 13 22 18 
25 34 7 17 6 25 25 22 34 12 10 5 22 15 3 2 14 7 2 8 4 9 14 16 
26 29 18 4 31 11 7 4 21 7 9 6 13 14 11 6 31 14 23 30 12 43 
27 34 15 4 4 1 20 22 6 16 1 36 6 1 6 3 13 5 15 23 21 36 
28 17 37 35 8 13 28 28 11 10 17 5 10 5 14 4 35 15 33 37 23 
29 26 17 10 1 2 21 12 11 23 18 7 9 12 9 6 31 44 17 30 
30 11 31 17 37 17 11 11 13 1 5 20 17 1 38 8 29 12 26 
31 30 5 10 1 1 26 10 19 2 17 35 26 1 6 5 29 16 23 
32 16 15 16 6 22 18 15 44 40 16 14 19 13 3 17 9 36 8 
33 19 4 1 14 34 10 14 6 18 2 14 14 7 7 4 28 40 
34 25 27 17 33 5 4 37 6 19 21 25 11 5 9 5 3 14 
35 12 19 28 23 40 5 6 1 24 8 31 15 18 28 7 
36 17 6 11 5 11 15 9 27 21 3 3 20 32 27 
37 1 30 15 28 20 12 34 5 22 18 14 40 28 
38 22 10 15 10 30 11 18 1 20 13 
39 20 21 4 40 3 24 17 45 2 6 
40 8 39 35 3 32 15 21 37 19 33 
41 1 21 7 1 42 18 3 
42 19 6 12 1 8 41 12 
43 16 13 20 14 8 24 26 
44 17 16 32 24 29 
45 8 39 23 11 
46 1 11 
47 13 
