48
47 45 44 44 43 41 40 39 38 38 38 38 38 38 37 33 33 33 31 30 28 27 27 25 24 24 23 23 22 20 19 19 18 18 17 17 15 15 14 13 13 11 9 9 3 3 3 3 
1 2 4 3 5 6 7 8 14 13 12 11 10 9 15 18 17 16 19 20 21 23 22 24 26 25 28 27 29 30 32 31 34 33 36 35 38 37 39 41 40 42 44 43 48 47 46 45 
2 1 
3 1 
4 1 
5 1 
6 1 
7 1 
8 1 
9 1 
10 1 
11 1 
12 1 
13 1 
14 1 
15 1 
16 1 
17 1 
18 1 
19 1 
20 1 
21 1 
22 1 
23 1 
24 1 
25 1 
26 1 
27 1 
28 1 
29 1 
30 1 
31 1 
32 1 
33 1 
34 1 
35 1 
36 1 
37 1 
38 1 
39 1 
40 1 
41 1 
42 1 
43 1 
44 1 
45 1 
46 1 
47 1 
48 1 
