26
25 24 22 22 20 19 19 19 18 18 17 17 17 15 15 14 12 12 11 10 9 9 6 5 5 2 
1 26 24 21 20 17 15 14 13 11 10 8 7 6 3 3 3 3 2 2 2 2 
2 26 24 21 20 17 15 14 13 11 10 8 7 6 3 3 3 3 1 1 1 1 
3 26 24 21 20 17 15 14 13 11 10 8 7 6 1 2 1 2 1 2 1 2 
4 26 24 21 20 17 15 14 13 11 10 8 7 6 
5 26 24 21 20 17 15 14 13 11 10 8 7 6 
6 26 24 21 20 17 15 14 13 11 10 8 7 1 2 3 4 5 
7 26 24 21 20 17 15 14 13 11 10 8 1 2 3 4 5 6 
8 26 24 21 20 17 15 14 13 11 10 1 2 3 4 5 6 7 
9 26 24 21 20 17 15 14 13 11 10 
10 26 24 21 20 17 15 14 13 11 1 2 3 4 5 6 7 8 9 
11 26 24 21 20 17 15 14 13 1 2 3 4 5 6 7 8 9 10 
12 26 24 21 20 17 15 14 13 
13 26 24 21 20 17 15 14 1 2 3 4 5 6 7 8 9 10 11 12 
14 26 24 21 20 17 15 1 2 3 4 5 6 7 8 9 10 11 12 13 
15 26 24 21 20 17 1 2 3 4 5 6 7 8 9 10 11 12 13 14 
16 26 24 21 20 17 
17 26 24 21 20 1 2 3 4 5 6 7 8 9 10 11 12 13 14 15 16 
18 26 24 21 20 
19 26 24 21 20 
20 26 24 21 1 2 3 4 5 6 7 8 9 10 11 12 13 14 15 16 17 18 19 
21 26 24 1 2 3 4 5 6 7 8 9 10 11 12 13 14 15 16 17 18 19 20 
22 26 24 
23 26 24 
24 26 1 2 3 4 5 6 7 8 9 10 11 12 13 14 15 16 17 18 19 20 21 22 23 
25 26 
26 1 2 3 4 5 6 7 8 9 10 11 12 13 14 15 16 17 18 19 20 21 22 23 24 25 
