32
31 29 29 27 25 23 23 23 20 20 19 16 15 14 14 14 13 12 12 12 12 11 10 9 8 4 4 3 3 3 2 2 0 0 0 
1 32 29 28 25 22 19 18 17 13 12 10 6 4 3 3 2 2 2 2 2 
2 32 29 28 25 22 19 18 17 13 12 10 6 4 3 3 1 1 1 1 1 
3 32 29 28 25 22 19 18 17 13 12 10 6 4 1 2 1 2 
4 32 29 28 25 22 19 18 17 13 12 10 6 1 2 3 
5 32 29 28 25 22 19 18 17 13 12 10 6 
6 32 29 28 25 22 19 18 17 13 12 10 1 2 3 4 5 
7 32 29 28 25 22 19 18 17 13 12 10 
8 32 29 28 25 22 19 18 17 13 12 10 
9 32 29 28 25 22 19 18 17 13 12 10 
10 32 29 28 25 22 19 18 17 13 12 1 2 3 4 5 6 7 8 9 
11 32 29 28 25 22 19 18 17 13 12 
12 32 29 28 25 22 19 18 17 13 1 2 3 4 5 6 7 8 9 10 11 
13 32 29 28 25 22 19 18 17 1 2 3 4 5 6 7 8 9 10 11 12 
14 32 29 28 25 22 19 18 17 
15 32 29 28 25 22 19 18 17 
16 32 29 28 25 22 19 18 17 
17 32 29 28 25 22 19 18 1 2 3 4 5 6 7 8 9 10 11 12 13 14 15 16 
18 32 29 28 25 22 19 1 2 3 4 5 6 7 8 9 10 11 12 13 14 15 16 17 
19 32 29 28 25 22 1 2 3 4 5 6 7 8 9 10 11 12 13 14 15 16 17 18 
20 32 29 28 25 22 
21 32 29 28 25 22 
22 32 29 28 25 1 2 3 4 5 6 7 8 9 10 11 12 13 14 15 16 17 18 19 20 21 
23 32 29 28 25 
24 32 29 28 25 
25 32 29 28 1 2 3 4 5 6 7 8 9 10 11 12 13 14 15 16 17 18 19 20 21 22 23 24 
26 32 29 28 
27 32 29 28 
28 32 29 1 2 3 4 5 6 7 8 9 10 11 12 13 14 15 16 17 18 19 20 21 22 23 24 25 26 27 
29 32 1 2 3 4 5 6 7 8 9 10 11 12 13 14 15 16 17 18 19 20 21 22 23 24 25 26 27 28 
30 32 
31 32 
32 1 2 3 4 5 6 7 8 9 10 11 12 13 14 15 16 17 18 19 20 21 22 23 24 25 26 27 28 29 30 31 
