42
41 40 38 38 38 37 36 34 32 32 32 31 30 29 28 27 25 23 23 21 21 20 18 18 18 18 17 16 15 14 14 13 13 13 10 7 6 6 6 5 5 4 2 
1 42 40 37 36 35 33 31 28 25 24 23 21 19 17 15 13 10 7 6 3 3 2 2 2 2 2 2 2 2 2 2 
2 42 40 37 36 35 33 31 28 25 24 23 21 19 17 15 13 10 7 6 3 3 1 1 1 1 1 1 1 1 1 1 
3 42 40 37 36 35 33 31 28 25 24 23 21 19 17 15 13 10 7 6 1 2 1 2 
4 42 40 37 36 35 33 31 28 25 24 23 21 19 17 15 13 10 7 6 
5 42 40 37 36 35 33 31 28 25 24 23 21 19 17 15 13 10 7 6 
6 42 40 37 36 35 33 31 28 25 24 23 21 19 17 15 13 10 7 1 2 3 4 5 
7 42 40 37 36 35 33 31 28 25 24 23 21 19 17 15 13 10 1 2 3 4 5 6 
8 42 40 37 36 35 33 31 28 25 24 23 21 19 17 15 13 10 
9 42 40 37 36 35 33 31 28 25 24 23 21 19 17 15 13 10 
10 42 40 37 36 35 33 31 28 25 24 23 21 19 17 15 13 1 2 3 4 5 6 7 8 9 
11 42 40 37 36 35 33 31 28 25 24 23 21 19 17 15 13 
12 42 40 37 36 35 33 31 28 25 24 23 21 19 17 15 13 
13 42 40 37 36 35 33 31 28 25 24 23 21 19 17 15 1 2 3 4 5 6 7 8 9 10 11 12 
14 42 40 37 36 35 33 31 28 25 24 23 21 19 17 15 
15 42 40 37 36 35 33 31 28 25 24 23 21 19 17 1 2 3 4 5 6 7 8 9 10 11 12 13 14 
16 42 40 37 36 35 33 31 28 25 24 23 21 19 17 
17 42 40 37 36 35 33 31 28 25 24 23 21 19 1 2 3 4 5 6 7 8 9 10 11 12 13 14 15 16 
18 42 40 37 36 35 33 31 28 25 24 23 21 19 
19 42 40 37 36 35 33 31 28 25 24 23 21 1 2 3 4 5 6 7 8 9 10 11 12 13 14 15 16 17 18 
20 42 40 37 36 35 33 31 28 25 24 23 21 
21 42 40 37 36 35 33 31 28 25 24 23 1 2 3 4 5 6 7 8 9 10 11 12 13 14 15 16 17 18 19 20 
22 42 40 37 36 35 33 31 28 25 24 23 
23 42 40 37 36 35 33 31 28 25 24 1 2 3 4 5 6 7 8 9 10 11 12 13 14 15 16 17 18 19 20 21 22 
24 42 40 37 36 35 33 31 28 25 1 2 3 4 5 6 7 8 9 10 11 12 13 14 15 16 17 18 19 20 21 22 23 
25 42 40 37 36 35 33 31 28 1 2 3 4 5 6 7 8 9 10 11 12 13 14 15 16 17 18 19 20 21 22 23 24 
26 42 40 37 36 35 33 31 28 
27 42 40 37 36 35 33 31 28 
28 42 40 37 36 35 33 31 1 2 3 4 5 6 7 8 9 10 11 12 13 14 15 16 17 18 19 20 21 22 23 24 25 26 27 
29 42 40 37 36 35 33 31 
30 42 40 37 36 35 33 31 
31 42 40 37 36 35 33 1 2 3 4 5 6 7 8 9 10 11 12 13 14 15 16 17 18 19 20 21 22 23 24 25 26 27 28 29 30 
32 42 40 37 36 35 33 
33 42 40 37 36 35 1 2 3 4 5 6 7 8 9 10 11 12 13 14 15 16 17 18 19 20 21 22 23 24 25 26 27 28 29 30 31 32 
34 42 40 37 36 35 
35 42 40 37 36 1 2 3 4 5 6 7 8 9 10 11 12 13 14 15 16 17 18 19 20 21 22 23 24 25 26 27 28 29 30 31 32 33 34 
36 42 40 37 1 2 3 4 5 6 7 8 9 10 11 12 13 14 15 16 17 18 19 20 21 22 23 24 25 26 27 28 29 30 31 32 33 34 35 
37 42 40 1 2 3 4 5 6 7 8 9 10 11 12 13 14 15 16 17 18 19 20 21 22 23 24 25 26 27 28 29 30 31 32 33 34 35 36 
38 42 40 
39 42 40 
40 42 1 2 3 4 5 6 7 8 9 10 11 12 13 14 15 16 17 18 19 20 21 22 23 24 25 26 27 28 29 30 31 32 33 34 35 36 37 38 39 
41 42 
42 1 2 3 4 5 6 7 8 9 10 11 12 13 14 15 16 17 18 19 20 21 22 23 24 25 26 27 28 29 30 31 32 33 34 35 36 37 38 39 40 41 
