66
65 63 62 60 60 59 59 58 57 56 52 52 52 51 50 49 45 45 43 43 42 42 42 40 40 39 39 39 37 36 36 34 34 33 32 32 31 31 29 28 28 27 25 25 24 23 22 21 20 20 19 19 18 17 17 17 16 15 12 12 9 7 6 5 3 2 
1 2 3 5 4 7 6 8 9 10 13 12 11 14 15 16 18 17 20 19 23 22 21 25 24 28 27 26 29 31 30 33 32 34 36 35 38 37 39 41 40 42 44 43 45 46 47 48 50 49 52 51 53 56 55 54 57 58 60 59 61 62 63 64 65 66 
2 1 
3 1 
4 1 
5 1 
6 1 
7 1 
8 1 
9 1 
10 1 
11 1 
12 1 
13 1 
14 1 
15 1 
16 1 
17 1 
18 1 
19 1 
20 1 
21 1 
22 1 
23 1 
24 1 
25 1 
26 1 
27 1 
28 1 
29 1 
30 1 
31 1 
32 1 
33 1 
34 1 
35 1 
36 1 
37 1 
38 1 
39 1 
40 1 
41 1 
42 1 
43 1 
44 1 
45 1 
46 1 
47 1 
48 1 
49 1 
50 1 
51 1 
52 1 
53 1 
54 1 
55 1 
56 1 
57 1 
58 1 
59 1 
60 1 
61 1 
62 1 
63 1 
64 1 
65 1 
66 1 
