53
51 50 47 47 46 45 45 44 41 41 41 41 40 40 40 38 36 35 35 35 35 34 34 32 31 31 29 29 28 28 27 26 24 24 22 22 21 21 18 18 17 16 15 14 12 12 11 10 9 8 2 1 1 
1 2 4 3 5 7 6 8 12 11 10 9 15 14 13 16 17 21 20 19 18 23 22 24 26 25 28 27 30 29 31 32 34 33 36 35 38 37 40 39 41 42 43 44 46 45 47 48 49 50 51 53 
2 1 
3 1 
4 1 
5 1 
6 1 
7 1 
8 1 
9 1 
10 1 
11 1 
12 1 
13 1 
14 1 
15 1 
16 1 
17 1 
18 1 
19 1 
20 1 
21 1 
22 1 
23 1 
24 1 
25 1 
26 1 
27 1 
28 1 
29 1 
30 1 
31 1 
32 1 
33 1 
34 1 
35 1 
36 1 
37 1 
38 1 
39 1 
40 1 
41 1 
42 1 
43 1 
44 1 
45 1 
46 1 
47 1 
48 1 
49 1 
50 1 
51 1 
53 1 
