47
42 41 37 31 30 29 29 29 28 28 27 27 27 27 26 26 25 25 24 22 22 22 21 20 20 20 18 18 13 13 12 11 11 11 11 10 10 9 9 8 7 7 5 4 4 3 1 0 0 
1 23 11 28 34 2 6 27 19 9 13 19 24 24 16 2 23 39 31 14 14 12 6 33 7 8 27 44 6 8 41 18 24 8 5 41 4 9 40 18 20 3 16 
2 44 3 11 20 1 3 13 46 7 12 23 19 1 41 20 29 11 5 35 14 32 24 38 10 28 19 3 5 6 8 5 6 23 9 2 2 20 9 18 28 18 
3 2 5 10 25 2 26 11 39 7 24 4 26 38 16 22 6 12 22 6 17 2 33 11 9 16 15 29 22 31 30 30 5 18 14 1 29 6 
4 8 21 40 16 32 13 4 4 4 4 32 3 25 8 34 31 19 14 36 19 17 4 4 8 10 1 25 10 25 9 7 
5 3 6 8 17 15 15 7 22 14 14 12 24 38 2 46 18 2 23 19 2 13 10 16 29 1 10 3 21 34 10 
6 5 1 11 7 13 1 8 29 21 9 3 1 18 3 21 2 2 20 26 23 40 18 33 30 11 17 34 3 8 
7 29 16 6 2 15 14 7 7 20 22 3 12 5 12 18 1 17 23 10 16 14 15 43 15 36 25 17 4 11 
8 16 4 23 5 17 15 26 12 12 15 4 6 9 1 16 12 28 17 1 21 2 17 4 1 27 13 11 6 42 
9 12 22 16 1 26 26 38 11 26 23 15 8 34 6 19 22 14 36 26 3 21 2 1 17 21 2 4 39 
10 3 12 13 22 20 23 23 21 27 30 12 2 7 25 33 5 12 19 4 16 28 5 11 35 4 10 10 5 
11 28 20 2 1 41 23 6 24 36 3 27 9 23 2 40 27 38 33 36 3 10 15 37 6 8 32 7 
12 20 9 10 8 16 2 14 7 5 8 7 1 8 3 10 29 18 15 23 21 10 20 22 36 30 20 28 
13 24 10 2 1 4 6 13 13 32 26 28 15 15 29 25 17 16 19 26 5 37 27 29 8 37 16 42 
14 17 7 12 15 5 5 1 1 34 39 2 4 19 9 17 18 7 14 14 16 35 23 3 21 25 27 22 
15 8 7 5 5 14 44 8 21 43 9 13 13 31 12 40 22 18 45 32 29 7 3 7 11 33 21 
16 8 7 28 17 4 9 12 1 20 32 3 8 32 13 7 3 14 5 19 10 24 30 24 25 13 1 
17 28 8 16 37 5 14 18 34 37 18 7 31 20 13 8 14 38 3 22 8 4 7 9 6 30 
18 36 38 17 21 25 24 17 7 24 14 12 6 5 1 15 26 24 6 3 1 2 25 43 2 26 
19 28 1 2 1 38 40 22 31 25 26 4 27 9 14 27 2 13 23 4 5 46 22 16 10 
20 12 11 2 27 10 7 16 39 2 37 27 28 17 34 37 36 6 24 2 12 1 12 
21 32 23 4 18 10 22 31 15 6 35 8 35 6 41 12 9 27 5 9 14 27 15 
22 22 22 47 9 35 10 7 5 21 19 3 9 25 3 15 42 17 41 19 3 12 14 
23 1 8 11 21 2 10 1 10 40 28 11 9 7 12 19 5 2 6 14 39 25 
24 13 27 11 1 1 33 3 5 18 31 2 18 1 37 18 25 20 16 25 16 
25 30 3 33 29 18 4 19 13 22 10 26 24 4 7 24 23 4 14 16 18 
26 8 43 3 31 9 39 9 9 3 13 33 19 9 13 18 39 25 42 6 18 
27 24 20 1 11 20 10 11 19 1 19 30 29 8 21 13 14 21 33 
28 17 11 1 16 19 23 30 32 45 20 13 8 2 10 30 45 2 12 
29 7 25 2 6 42 13 12 27 15 5 3 13 3 
30 25 28 43 35 10 27 3 3 28 16 6 12 17 
31 26 35 40 1 21 24 4 19 42 17 15 3 
32 21 4 35 13 16 4 28 2 16 15 11 
33 25 24 26 1 11 39 3 10 6 15 27 
34 41 1 17 14 4 36 9 20 35 6 5 
35 22 38 31 32 2 30 21 21 34 14 10 
36 18 11 34 37 4 9 11 20 7 12 
37 17 45 17 20 36 20 24 13 13 11 
38 18 35 9 19 5 11 3 2 17 
39 3 26 1 20 14 33 26 23 9 
40 4 31 23 19 11 15 6 1 
41 34 11 2 1 21 22 1 
42 29 31 44 22 26 13 8 
43 26 30 15 7 18 
44 2 15 1 42 
45 37 28 15 28 
46 2 5 19 
47 22 
