40
39 38 37 34 33 32 31 30 27 27 26 26 25 24 23 23 23 22 20 19 17 16 15 14 13 13 11 11 11 10 8 7 7 5 5 5 4 4 3 2 0 
1 40 38 36 32 30 28 26 24 20 19 17 16 14 12 10 9 8 6 3 2 
2 40 38 36 32 30 28 26 24 20 19 17 16 14 12 10 9 8 6 3 1 
3 40 38 36 32 30 28 26 24 20 19 17 16 14 12 10 9 8 6 1 2 
4 40 38 36 32 30 28 26 24 20 19 17 16 14 12 10 9 8 6 
5 40 38 36 32 30 28 26 24 20 19 17 16 14 12 10 9 8 6 
6 40 38 36 32 30 28 26 24 20 19 17 16 14 12 10 9 8 1 2 3 4 5 
7 40 38 36 32 30 28 26 24 20 19 17 16 14 12 10 9 8 
8 40 38 36 32 30 28 26 24 20 19 17 16 14 12 10 9 1 2 3 4 5 6 7 
9 40 38 36 32 30 28 26 24 20 19 17 16 14 12 10 1 2 3 4 5 6 7 8 
10 40 38 36 32 30 28 26 24 20 19 17 16 14 12 1 2 3 4 5 6 7 8 9 
11 40 38 36 32 30 28 26 24 20 19 17 16 14 12 
12 40 38 36 32 30 28 26 24 20 19 17 16 14 1 2 3 4 5 6 7 8 9 10 11 
13 40 38 36 32 30 28 26 24 20 19 17 16 14 
14 40 38 36 32 30 28 26 24 20 19 17 16 1 2 3 4 5 6 7 8 9 10 11 12 13 
15 40 38 36 32 30 28 26 24 20 19 17 16 
16 40 38 36 32 30 28 26 24 20 19 17 1 2 3 4 5 6 7 8 9 10 11 12 13 14 15 
17 40 38 36 32 30 28 26 24 20 19 1 2 3 4 5 6 7 8 9 10 11 12 13 14 15 16 
18 40 38 36 32 30 28 26 24 20 19 
19 40 38 36 32 30 28 26 24 20 1 2 3 4 5 6 7 8 9 10 11 12 13 14 15 16 17 18 
20 40 38 36 32 30 28 26 24 1 2 3 4 5 6 7 8 9 10 11 12 13 14 15 16 17 18 19 
21 40 38 36 32 30 28 26 24 
22 40 38 36 32 30 28 26 24 
23 40 38 36 32 30 28 26 24 
24 40 38 36 32 30 28 26 1 2 3 4 5 6 7 8 9 10 11 12 13 14 15 16 17 18 19 20 21 22 23 
25 40 38 36 32 30 28 26 
26 40 38 36 32 30 28 1 2 3 4 5 6 7 8 9 10 11 12 13 14 15 16 17 18 19 20 21 22 23 24 25 
27 40 38 36 32 30 28 
28 40 38 36 32 30 1 2 3 4 5 6 7 8 9 10 11 12 13 14 15 16 17 18 19 20 21 22 23 24 25 26 27 
29 40 38 36 32 30 
30 40 38 36 32 1 2 3 4 5 6 7 8 9 10 11 12 13 14 15 16 17 18 19 20 21 22 23 24 25 26 27 28 29 
31 40 38 36 32 
32 40 38 36 1 2 3 4 5 6 7 8 9 10 11 12 13 14 15 16 17 18 19 20 21 22 23 24 25 26 27 28 29 30 31 
33 40 38 36 
34 40 38 36 
35 40 38 36 
36 40 38 1 2 3 4 5 6 7 8 9 10 11 12 13 14 15 16 17 18 19 20 21 22 23 24 25 26 27 28 29 30 31 32 33 34 35 
37 40 38 
38 40 1 2 3 4 5 6 7 8 9 10 11 12 13 14 15 16 17 18 19 20 21 22 23 24 25 26 27 28 29 30 31 32 33 34 35 36 37 
39 40 
40 1 2 3 4 5 6 7 8 9 10 11 12 13 14 15 16 17 18 19 20 21 22 23 24 25 26 27 28 29 30 31 32 33 34 35 36 37 38 39 
