44
43 42 40 39 38 37 34 33 32 31 29 28 27 27 26 26 26 23 23 21 20 20 17 16 16 16 15 13 13 11 11 10 10 10 10 8 8 7 6 4 3 2 2 1 
1 6 4 14 11 5 17 18 22 17 38 3 35 5 11 26 6 6 33 23 35 5 7 21 7 24 19 16 2 2 32 23 19 4 14 20 14 15 14 3 21 22 11 37 
2 28 4 31 28 4 23 6 6 16 8 15 5 11 34 16 11 7 30 13 1 1 6 16 9 13 5 13 36 12 36 34 29 9 16 2 2 22 8 36 21 23 8 
3 14 9 9 7 3 3 30 6 13 1 35 16 7 4 25 6 10 13 12 37 6 5 36 26 38 8 12 24 21 11 28 22 29 39 4 8 12 1 36 14 
4 11 2 1 17 2 17 23 41 3 5 19 7 17 34 32 7 12 10 11 21 24 5 33 14 14 1 13 25 8 19 12 8 15 20 4 4 23 12 3 
5 8 1 14 1 6 4 7 12 2 10 19 28 1 3 7 26 17 4 2 10 18 14 10 43 31 13 11 10 25 16 20 20 15 34 10 18 24 17 
6 1 12 8 3 25 35 22 2 33 2 1 5 1 9 12 35 3 10 28 3 31 10 13 18 24 2 10 20 31 17 33 28 7 14 13 32 26 
7 15 30 26 3 23 11 26 3 27 26 14 5 4 16 4 21 1 1 2 17 18 26 5 9 17 25 39 8 16 19 6 9 12 16 
8 24 15 18 18 5 28 10 16 6 8 8 2 19 29 35 11 13 13 9 3 4 20 4 7 29 16 3 15 43 25 2 18 2 
9 3 39 20 26 3 40 22 6 44 25 35 19 36 14 29 26 13 15 7 8 18 28 17 30 2 10 25 10 14 2 21 7 
10 27 8 18 21 16 14 19 5 3 6 4 20 14 6 10 10 6 33 27 9 5 22 9 5 23 5 12 13 11 5 11 
11 4 1 17 32 15 16 7 1 38 18 15 2 2 38 4 8 41 22 32 25 3 5 29 29 32 10 12 1 10 
12 19 6 27 17 32 5 6 4 13 3 21 33 12 12 29 3 31 2 4 21 23 17 10 14 4 3 11 7 
13 15 3 30 16 16 42 12 3 27 2 14 8 9 6 8 34 2 2 4 5 17 20 10 18 26 6 21 
14 3 1 5 23 15 7 10 26 26 9 10 31 13 39 4 38 4 1 5 1 9 12 1 6 21 3 18 
15 7 8 24 11 34 13 30 30 33 14 11 2 21 19 22 27 9 27 20 29 26 1 4 21 5 8 
16 8 25 18 11 10 3 13 13 21 2 7 2 1 23 21 2 19 37 38 7 27 5 8 2 7 36 
17 28 11 1 4 12 1 19 4 32 23 4 20 28 7 27 21 28 7 5 9 6 12 13 20 21 5 
18 19 8 8 1 16 10 11 37 7 21 6 9 41 23 5 18 18 26 13 19 5 14 8 
19 18 12 17 27 30 4 9 10 5 8 15 27 1 20 19 19 16 30 1 4 7 18 37 
20 22 20 20 9 22 23 17 27 10 29 19 6 15 1 8 24 4 17 13 5 5 
21 10 16 15 34 7 1 12 18 4 17 16 3 12 15 17 9 14 1 13 2 
22 20 29 1 30 20 6 9 22 22 31 15 40 11 10 32 3 2 23 1 31 
23 7 2 14 36 20 4 17 1 16 18 1 12 10 4 22 29 2 
24 8 15 31 26 34 37 1 4 6 37 3 35 35 20 28 5 
25 16 6 33 9 3 31 4 11 7 9 5 39 8 40 38 40 
26 7 9 1 7 7 14 24 14 7 9 5 3 15 18 13 6 
27 10 12 19 7 35 33 19 15 20 13 17 15 10 16 29 
28 2 17 8 2 34 5 17 6 17 9 3 24 6 
29 22 9 20 8 12 15 3 11 11 8 2 27 23 
30 7 22 3 15 15 13 19 39 2 9 19 
31 2 24 37 25 22 14 6 6 12 5 22 
32 11 17 12 4 11 1 22 11 34 6 
33 42 15 6 25 1 27 10 4 12 6 
34 15 28 21 2 4 24 13 32 2 5 
35 1 6 3 9 1 27 6 8 24 24 
36 23 9 3 2 2 3 2 16 
37 31 18 3 24 16 24 19 1 
38 1 11 11 3 14 16 25 
39 9 30 14 7 3 25 
40 9 22 25 25 
41 4 11 18 
42 33 13 
43 5 8 
44 9 
