98
97 96 90 89 89 82 81 80 80 80 79 79 79 76 76 75 72 72 72 71 70 68 66 66 65 64 64 63 63 62 61 60 59 58 58 55 53 52 50 50 50 48 48 46 46 46 44 44 44 44 43 42 41 40 40 39 38 37 35 34 34 34 34 33 33 31 30 30 30 29 29 29 26 25 25 25 24 22 22 21 20 19 19 17 16 15 14 12 11 11 9 7 6 5 4 4 3 3 2 
1 2 3 5 4 6 7 10 9 8 13 12 11 15 14 16 19 18 17 20 21 22 24 23 25 27 26 29 28 30 31 32 33 35 34 36 37 38 41 40 39 43 42 46 45 44 50 49 48 47 51 52 53 55 54 56 57 58 59 63 62 61 60 65 64 66 69 68 67 72 71 70 73 76 75 74 77 79 78 80 81 83 82 84 85 86 87 88 90 89 91 92 93 94 96 95 98 97 
2 1 
3 1 
4 1 
5 1 
6 1 
7 1 
8 1 
9 1 
10 1 
11 1 
12 1 
13 1 
14 1 
15 1 
16 1 
17 1 
18 1 
19 1 
20 1 
21 1 
22 1 
23 1 
24 1 
25 1 
26 1 
27 1 
28 1 
29 1 
30 1 
31 1 
32 1 
33 1 
34 1 
35 1 
36 1 
37 1 
38 1 
39 1 
40 1 
41 1 
42 1 
43 1 
44 1 
45 1 
46 1 
47 1 
48 1 
49 1 
50 1 
51 1 
52 1 
53 1 
54 1 
55 1 
56 1 
57 1 
58 1 
59 1 
60 1 
61 1 
62 1 
63 1 
64 1 
65 1 
66 1 
67 1 
68 1 
69 1 
70 1 
71 1 
72 1 
73 1 
74 1 
75 1 
76 1 
77 1 
78 1 
79 1 
80 1 
81 1 
82 1 
83 1 
84 1 
85 1 
86 1 
87 1 
88 1 
89 1 
90 1 
91 1 
92 1 
93 1 
94 1 
95 1 
96 1 
97 1 
98 1 
