30
26 25 23 23 23 23 22 22 21 20 20 19 18 16 12 11 10 10 10 9 9 9 8 8 7 7 4 2 2 1 
1 3 4 9 11 4 4 1 1 6 19 9 17 17 13 5 25 3 8 25 10 13 7 2 5 8 25 
2 3 19 5 22 22 18 13 25 7 2 2 2 2 5 15 13 13 28 11 17 19 14 10 1 6 
3 1 2 24 6 9 9 10 5 6 26 8 1 15 4 9 11 26 11 4 8 12 7 21 
4 1 1 1 26 7 10 5 19 18 18 14 3 12 5 8 3 8 21 10 11 6 10 9 
5 2 16 15 5 5 9 14 3 16 12 2 4 1 14 5 5 4 13 7 17 24 1 12 
6 6 6 15 10 9 3 1 7 9 25 14 8 3 7 21 14 13 20 10 15 19 4 2 
7 18 6 11 9 9 9 4 8 22 2 18 6 23 12 24 20 1 13 5 3 21 24 
8 20 24 15 23 7 6 14 11 16 3 13 20 1 4 4 3 15 10 16 20 1 19 
9 1 6 21 22 3 7 1 7 7 6 11 3 5 23 12 3 14 11 18 19 4 
10 6 12 14 3 4 13 15 1 19 6 11 8 2 16 13 4 13 14 27 4 
11 23 1 21 7 9 12 18 17 8 3 2 14 3 13 10 9 17 4 15 14 
12 13 16 10 16 11 29 5 22 9 24 27 7 25 4 23 3 16 26 5 
13 12 2 26 10 17 1 6 14 8 2 2 1 11 5 7 10 10 16 
14 10 15 6 5 8 6 30 5 13 4 11 9 2 10 11 19 
15 6 17 5 8 14 10 2 3 8 6 11 24 
16 12 5 12 20 5 17 8 8 10 12 13 
17 15 1 1 13 16 11 2 11 5 22 
18 7 2 11 23 20 7 25 4 4 9 
19 2 1 4 20 10 2 6 8 9 14 
20 8 16 18 19 8 6 7 8 21 
21 9 11 6 26 7 4 3 23 20 
22 27 2 9 2 7 12 24 17 29 
23 11 8 18 26 7 9 12 21 
24 3 8 12 7 22 5 7 15 
25 6 2 18 1 12 1 1 
26 4 13 3 23 21 3 12 
27 22 12 28 10 
28 2 27 
29 12 22 
30 14 
