19
18 18 16 14 14 12 10 9 9 9 9 8 7 7 6 4 3 3 2 0 
1 19 18 15 12 11 8 5 3 3 2 2 2 2 
2 19 18 15 12 11 8 5 3 3 1 1 1 1 
3 19 18 15 12 11 8 5 1 2 1 2 
4 19 18 15 12 11 8 5 
5 19 18 15 12 11 8 1 2 3 4 
6 19 18 15 12 11 8 
7 19 18 15 12 11 8 
8 19 18 15 12 11 1 2 3 4 5 6 7 
9 19 18 15 12 11 
10 19 18 15 12 11 
11 19 18 15 12 1 2 3 4 5 6 7 8 9 10 
12 19 18 15 1 2 3 4 5 6 7 8 9 10 11 
13 19 18 15 
14 19 18 15 
15 19 18 1 2 3 4 5 6 7 8 9 10 11 12 13 14 
16 19 18 
17 19 18 
18 19 1 2 3 4 5 6 7 8 9 10 11 12 13 14 15 16 17 
19 1 2 3 4 5 6 7 8 9 10 11 12 13 14 15 16 17 18 
