96
95 94 93 92 91 90 89 89 87 85 83 82 81 80 78 76 76 76 76 75 74 73 72 71 68 66 61 60 59 59 58 58 57 56 55 54 52 51 51 50 50 47 46 46 46 45 45 45 45 42 41 40 40 39 37 36 35 35 35 34 32 32 30 30 29 29 28 28 26 26 26 26 25 24 23 23 23 22 22 21 19 17 17 17 15 13 12 12 10 9 6 6 6 5 4 3 0 
1 2 3 4 5 6 8 7 9 10 11 12 13 14 15 19 18 17 16 20 21 22 23 24 25 26 27 28 30 29 32 31 33 34 35 36 37 39 38 41 40 42 45 44 43 49 48 47 46 50 51 53 52 54 55 56 59 58 57 60 62 61 64 63 66 65 68 67 72 71 70 69 73 74 77 76 75 79 78 80 81 84 83 82 85 86 88 87 89 90 93 92 91 94 95 96 
2 1 
3 1 
4 1 
5 1 
6 1 
7 1 
8 1 
9 1 
10 1 
11 1 
12 1 
13 1 
14 1 
15 1 
16 1 
17 1 
18 1 
19 1 
20 1 
21 1 
22 1 
23 1 
24 1 
25 1 
26 1 
27 1 
28 1 
29 1 
30 1 
31 1 
32 1 
33 1 
34 1 
35 1 
36 1 
37 1 
38 1 
39 1 
40 1 
41 1 
42 1 
43 1 
44 1 
45 1 
46 1 
47 1 
48 1 
49 1 
50 1 
51 1 
52 1 
53 1 
54 1 
55 1 
56 1 
57 1 
58 1 
59 1 
60 1 
61 1 
62 1 
63 1 
64 1 
65 1 
66 1 
67 1 
68 1 
69 1 
70 1 
71 1 
72 1 
73 1 
74 1 
75 1 
76 1 
77 1 
78 1 
79 1 
80 1 
81 1 
82 1 
83 1 
84 1 
85 1 
86 1 
87 1 
88 1 
89 1 
90 1 
91 1 
92 1 
93 1 
94 1 
95 1 
96 1 
