73
67 66 66 66 66 63 63 62 61 57 57 56 52 50 50 48 48 47 46 46 45 44 40 39 39 37 37 37 36 35 35 35 34 34 33 32 32 32 30 30 29 27 26 26 26 25 25 25 23 23 23 22 20 19 18 17 17 16 16 16 15 13 11 11 11 8 7 4 3 2 1 1 1 0 
1 8 26 62 20 1 1 7 59 27 4 16 26 3 1 1 55 36 32 42 26 41 5 28 4 51 14 30 14 8 37 32 4 50 29 40 63 38 27 6 30 17 29 45 17 5 68 18 22 34 21 21 3 44 34 8 10 16 65 10 12 4 12 58 12 13 37 34 
2 7 57 25 53 42 7 51 27 16 2 2 34 4 35 11 64 16 51 26 38 51 24 40 34 71 6 12 51 12 43 10 20 63 32 65 5 24 6 20 51 6 57 62 3 14 34 34 26 19 11 9 19 29 8 9 11 51 32 40 30 34 18 38 7 41 13 
3 36 12 14 49 41 31 46 16 8 1 38 8 16 59 15 15 24 10 11 65 4 61 4 34 12 12 44 32 14 15 69 10 31 14 57 63 8 12 38 58 21 22 36 22 32 48 26 14 34 2 35 15 1 11 58 6 66 15 4 6 15 15 13 13 10 16 
4 17 73 35 15 1 54 38 4 4 11 27 33 24 11 11 18 9 21 59 3 29 48 3 39 2 18 1 12 25 35 9 59 1 11 40 28 35 45 15 25 61 24 12 49 12 7 36 13 10 59 18 36 6 29 8 8 23 48 35 17 3 1 24 48 11 9 
5 42 18 28 19 40 7 33 20 32 33 41 5 5 44 5 5 65 16 46 26 48 10 9 56 41 24 20 1 36 54 44 41 44 7 27 47 18 46 19 1 2 33 64 13 42 51 26 15 34 69 12 48 67 21 7 19 59 44 11 55 12 22 34 21 28 9 
6 48 58 27 15 58 20 20 36 37 13 61 50 31 15 21 41 48 8 66 7 7 13 47 23 14 45 57 2 28 1 16 33 49 27 12 37 38 52 14 36 25 59 22 25 2 25 30 36 22 2 11 8 4 3 56 48 28 9 3 35 13 16 10 
7 2 28 38 1 5 31 23 54 2 33 17 10 20 61 6 6 21 29 26 66 5 40 27 36 51 14 57 29 18 50 19 39 45 32 30 36 12 45 33 43 33 4 21 24 58 9 14 7 7 47 13 51 64 24 5 49 20 23 24 61 22 43 2 
8 1 21 9 39 9 20 3 36 3 33 61 24 25 44 46 60 19 18 6 28 28 15 1 53 51 43 32 20 15 17 3 18 13 35 35 35 36 20 53 52 12 61 39 20 53 44 15 30 36 17 6 1 2 4 4 23 27 51 54 22 11 37 
9 33 26 8 8 47 64 31 14 26 11 10 38 45 28 17 34 4 53 56 39 21 33 5 19 45 10 15 14 27 49 37 25 65 29 4 48 20 22 52 62 12 46 14 10 28 56 7 26 44 2 20 2 11 34 20 31 6 46 20 4 5 
10 47 49 22 16 28 40 9 24 56 53 3 5 7 9 29 29 23 19 52 37 25 40 3 13 49 35 45 32 39 45 20 2 55 31 13 33 9 4 21 16 1 21 11 42 62 60 38 1 24 35 54 16 14 3 6 60 52 
11 19 19 20 33 21 9 4 18 32 4 26 4 21 3 2 32 31 34 63 34 24 47 43 21 65 4 30 13 14 12 35 47 19 39 28 62 41 48 28 18 29 43 6 15 2 3 49 50 24 9 2 10 5 19 8 20 4 
12 3 16 36 37 17 39 45 28 39 3 4 14 32 3 23 19 25 36 44 53 35 64 2 13 3 2 6 11 9 25 7 37 4 22 8 4 60 41 14 37 36 23 21 5 5 13 17 1 1 44 15 1 27 14 42 46 
13 15 63 18 22 23 6 44 14 28 52 13 13 46 46 51 6 20 24 10 63 33 48 11 19 8 12 51 30 16 19 10 45 5 18 4 18 35 7 26 17 47 35 12 3 55 22 24 1 6 14 2 3 
14 63 3 22 29 49 9 14 14 24 17 13 18 36 52 9 1 12 1 31 3 27 6 20 7 19 25 3 18 30 20 47 65 11 22 6 9 3 34 12 34 7 2 26 19 20 45 12 13 10 57 
15 13 27 41 6 47 4 29 55 63 19 6 3 55 3 24 16 9 8 56 16 3 33 8 4 46 38 49 43 21 5 21 27 8 3 11 38 55 35 22 46 50 3 23 56 3 3 70 12 32 44 
16 12 10 1 24 3 62 50 3 39 47 26 5 21 2 34 51 15 54 39 27 42 2 15 22 20 45 17 6 20 21 13 25 60 20 10 1 23 48 22 30 16 16 10 6 22 3 32 33 
17 4 41 55 53 12 23 39 56 31 46 14 28 9 33 7 41 62 31 47 23 43 18 18 39 30 50 16 8 1 21 37 1 60 20 40 37 36 27 46 50 13 8 33 23 23 24 4 12 
18 44 57 5 28 13 31 31 30 67 11 58 32 49 14 4 23 48 34 8 4 43 17 17 55 14 7 53 8 5 23 28 1 13 11 49 13 30 4 19 22 61 38 2 37 32 65 47 
19 11 11 39 5 48 35 15 56 50 56 8 26 53 9 20 30 10 12 37 14 28 21 13 7 5 44 13 11 39 26 34 2 25 14 2 18 50 53 5 26 11 29 50 44 57 39 
20 11 1 24 8 6 6 5 27 52 52 7 19 5 41 24 13 14 31 8 23 38 54 27 9 16 10 14 16 2 8 17 53 8 2 16 9 35 7 14 28 9 51 45 11 25 9 
21 37 32 8 41 28 35 42 11 32 4 6 9 30 11 16 28 30 30 7 50 25 11 19 17 16 33 3 41 28 34 24 7 15 15 1 1 10 12 31 5 10 5 55 29 47 
22 54 10 14 35 13 37 50 23 32 42 33 25 25 16 50 54 9 41 14 49 3 29 6 3 53 12 1 29 31 26 33 6 64 18 15 37 5 7 16 55 8 13 26 16 
23 52 17 13 7 56 68 18 22 24 47 10 12 59 17 6 26 20 43 33 34 24 18 59 42 54 27 12 43 17 47 8 4 36 17 7 43 41 15 44 16 
24 32 20 16 14 8 10 4 3 23 15 62 5 30 48 20 42 11 13 35 2 27 41 23 2 4 55 21 7 55 42 7 11 17 7 10 35 4 13 43 
25 2 59 37 27 8 27 34 40 52 38 9 26 21 4 12 22 10 22 33 54 39 41 14 27 4 26 12 6 33 16 6 58 6 36 43 31 19 36 20 
26 1 9 43 52 62 63 1 9 29 16 11 47 5 1 19 26 26 7 25 2 23 29 34 25 22 3 5 19 9 2 13 14 29 62 19 34 22 
27 15 37 6 60 52 1 20 25 54 25 4 48 2 61 58 16 9 7 14 24 20 50 41 5 1 43 6 52 25 17 15 23 68 8 41 57 12 
28 5 18 7 21 10 39 44 49 17 13 40 9 12 21 60 1 8 8 19 4 6 18 67 11 21 9 11 48 31 54 30 33 51 20 6 5 42 
29 37 30 14 15 58 42 69 26 4 66 10 10 42 7 9 26 42 7 1 32 1 22 22 67 11 41 32 26 35 2 4 61 38 57 21 19 
30 38 29 31 18 36 40 21 21 59 50 35 19 21 24 33 1 37 17 11 14 1 7 13 39 39 60 6 18 8 28 61 34 2 16 51 
31 18 9 30 3 18 35 7 17 6 60 17 11 14 44 61 33 3 20 33 10 22 31 31 40 25 31 31 45 28 21 52 61 9 42 50 
32 24 53 21 40 39 5 53 21 32 32 11 18 49 1 22 11 12 3 1 8 37 10 29 38 33 7 2 3 29 33 2 41 18 15 16 
33 9 5 11 8 5 4 57 17 7 9 22 45 30 31 25 31 13 23 15 6 32 21 52 25 5 7 10 22 7 46 32 17 28 16 
34 25 9 16 2 46 18 44 3 11 45 11 2 23 26 57 45 14 21 3 1 14 59 36 19 5 2 2 1 9 30 2 5 26 1 
35 4 52 22 21 19 31 30 2 60 43 4 24 12 10 4 8 8 8 11 67 37 62 3 13 29 15 13 20 40 4 24 10 6 
36 3 43 12 44 6 39 8 30 55 14 1 38 5 41 7 12 7 6 8 3 46 25 17 6 4 34 12 8 4 23 51 25 
37 21 27 29 12 25 6 56 22 62 1 9 10 30 19 32 17 6 40 50 12 55 60 35 17 12 52 22 42 18 40 1 8 
38 53 30 41 7 3 4 9 43 56 39 36 25 50 2 20 45 1 32 54 63 15 6 3 59 56 67 15 57 10 29 18 2 
39 46 19 8 36 12 28 32 17 16 38 9 12 4 16 45 50 17 25 10 48 7 46 39 39 30 30 19 11 8 19 
40 5 32 10 30 28 45 57 25 56 7 45 10 2 4 1 37 42 46 44 17 57 31 43 53 42 35 2 61 49 37 
41 17 50 21 38 15 55 3 5 6 17 1 47 5 20 5 36 52 25 27 24 22 21 11 12 29 32 23 27 2 
42 53 5 21 2 29 1 22 29 16 24 52 43 54 29 47 49 40 64 5 23 24 40 10 37 31 12 28 
43 36 26 47 38 42 35 18 11 17 8 49 43 43 23 27 2 15 7 25 40 11 23 23 7 53 24 
44 18 45 36 13 28 8 5 46 34 5 5 3 31 12 51 46 19 40 8 9 1 5 23 12 15 19 
45 44 48 9 12 9 33 40 39 67 34 40 49 6 38 16 10 10 4 1 7 34 7 13 31 14 20 
46 39 60 3 17 8 5 13 13 34 44 64 44 15 5 39 40 9 36 17 33 65 51 15 9 12 
47 10 57 15 9 43 16 70 26 23 41 17 6 11 51 42 5 14 11 7 64 23 13 56 21 18 
48 6 19 65 66 45 27 6 5 18 4 24 9 13 39 3 11 28 5 6 4 16 60 4 48 48 
49 49 49 10 64 3 14 28 32 18 9 45 10 43 42 6 55 22 15 4 18 11 7 40 
50 41 16 6 22 19 62 30 39 63 21 38 22 1 27 17 7 37 17 11 19 15 31 19 
51 58 2 13 16 1 2 8 47 7 2 44 2 13 2 5 7 46 2 28 8 20 36 30 
52 23 59 26 27 35 13 20 20 14 25 42 10 41 9 27 33 6 8 55 37 31 10 
53 38 42 32 17 2 32 10 9 19 8 72 12 18 22 8 20 8 40 19 43 
54 22 4 27 7 58 16 5 42 58 25 20 66 22 38 68 23 28 8 10 
55 17 41 15 1 36 15 18 49 10 37 24 24 52 15 5 22 13 21 
56 17 37 19 38 23 10 19 9 5 40 61 15 38 9 6 15 47 
57 2 47 18 33 40 6 7 3 34 60 40 2 38 29 27 14 19 
58 6 6 29 51 18 54 27 64 54 65 3 25 7 3 66 1 
59 52 25 1 3 4 30 23 4 6 38 23 4 34 59 59 5 
60 46 27 66 8 28 31 35 57 17 16 30 37 12 10 48 10 
61 8 6 3 27 7 56 31 4 8 18 30 31 29 7 40 
62 1 26 16 50 17 24 37 9 11 35 2 26 10 
63 13 14 26 15 11 50 13 1 3 2 38 
64 49 9 2 58 12 46 42 5 22 47 7 
65 48 5 3 9 11 58 14 2 46 1 18 
66 60 48 29 6 7 54 3 58 
67 18 45 35 28 29 38 5 
68 23 1 54 27 
69 29 3 5 
70 47 15 
71 2 
72 53 
73 4 
