52
50 49 48 47 47 46 45 45 43 42 42 42 41 40 38 36 36 36 34 33 33 33 32 31 29 27 26 26 25 24 23 23 22 21 21 19 18 16 14 13 13 13 13 12 12 11 10 6 5 4 3 3 2 1 
1 2 3 5 4 6 8 7 9 12 11 10 13 14 15 18 17 16 19 22 21 20 23 24 25 26 28 27 29 30 32 31 33 35 34 36 37 38 39 43 42 41 40 45 44 46 47 48 49 50 52 
2 1 
3 1 
4 1 
5 1 
6 1 
7 1 
8 1 
9 1 
10 1 
11 1 
12 1 
13 1 
14 1 
15 1 
16 1 
17 1 
18 1 
19 1 
20 1 
21 1 
22 1 
23 1 
24 1 
25 1 
26 1 
27 1 
28 1 
29 1 
30 1 
31 1 
32 1 
33 1 
34 1 
35 1 
36 1 
37 1 
38 1 
39 1 
40 1 
41 1 
42 1 
43 1 
44 1 
45 1 
46 1 
47 1 
48 1 
49 1 
50 1 
52 1 
