59
58 57 57 54 54 51 49 48 48 44 44 44 43 41 39 39 38 37 35 34 34 33 32 32 31 30 30 28 27 27 26 26 25 25 24 22 20 20 20 20 19 18 16 16 16 15 15 12 12 10 10 9 9 6 6 6 4 3 2 
1 7 2 11 10 28 5 21 12 19 24 20 32 3 36 7 31 18 4 5 51 8 18 56 22 37 4 23 9 3 10 47 50 32 13 16 7 3 11 42 9 18 26 7 37 27 7 3 14 11 33 47 52 8 11 34 4 45 5 
2 55 5 12 1 39 32 6 29 30 5 28 3 13 28 38 5 24 43 21 46 14 2 2 36 42 47 5 8 34 32 16 19 20 29 29 5 14 21 47 31 18 19 17 20 39 17 12 25 18 9 22 25 26 5 14 38 9 
3 24 30 21 7 22 43 33 18 39 5 17 6 5 8 1 31 8 28 2 7 46 7 18 12 7 15 45 28 25 1 5 3 3 28 3 3 5 45 58 15 1 4 17 1 5 39 9 20 29 45 9 44 14 26 12 25 25 
4 5 27 11 22 24 47 31 23 7 31 16 39 1 27 29 49 10 12 28 12 11 23 1 35 6 36 26 11 45 50 15 29 37 6 41 14 28 20 24 21 27 19 31 3 32 24 54 20 10 12 5 9 20 1 
5 4 2 19 24 18 1 6 43 3 14 3 2 37 41 15 39 57 16 2 18 1 37 33 13 2 19 3 34 2 27 6 3 28 12 33 46 15 33 25 30 33 5 5 3 50 6 48 4 22 24 50 2 12 1 
6 39 13 13 25 5 24 36 2 33 3 18 12 7 6 6 27 15 8 14 44 31 13 40 11 13 7 8 8 35 4 9 12 29 54 4 5 21 7 26 12 29 18 23 55 45 5 30 27 17 48 15 
7 1 45 28 3 8 31 4 53 19 6 23 1 18 13 10 54 10 3 13 3 51 34 7 7 3 6 47 18 11 29 14 11 6 1 35 51 14 1 1 10 12 19 23 31 50 17 25 19 22 
8 28 48 49 20 43 7 10 13 3 39 19 20 26 16 3 6 11 30 43 24 33 26 1 6 6 22 48 25 38 2 41 40 18 9 23 11 34 14 24 23 23 1 19 37 15 44 36 20 
9 14 30 23 30 19 39 15 16 43 11 31 15 21 20 11 41 53 27 15 52 1 6 15 20 22 26 38 15 16 1 15 13 15 14 24 8 9 9 3 13 15 3 26 2 4 16 48 2 
10 1 38 14 29 8 17 25 7 7 16 27 22 17 40 4 30 44 59 23 38 1 42 13 28 27 27 58 33 12 18 35 22 7 52 38 36 30 14 11 4 10 10 16 18 
11 44 1 45 4 47 9 23 24 26 36 31 44 8 9 6 18 14 4 36 4 12 7 41 7 38 51 49 1 21 33 27 47 15 8 1 35 10 13 16 51 1 20 18 21 
12 43 2 13 1 19 6 46 18 13 45 14 34 3 34 58 4 4 6 11 17 51 30 19 5 22 17 6 10 14 7 20 49 2 15 40 46 26 32 4 13 3 5 26 45 
13 12 22 29 6 6 21 30 13 13 45 56 8 48 7 2 12 6 7 35 13 13 26 6 31 35 5 18 10 42 1 24 29 9 56 16 20 32 35 9 24 54 11 12 
14 9 53 10 5 6 40 49 21 12 25 18 11 42 23 21 2 19 37 7 16 2 4 23 53 47 41 29 7 19 12 9 1 47 8 10 31 3 34 2 46 42 
15 17 52 26 41 9 5 31 18 6 9 37 33 9 25 3 48 30 41 27 9 4 19 39 35 33 9 25 3 5 9 9 52 11 9 12 22 6 43 8 
16 20 22 40 25 9 34 30 23 23 4 8 30 35 27 23 5 10 24 27 22 2 41 26 14 17 42 1 19 9 13 34 40 28 11 45 10 43 9 29 
17 15 33 25 26 3 51 20 10 17 17 20 44 36 10 33 25 21 47 31 12 16 12 21 23 48 2 3 27 19 2 40 6 28 7 26 45 27 19 
18 39 30 5 56 3 20 6 53 15 23 26 7 35 1 12 5 42 3 20 11 1 14 13 7 49 8 24 1 2 46 10 6 2 43 10 25 11 
19 5 38 9 1 12 24 42 41 7 8 33 33 21 14 5 2 40 15 46 12 16 23 14 4 2 48 52 17 7 46 42 31 8 7 17 
20 16 22 8 49 30 18 17 38 1 43 51 8 21 9 17 18 37 29 32 2 9 31 23 4 2 13 12 28 3 4 21 4 11 8 
21 3 35 13 34 1 22 57 9 20 26 26 45 14 31 2 14 19 17 34 37 6 39 22 33 2 17 11 4 41 28 51 31 20 11 
22 16 20 40 13 3 29 24 4 21 59 35 30 36 10 16 23 1 25 8 42 25 9 21 12 51 10 34 26 15 2 5 27 7 
23 9 37 41 4 11 43 16 16 7 18 24 16 29 29 22 31 14 4 10 1 29 14 20 40 17 40 19 6 8 8 7 8 
24 3 5 35 22 6 4 19 1 34 11 23 26 8 16 2 27 34 27 32 4 18 13 9 40 4 8 13 42 28 26 30 5 
25 35 17 6 16 10 35 14 15 22 17 8 3 25 25 22 40 30 15 42 5 36 43 2 2 7 3 3 18 25 25 29 
26 38 17 15 48 8 11 18 24 21 21 29 8 36 13 55 32 4 16 9 6 1 22 12 9 24 3 2 17 44 12 
27 4 41 53 34 6 38 28 16 30 10 4 16 38 9 15 37 24 10 5 10 39 24 34 4 11 1 17 6 22 17 
28 8 57 7 1 2 49 27 3 2 29 36 4 3 47 10 44 3 5 4 34 36 21 53 30 20 17 16 24 
29 39 13 22 2 10 32 46 28 26 23 4 23 20 2 7 4 2 6 41 23 50 14 13 6 3 16 25 
30 9 3 18 35 13 9 20 2 16 33 16 27 8 22 10 41 35 15 25 12 32 39 5 28 10 6 24 
31 7 35 4 9 15 4 3 11 1 36 6 37 21 43 13 23 17 20 52 2 4 21 45 7 14 19 
32 2 38 49 29 1 34 32 32 56 55 26 20 1 2 47 30 44 42 39 24 48 4 13 12 36 40 
33 17 46 3 43 6 41 37 19 30 8 19 15 5 17 35 15 5 21 10 11 5 55 5 1 36 
34 21 50 16 24 27 45 35 42 32 42 12 7 12 21 2 5 24 27 28 16 38 8 22 14 1 
35 25 36 21 30 24 31 22 34 16 18 13 25 13 30 6 4 33 15 42 7 10 13 11 36 
36 35 6 1 49 11 31 28 43 22 17 26 37 2 11 4 28 10 25 35 33 32 8 
37 23 38 5 33 38 15 31 5 36 47 20 1 46 14 21 27 4 55 1 8 
38 19 26 10 41 37 32 20 37 27 53 2 27 10 8 11 9 44 10 34 2 
39 6 29 18 2 40 9 3 8 5 4 49 52 15 27 44 21 32 30 2 3 
40 22 16 39 44 41 14 56 6 10 8 19 25 48 23 23 24 17 16 12 32 
41 38 15 27 23 33 19 5 40 9 30 15 8 11 16 29 4 14 42 21 
42 19 34 18 34 14 2 22 10 13 32 35 16 25 1 41 19 24 14 
43 12 8 3 33 5 9 20 23 8 36 31 2 25 15 18 16 
44 11 40 11 6 17 10 50 53 28 39 32 38 46 3 26 8 
45 11 7 13 34 21 12 3 4 3 6 31 3 16 17 1 12 
46 47 52 33 29 12 3 2 37 19 5 18 44 19 12 14 
47 46 11 4 37 7 2 28 17 1 32 14 2 11 14 1 
48 8 26 13 15 8 40 32 17 19 5 6 9 
49 8 20 32 28 36 14 57 39 4 18 11 12 
50 34 50 50 44 1 4 29 5 7 5 
51 17 20 1 7 12 11 22 7 21 11 
52 15 46 9 39 31 15 19 10 1 
53 14 27 7 18 38 9 44 14 28 
54 54 54 7 6 4 13 
55 2 26 32 37 6 33 
56 18 13 40 1 32 13 
57 28 21 5 49 
58 12 10 3 
59 22 10 
