40
39 38 37 34 33 32 31 30 27 27 26 26 25 24 23 23 23 22 20 19 17 16 15 14 13 13 11 11 11 10 8 7 7 5 5 5 4 4 3 2 0 
1 40 39 38 37 36 35 34 33 32 31 30 29 28 27 26 25 24 23 22 21 20 19 18 17 16 15 14 13 12 11 10 9 8 7 6 5 4 3 2 
2 39 38 37 36 35 34 33 32 31 30 29 28 27 26 25 24 23 22 21 20 19 18 17 16 15 14 13 12 11 10 9 8 7 6 5 4 3 1 
3 38 37 36 35 34 33 32 31 30 29 28 27 26 25 24 23 22 21 20 19 18 17 16 15 14 13 12 11 10 9 8 7 6 5 4 1 2 
4 35 34 33 32 31 30 29 28 28 26 25 24 23 22 21 20 19 18 17 16 15 14 13 12 11 10 9 8 7 6 5 2 3 1 
5 34 33 32 31 30 29 28 27 26 25 24 23 22 21 20 19 18 17 16 15 14 13 12 11 10 9 8 7 6 3 4 2 1 
6 37 32 31 30 29 28 27 26 25 24 23 22 21 20 19 18 17 16 15 14 13 12 11 10 9 8 7 1 5 2 3 4 
7 39 36 30 29 28 27 26 25 24 23 22 21 20 19 18 17 16 15 14 13 12 11 10 9 8 3 1 4 5 6 2 
8 32 30 29 28 27 27 26 24 23 22 21 20 19 18 17 16 15 14 13 12 11 10 9 5 1 6 7 3 4 2 
9 29 27 26 25 24 23 22 21 20 19 18 17 16 15 14 13 12 11 10 7 6 1 5 2 3 4 8 
10 31 27 26 25 24 23 22 21 20 19 18 17 16 15 14 13 12 11 5 4 9 8 3 1 2 6 7 
11 33 28 28 27 26 25 25 20 19 18 17 16 15 14 13 12 9 1 3 8 2 5 6 4 10 7 
12 30 26 25 24 23 22 21 20 19 18 17 16 15 14 13 7 10 6 3 4 1 2 11 5 9 8 
13 36 29 24 23 22 21 20 19 18 17 16 15 14 2 8 1 4 10 9 7 3 5 6 11 12 
14 40 24 23 22 21 20 19 18 17 16 15 13 6 4 8 5 3 1 7 11 2 10 12 9 
15 24 23 22 21 20 19 18 17 16 5 2 4 13 6 8 10 11 7 12 14 3 1 9 
16 33 30 26 21 20 19 18 17 1 15 6 11 9 13 5 14 3 2 7 12 8 4 10 
17 25 23 22 21 20 19 18 4 2 16 5 3 11 12 13 10 1 15 7 9 6 14 8 
18 38 29 22 20 19 16 5 7 3 10 11 8 1 9 6 12 2 17 13 4 14 15 
19 21 20 10 1 9 14 18 15 7 12 11 16 8 2 4 13 17 5 6 3 
20 12 19 1 3 5 6 8 7 4 11 18 17 2 10 9 16 13 15 14 
21 7 6 15 17 8 2 14 9 1 4 5 19 13 10 3 16 12 
22 18 7 8 10 1 14 3 4 2 9 13 5 15 17 6 12 
23 2 4 15 3 10 6 9 17 7 14 5 8 1 13 12 
24 5 10 8 9 15 12 4 13 1 14 3 7 6 2 
25 17 4 5 6 11 11 10 7 1 3 12 9 2 
26 9 12 11 2 8 10 16 6 3 7 5 4 1 
27 1 11 8 8 9 7 2 6 5 3 10 
28 2 4 11 11 4 3 7 1 6 5 8 
29 8 9 18 5 13 4 3 7 1 2 6 
30 12 6 4 16 2 8 3 1 7 5 
31 35 5 10 3 2 6 1 4 
32 8 6 3 2 1 4 5 
33 16 11 2 5 3 1 4 
34 5 1 3 2 4 
35 3 1 31 2 4 
36 7 13 2 3 1 
37 6 1 3 2 
38 18 3 2 1 
39 7 1 2 
40 14 1 
