45
44 43 41 39 35 35 33 32 31 31 31 31 28 28 28 27 26 24 23 20 20 20 19 17 15 15 14 14 13 12 11 10 10 10 9 9 9 7 7 4 3 3 2 2 1 
1 22 22 20 29 5 33 16 19 2 4 27 11 14 17 23 3 39 19 4 36 23 23 16 35 37 4 2 2 24 20 14 31 26 23 11 10 33 26 8 13 5 2 36 21 
2 15 38 19 1 12 3 25 15 36 13 16 12 6 20 12 9 19 33 16 1 1 5 11 4 4 7 8 22 3 11 8 4 25 20 19 21 22 16 22 6 31 1 21 
3 29 12 9 9 16 32 40 16 7 2 32 25 15 35 20 1 13 34 12 7 23 16 13 14 11 25 18 2 8 4 20 6 7 12 3 3 25 17 9 18 25 
4 22 22 19 6 10 5 10 16 1 18 29 16 9 1 17 1 6 2 37 8 2 35 13 7 16 2 3 27 5 26 38 15 33 37 13 8 15 5 8 
5 38 19 1 7 4 17 11 21 27 9 13 5 5 11 12 24 2 22 12 32 11 12 8 13 4 29 13 29 13 8 1 9 14 21 4 
6 13 33 4 8 15 42 10 16 23 2 20 15 7 4 7 11 8 30 10 7 9 3 21 26 12 25 20 11 35 13 33 7 19 2 39 
7 5 32 19 8 3 26 9 12 9 6 35 3 18 24 17 2 6 10 31 17 7 7 4 6 21 16 3 28 14 37 6 24 9 
8 11 12 22 31 6 7 31 14 9 21 12 15 11 4 2 6 3 2 5 1 23 19 8 8 17 5 38 4 18 33 4 38 
9 3 12 3 30 7 5 8 14 4 40 9 9 2 16 7 22 14 20 10 9 9 6 10 15 34 5 3 17 19 13 7 
10 4 4 26 30 18 23 6 11 37 28 10 10 11 45 24 29 28 19 15 7 1 9 15 6 9 13 14 11 18 24 17 
11 8 36 14 5 1 10 5 10 38 19 26 34 2 8 3 15 30 6 17 29 5 12 1 2 29 28 6 31 36 10 17 
12 3 8 9 17 2 15 34 22 7 30 30 2 17 2 5 8 18 3 5 14 20 11 5 15 6 43 27 3 23 25 14 
13 6 29 14 24 2 5 19 3 15 3 28 4 37 14 27 5 5 28 6 18 16 18 1 5 10 4 9 39 
14 11 13 8 14 14 23 31 9 1 22 16 37 9 3 12 1 18 32 35 13 24 42 7 19 10 12 5 21 
15 2 17 24 12 6 26 3 21 2 15 15 41 13 23 6 8 11 10 21 16 10 12 9 19 4 42 4 17 
16 20 3 1 4 35 3 6 4 2 40 34 9 14 1 27 2 32 3 4 15 33 7 27 24 13 2 37 
17 15 39 5 21 12 40 27 39 1 21 18 12 39 4 7 44 11 41 7 26 8 3 9 15 10 11 
18 28 26 10 4 24 17 32 24 12 7 14 25 36 3 18 18 22 13 13 10 3 8 30 32 
19 4 5 2 34 7 1 21 13 1 2 21 11 10 22 32 15 2 8 19 19 14 6 9 
20 1 16 30 26 3 33 2 6 30 1 12 9 25 23 33 3 2 6 29 23 
21 38 17 5 15 8 34 19 17 19 34 15 7 6 2 27 23 5 14 1 2 
22 4 4 1 1 8 26 12 14 28 9 5 23 19 36 2 18 2 22 22 2 
23 10 14 6 24 1 1 1 15 3 22 34 1 20 27 8 12 24 21 20 
24 15 13 18 31 23 5 18 10 1 7 44 29 14 16 23 7 10 
25 28 2 3 28 27 30 3 18 20 28 2 6 3 12 3 
26 18 10 22 7 15 20 11 1 39 27 17 1 6 4 43 
27 1 17 5 35 16 25 30 26 13 4 16 23 12 21 
28 25 18 31 36 22 10 25 10 13 37 11 25 7 13 
29 3 1 13 4 34 10 11 11 24 5 5 20 31 
30 20 10 9 12 12 20 25 11 27 6 31 18 
31 8 8 28 14 24 1 7 30 11 29 2 
32 7 3 3 18 16 5 14 19 36 18 
33 6 1 20 2 16 20 1 4 6 8 
34 19 12 21 16 3 29 11 21 23 9 
35 16 3 27 1 7 41 4 14 6 
36 11 2 28 1 18 22 32 11 1 
37 10 14 1 4 28 13 4 7 16 
38 5 2 21 11 4 8 8 
39 17 17 1 17 26 13 6 
40 3 17 16 9 
41 15 35 17 
42 6 15 14 
43 12 26 
44 17 24 
45 10 
