63
62 61 59 57 56 56 55 54 53 53 52 52 51 51 51 49 48 47 47 46 45 43 42 42 42 42 42 40 39 39 38 37 37 35 35 35 34 34 30 30 30 30 27 25 25 23 23 23 22 21 21 13 13 13 13 11 11 8 7 6 6 2 2 
1 63 61 58 55 53 52 50 48 46 45 43 42 40 39 38 35 33 31 30 28 26 23 21 20 19 18 17 14 12 11 9 7 6 4 4 4 4 4 3 3 3 3 3 3 3 3 2 2 2 2 2 2 2 
2 63 61 58 55 53 52 50 48 46 45 43 42 40 39 38 35 33 31 30 28 26 23 21 20 19 18 17 14 12 11 9 7 6 4 4 4 4 4 3 3 3 3 3 3 3 3 1 1 1 1 1 1 1 
3 63 61 58 55 53 52 50 48 46 45 43 42 40 39 38 35 33 31 30 28 26 23 21 20 19 18 17 14 12 11 9 7 6 4 4 4 4 4 1 2 1 2 1 2 1 2 1 2 1 2 1 2 1 2 
4 63 61 58 55 53 52 50 48 46 45 43 42 40 39 38 35 33 31 30 28 26 23 21 20 19 18 17 14 12 11 9 7 6 1 2 3 1 2 3 1 2 3 1 2 3 1 2 3 
5 63 61 58 55 53 52 50 48 46 45 43 42 40 39 38 35 33 31 30 28 26 23 21 20 19 18 17 14 12 11 9 7 6 
6 63 61 58 55 53 52 50 48 46 45 43 42 40 39 38 35 33 31 30 28 26 23 21 20 19 18 17 14 12 11 9 7 1 2 3 4 5 
7 63 61 58 55 53 52 50 48 46 45 43 42 40 39 38 35 33 31 30 28 26 23 21 20 19 18 17 14 12 11 9 1 2 3 4 5 6 
8 63 61 58 55 53 52 50 48 46 45 43 42 40 39 38 35 33 31 30 28 26 23 21 20 19 18 17 14 12 11 9 
9 63 61 58 55 53 52 50 48 46 45 43 42 40 39 38 35 33 31 30 28 26 23 21 20 19 18 17 14 12 11 1 2 3 4 5 6 7 8 
10 63 61 58 55 53 52 50 48 46 45 43 42 40 39 38 35 33 31 30 28 26 23 21 20 19 18 17 14 12 11 
11 63 61 58 55 53 52 50 48 46 45 43 42 40 39 38 35 33 31 30 28 26 23 21 20 19 18 17 14 12 1 2 3 4 5 6 7 8 9 10 
12 63 61 58 55 53 52 50 48 46 45 43 42 40 39 38 35 33 31 30 28 26 23 21 20 19 18 17 14 1 2 3 4 5 6 7 8 9 10 11 
13 63 61 58 55 53 52 50 48 46 45 43 42 40 39 38 35 33 31 30 28 26 23 21 20 19 18 17 14 
14 63 61 58 55 53 52 50 48 46 45 43 42 40 39 38 35 33 31 30 28 26 23 21 20 19 18 17 1 2 3 4 5 6 7 8 9 10 11 12 13 
15 63 61 58 55 53 52 50 48 46 45 43 42 40 39 38 35 33 31 30 28 26 23 21 20 19 18 17 
16 63 61 58 55 53 52 50 48 46 45 43 42 40 39 38 35 33 31 30 28 26 23 21 20 19 18 17 
17 63 61 58 55 53 52 50 48 46 45 43 42 40 39 38 35 33 31 30 28 26 23 21 20 19 18 1 2 3 4 5 6 7 8 9 10 11 12 13 14 15 16 
18 63 61 58 55 53 52 50 48 46 45 43 42 40 39 38 35 33 31 30 28 26 23 21 20 19 1 2 3 4 5 6 7 8 9 10 11 12 13 14 15 16 17 
19 63 61 58 55 53 52 50 48 46 45 43 42 40 39 38 35 33 31 30 28 26 23 21 20 1 2 3 4 5 6 7 8 9 10 11 12 13 14 15 16 17 18 
20 63 61 58 55 53 52 50 48 46 45 43 42 40 39 38 35 33 31 30 28 26 23 21 1 2 3 4 5 6 7 8 9 10 11 12 13 14 15 16 17 18 19 
21 63 61 58 55 53 52 50 48 46 45 43 42 40 39 38 35 33 31 30 28 26 23 1 2 3 4 5 6 7 8 9 10 11 12 13 14 15 16 17 18 19 20 
22 63 61 58 55 53 52 50 48 46 45 43 42 40 39 38 35 33 31 30 28 26 23 
23 63 61 58 55 53 52 50 48 46 45 43 42 40 39 38 35 33 31 30 28 26 1 2 3 4 5 6 7 8 9 10 11 12 13 14 15 16 17 18 19 20 21 22 
24 63 61 58 55 53 52 50 48 46 45 43 42 40 39 38 35 33 31 30 28 26 
25 63 61 58 55 53 52 50 48 46 45 43 42 40 39 38 35 33 31 30 28 26 
26 63 61 58 55 53 52 50 48 46 45 43 42 40 39 38 35 33 31 30 28 1 2 3 4 5 6 7 8 9 10 11 12 13 14 15 16 17 18 19 20 21 22 23 24 25 
27 63 61 58 55 53 52 50 48 46 45 43 42 40 39 38 35 33 31 30 28 
28 63 61 58 55 53 52 50 48 46 45 43 42 40 39 38 35 33 31 30 1 2 3 4 5 6 7 8 9 10 11 12 13 14 15 16 17 18 19 20 21 22 23 24 25 26 27 
29 63 61 58 55 53 52 50 48 46 45 43 42 40 39 38 35 33 31 30 
30 63 61 58 55 53 52 50 48 46 45 43 42 40 39 38 35 33 31 1 2 3 4 5 6 7 8 9 10 11 12 13 14 15 16 17 18 19 20 21 22 23 24 25 26 27 28 29 
31 63 61 58 55 53 52 50 48 46 45 43 42 40 39 38 35 33 1 2 3 4 5 6 7 8 9 10 11 12 13 14 15 16 17 18 19 20 21 22 23 24 25 26 27 28 29 30 
32 63 61 58 55 53 52 50 48 46 45 43 42 40 39 38 35 33 
33 63 61 58 55 53 52 50 48 46 45 43 42 40 39 38 35 1 2 3 4 5 6 7 8 9 10 11 12 13 14 15 16 17 18 19 20 21 22 23 24 25 26 27 28 29 30 31 32 
34 63 61 58 55 53 52 50 48 46 45 43 42 40 39 38 35 
35 63 61 58 55 53 52 50 48 46 45 43 42 40 39 38 1 2 3 4 5 6 7 8 9 10 11 12 13 14 15 16 17 18 19 20 21 22 23 24 25 26 27 28 29 30 31 32 33 34 
36 63 61 58 55 53 52 50 48 46 45 43 42 40 39 38 
37 63 61 58 55 53 52 50 48 46 45 43 42 40 39 38 
38 63 61 58 55 53 52 50 48 46 45 43 42 40 39 1 2 3 4 5 6 7 8 9 10 11 12 13 14 15 16 17 18 19 20 21 22 23 24 25 26 27 28 29 30 31 32 33 34 35 36 37 
39 63 61 58 55 53 52 50 48 46 45 43 42 40 1 2 3 4 5 6 7 8 9 10 11 12 13 14 15 16 17 18 19 20 21 22 23 24 25 26 27 28 29 30 31 32 33 34 35 36 37 38 
40 63 61 58 55 53 52 50 48 46 45 43 42 1 2 3 4 5 6 7 8 9 10 11 12 13 14 15 16 17 18 19 20 21 22 23 24 25 26 27 28 29 30 31 32 33 34 35 36 37 38 39 
41 63 61 58 55 53 52 50 48 46 45 43 42 
42 63 61 58 55 53 52 50 48 46 45 43 1 2 3 4 5 6 7 8 9 10 11 12 13 14 15 16 17 18 19 20 21 22 23 24 25 26 27 28 29 30 31 32 33 34 35 36 37 38 39 40 41 
43 63 61 58 55 53 52 50 48 46 45 1 2 3 4 5 6 7 8 9 10 11 12 13 14 15 16 17 18 19 20 21 22 23 24 25 26 27 28 29 30 31 32 33 34 35 36 37 38 39 40 41 42 
44 63 61 58 55 53 52 50 48 46 45 
45 63 61 58 55 53 52 50 48 46 1 2 3 4 5 6 7 8 9 10 11 12 13 14 15 16 17 18 19 20 21 22 23 24 25 26 27 28 29 30 31 32 33 34 35 36 37 38 39 40 41 42 43 44 
46 63 61 58 55 53 52 50 48 1 2 3 4 5 6 7 8 9 10 11 12 13 14 15 16 17 18 19 20 21 22 23 24 25 26 27 28 29 30 31 32 33 34 35 36 37 38 39 40 41 42 43 44 45 
47 63 61 58 55 53 52 50 48 
48 63 61 58 55 53 52 50 1 2 3 4 5 6 7 8 9 10 11 12 13 14 15 16 17 18 19 20 21 22 23 24 25 26 27 28 29 30 31 32 33 34 35 36 37 38 39 40 41 42 43 44 45 46 47 
49 63 61 58 55 53 52 50 
50 63 61 58 55 53 52 1 2 3 4 5 6 7 8 9 10 11 12 13 14 15 16 17 18 19 20 21 22 23 24 25 26 27 28 29 30 31 32 33 34 35 36 37 38 39 40 41 42 43 44 45 46 47 48 49 
51 63 61 58 55 53 52 
52 63 61 58 55 53 1 2 3 4 5 6 7 8 9 10 11 12 13 14 15 16 17 18 19 20 21 22 23 24 25 26 27 28 29 30 31 32 33 34 35 36 37 38 39 40 41 42 43 44 45 46 47 48 49 50 51 
53 63 61 58 55 1 2 3 4 5 6 7 8 9 10 11 12 13 14 15 16 17 18 19 20 21 22 23 24 25 26 27 28 29 30 31 32 33 34 35 36 37 38 39 40 41 42 43 44 45 46 47 48 49 50 51 52 
54 63 61 58 55 
55 63 61 58 1 2 3 4 5 6 7 8 9 10 11 12 13 14 15 16 17 18 19 20 21 22 23 24 25 26 27 28 29 30 31 32 33 34 35 36 37 38 39 40 41 42 43 44 45 46 47 48 49 50 51 52 53 54 
56 63 61 58 
57 63 61 58 
58 63 61 1 2 3 4 5 6 7 8 9 10 11 12 13 14 15 16 17 18 19 20 21 22 23 24 25 26 27 28 29 30 31 32 33 34 35 36 37 38 39 40 41 42 43 44 45 46 47 48 49 50 51 52 53 54 55 56 57 
59 63 61 
60 63 61 
61 63 1 2 3 4 5 6 7 8 9 10 11 12 13 14 15 16 17 18 19 20 21 22 23 24 25 26 27 28 29 30 31 32 33 34 35 36 37 38 39 40 41 42 43 44 45 46 47 48 49 50 51 52 53 54 55 56 57 58 59 60 
62 63 
63 1 2 3 4 5 6 7 8 9 10 11 12 13 14 15 16 17 18 19 20 21 22 23 24 25 26 27 28 29 30 31 32 33 34 35 36 37 38 39 40 41 42 43 44 45 46 47 48 49 50 51 52 53 54 55 56 57 58 59 60 61 62 
