54
52 51 49 47 45 43 43 42 41 41 36 36 35 34 34 31 30 29 27 27 25 25 24 24 24 22 21 20 20 19 18 18 18 17 17 15 15 13 12 12 9 9 8 7 7 7 7 7 5 4 4 3 2 1 
1 22 18 3 12 4 15 6 38 23 14 8 47 2 10 23 3 26 13 8 7 2 20 3 32 24 20 3 15 4 7 19 7 19 6 9 23 1 1 14 11 7 17 11 8 5 44 1 1 14 15 18 9 
2 45 12 21 48 39 11 52 5 1 10 26 22 11 1 9 10 21 15 4 30 28 10 2 2 5 5 21 25 5 31 5 8 28 20 2 2 14 41 10 15 42 24 33 18 23 11 8 9 14 12 32 
3 18 9 15 36 7 1 26 8 34 8 16 17 24 1 39 19 8 6 13 9 21 38 5 1 16 1 47 20 18 9 8 25 4 25 12 22 13 21 16 4 13 5 4 16 51 21 13 5 7 
4 23 48 32 1 14 28 41 44 15 31 23 48 10 18 8 32 39 40 2 10 1 3 24 24 12 12 20 38 29 12 3 10 27 18 17 3 28 29 5 19 31 7 9 10 11 4 4 
5 30 15 39 7 2 23 6 40 14 17 13 35 7 3 14 13 29 36 13 14 15 2 30 2 18 2 26 32 2 39 24 22 26 33 1 3 16 49 4 39 29 6 24 3 46 
6 37 31 1 15 26 5 32 11 3 15 11 7 19 24 18 13 16 22 13 43 15 19 7 21 30 18 1 19 44 33 24 45 12 13 46 15 34 16 19 5 13 33 19 
7 25 51 34 3 18 16 5 18 7 7 33 14 38 36 1 30 15 5 15 23 28 20 6 1 1 6 28 11 17 10 47 1 9 33 25 16 16 17 20 4 34 27 3 
8 3 29 27 3 1 13 9 34 29 17 4 37 1 22 3 14 16 42 32 32 30 24 3 13 8 8 26 2 16 23 47 14 1 28 2 49 21 12 10 31 8 8 
9 3 11 18 29 11 13 18 43 15 36 10 50 8 20 41 10 3 35 11 2 52 17 36 3 29 21 1 16 30 44 22 46 7 15 38 14 37 4 43 2 1 
10 29 37 34 21 30 9 24 40 22 4 1 17 21 2 16 15 9 31 25 2 46 15 4 2 50 47 23 28 7 13 2 11 4 44 49 17 41 4 37 8 17 
11 9 9 27 47 2 48 22 6 40 2 20 9 6 33 17 38 12 7 25 16 1 1 10 21 31 53 38 2 39 37 31 4 24 22 44 18 
12 1 2 17 12 12 34 33 12 12 21 22 22 20 29 38 18 13 12 12 32 4 4 3 11 13 14 4 6 30 35 12 12 14 23 8 2 
13 17 40 26 9 37 36 8 31 29 1 39 5 3 31 25 40 20 5 12 5 6 6 8 25 19 3 12 10 27 35 6 3 3 39 6 
14 22 4 28 19 15 1 21 30 7 34 5 8 30 5 5 29 23 27 19 2 1 12 16 21 8 31 9 1 21 12 29 27 2 21 
15 5 3 35 1 9 4 14 6 39 10 7 6 7 18 2 10 1 5 28 6 30 36 20 2 25 24 9 6 35 26 1 31 26 27 
16 27 7 29 3 19 19 10 26 34 8 3 6 22 40 17 8 17 40 9 14 3 11 53 7 7 5 3 6 36 26 32 
17 13 18 12 26 3 10 8 5 32 28 45 9 19 31 11 22 33 16 16 7 1 23 37 19 25 4 7 10 24 10 
18 3 42 1 17 7 9 9 7 19 4 18 18 15 26 12 3 6 19 5 33 20 6 18 18 4 2 1 28 11 
19 46 14 16 16 18 3 24 23 17 20 6 18 1 6 27 1 13 6 14 45 32 23 17 6 4 43 6 
20 34 22 30 23 33 9 27 12 1 11 7 1 42 13 34 3 19 33 18 38 2 4 15 45 25 27 7 
21 33 10 2 14 33 24 26 10 12 48 3 2 2 6 25 9 3 14 11 26 14 3 8 23 14 
22 1 14 20 43 33 11 10 12 12 38 2 8 27 31 17 6 16 31 50 3 9 5 49 30 11 
23 4 45 27 30 1 20 4 5 1 45 19 7 48 14 36 10 1 8 24 19 17 2 12 21 
24 49 10 21 3 19 1 28 32 8 36 6 4 4 5 34 23 6 2 15 25 17 5 11 29 
25 41 34 7 35 10 13 52 3 42 13 2 42 3 21 11 31 15 34 7 24 20 17 36 36 
26 13 3 37 17 6 21 2 1 16 41 18 8 5 29 5 40 21 32 15 16 42 15 
27 16 11 23 8 36 42 20 22 35 35 14 19 33 13 4 37 20 7 14 38 15 
28 14 44 4 41 17 7 31 24 2 15 7 2 10 35 40 29 4 8 18 32 
29 10 9 8 16 8 13 12 5 43 14 48 9 26 38 4 28 4 14 5 24 
30 5 10 20 23 14 7 14 8 2 54 5 32 15 6 9 38 12 22 31 
31 6 4 13 10 13 28 22 17 22 2 25 11 14 30 4 11 15 8 
32 4 6 17 4 1 8 8 24 12 30 5 35 19 35 26 28 16 2 
33 21 22 40 21 7 12 20 11 20 18 17 27 6 41 7 5 2 6 
34 51 25 20 7 10 3 12 37 14 8 16 20 24 25 6 37 7 
35 15 25 47 5 9 37 27 27 32 28 13 40 15 12 32 35 35 
36 3 9 27 13 46 7 9 5 24 23 15 46 16 25 25 
37 6 10 51 26 13 34 8 35 43 17 27 9 34 11 10 
38 1 7 22 3 12 11 20 4 30 29 9 11 27 
39 5 2 15 3 13 4 5 39 39 11 13 5 
40 13 33 10 5 11 4 13 16 16 26 28 35 
41 42 25 4 28 9 26 2 33 10 
42 41 18 27 8 20 25 25 2 26 
43 22 9 50 29 6 37 19 9 
44 28 4 6 9 1 10 11 
45 2 23 23 17 19 20 6 
46 19 36 10 9 6 36 5 
47 11 1 35 3 10 8 7 
48 4 2 11 4 21 23 29 
49 24 22 10 5 8 
50 43 9 10 22 
51 34 7 37 3 
52 2 9 25 
53 16 11 
54 30 
