29
28 27 26 25 25 25 25 25 23 23 21 21 20 18 15 15 14 13 12 12 11 11 10 10 9 9 4 4 3 
1 29 28 27 26 25 24 23 22 21 20 19 18 17 16 15 14 13 12 11 10 9 8 7 6 5 4 3 2 
2 28 27 26 25 24 23 22 21 20 20 18 17 16 15 14 13 12 11 10 9 8 7 6 5 4 3 1 
3 27 26 25 24 23 22 21 20 19 18 17 16 15 14 13 12 11 10 9 8 7 6 5 4 2 1 
4 26 25 24 23 22 21 20 19 18 17 16 15 14 13 12 11 10 9 8 7 6 5 2 3 1 
5 26 25 24 23 22 21 20 19 18 17 16 15 14 13 12 11 10 9 8 7 6 4 1 3 2 
6 28 25 24 23 22 21 20 19 18 17 16 15 14 13 12 11 10 9 8 7 4 1 2 3 5 
7 26 25 24 23 22 21 20 19 18 17 16 15 14 13 12 11 10 9 8 1 6 4 2 5 3 
8 28 25 24 23 22 21 20 19 18 17 16 15 14 13 12 11 10 9 2 3 6 5 4 1 7 
9 29 26 22 21 20 19 19 17 16 15 14 13 12 11 10 8 7 4 3 2 1 6 5 
10 27 26 22 21 20 19 18 17 16 15 14 13 12 11 7 3 6 1 8 5 9 4 2 
11 25 23 23 19 18 17 16 15 14 13 12 10 7 5 1 3 4 8 2 6 9 
12 29 26 24 22 18 17 16 15 14 13 11 9 5 4 2 6 3 10 7 1 8 
13 21 20 19 18 17 16 15 14 9 5 7 12 11 4 3 8 2 6 1 10 
14 24 18 17 16 15 5 9 10 7 3 13 1 4 12 2 11 8 6 
15 16 7 6 10 12 11 2 9 3 8 1 5 13 4 14 
16 12 6 11 13 15 2 1 10 5 3 7 14 9 4 8 
17 13 7 5 8 9 4 12 14 2 6 1 10 11 3 
18 4 2 12 8 5 14 1 7 3 10 6 11 13 
19 1 9 6 9 8 11 3 10 7 5 13 4 
20 10 7 3 9 8 2 4 2 5 1 6 13 
21 2 7 4 8 5 1 6 3 13 10 9 
22 5 12 10 6 3 2 8 4 1 9 7 
23 11 11 5 2 8 6 3 1 7 4 
24 12 14 6 2 3 7 5 1 4 8 
25 6 2 4 11 8 7 3 1 5 
26 1 10 9 12 4 7 2 3 5 
27 10 3 2 1 
28 6 8 2 1 
29 9 12 1 
