81
80 79 78 76 76 75 74 74 73 71 67 66 64 62 62 61 60 60 58 57 57 55 54 52 52 51 51 50 49 48 46 43 43 43 41 41 41 41 40 40 39 38 37 35 35 34 34 34 32 32 30 29 29 29 27 27 24 23 22 21 20 19 19 18 18 16 13 12 11 10 10 10 8 8 8 8 8 7 4 3 2 
1 2 3 5 4 6 8 7 9 10 11 12 13 15 14 16 18 17 19 21 20 22 23 25 24 27 26 28 29 30 31 34 33 32 38 37 36 35 40 39 41 42 43 45 44 48 47 46 50 49 51 54 53 52 56 55 57 58 59 60 61 63 62 65 64 66 67 68 69 72 71 70 77 76 75 74 73 78 79 80 81 
2 1 
3 1 
4 1 
5 1 
6 1 
7 1 
8 1 
9 1 
10 1 
11 1 
12 1 
13 1 
14 1 
15 1 
16 1 
17 1 
18 1 
19 1 
20 1 
21 1 
22 1 
23 1 
24 1 
25 1 
26 1 
27 1 
28 1 
29 1 
30 1 
31 1 
32 1 
33 1 
34 1 
35 1 
36 1 
37 1 
38 1 
39 1 
40 1 
41 1 
42 1 
43 1 
44 1 
45 1 
46 1 
47 1 
48 1 
49 1 
50 1 
51 1 
52 1 
53 1 
54 1 
55 1 
56 1 
57 1 
58 1 
59 1 
60 1 
61 1 
62 1 
63 1 
64 1 
65 1 
66 1 
67 1 
68 1 
69 1 
70 1 
71 1 
72 1 
73 1 
74 1 
75 1 
76 1 
77 1 
78 1 
79 1 
80 1 
81 1 
