32
31 29 27 26 26 23 23 23 23 20 19 19 18 17 17 17 16 14 14 12 11 11 10 8 8 8 7 7 4 3 3 2 
1 4 11 21 20 5 17 22 27 2 10 3 9 3 20 25 29 8 1 1 6 18 24 8 14 13 15 4 9 11 2 5 
2 18 11 7 30 8 7 15 1 27 28 7 5 6 24 10 31 4 21 3 27 6 22 13 5 2 2 15 1 13 
3 21 29 1 31 7 11 10 4 1 10 17 28 18 11 4 2 6 18 26 18 17 10 11 22 23 23 16 
4 1 19 13 6 9 14 19 26 27 3 5 5 8 16 28 4 4 2 3 15 12 7 1 19 14 12 
5 23 13 21 22 19 1 32 6 26 4 14 6 2 4 7 8 8 7 7 11 26 7 2 1 17 6 
6 8 24 17 4 16 5 20 8 17 7 14 5 2 17 1 16 8 19 2 3 14 13 5 
7 18 2 2 26 25 3 16 6 2 8 5 10 15 5 19 24 5 12 15 4 5 19 8 
8 6 22 2 8 8 9 6 19 11 7 17 1 4 5 5 6 1 19 13 29 26 7 20 
9 28 16 4 8 19 1 15 10 28 29 21 10 9 9 12 12 28 12 14 15 1 32 14 
10 11 11 1 3 17 9 22 3 2 11 28 7 12 9 22 21 25 3 17 19 
11 1 14 2 17 14 14 10 10 3 18 8 16 10 16 3 5 24 3 1 
12 16 13 17 13 10 20 12 12 13 22 9 9 13 7 4 9 16 15 4 
13 25 4 5 12 20 18 12 24 12 12 1 2 19 6 8 20 2 17 
14 11 22 11 11 4 6 5 27 1 19 6 9 15 20 18 9 4 
15 27 18 2 9 21 15 15 7 4 9 7 1 16 14 2 12 20 
16 12 9 6 7 16 16 11 4 6 11 30 23 12 27 15 3 18 
17 11 6 1 23 18 12 6 22 10 8 3 6 3 10 5 13 
18 7 2 13 17 15 11 21 3 1 21 3 3 14 16 
19 4 5 22 4 9 8 7 6 14 13 8 7 4 10 
20 1 13 6 1 24 12 25 14 13 23 8 15 
21 3 5 1 30 15 18 9 18 2 10 24 
22 14 5 8 19 1 17 10 10 12 2 3 
23 26 5 25 17 25 31 16 3 3 20 
24 6 2 13 20 7 1 11 21 
25 23 13 26 7 1 20 23 10 
26 23 25 7 5 4 5 3 8 
27 15 1 4 2 14 2 16 
28 9 2 9 10 3 4 9 
29 3 1 9 8 
30 2 21 16 
31 3 2 23 
32 5 9 
