21
20 19 18 17 16 16 16 15 15 15 14 12 11 11 9 8 7 5 4 3 3 0 
1 21 19 17 15 13 12 11 9 8 7 5 2 
2 21 19 17 15 13 12 11 9 8 7 5 1 
3 21 19 17 15 13 12 11 9 8 7 5 
4 21 19 17 15 13 12 11 9 8 7 5 
5 21 19 17 15 13 12 11 9 8 7 1 2 3 4 
6 21 19 17 15 13 12 11 9 8 7 
7 21 19 17 15 13 12 11 9 8 1 2 3 4 5 6 
8 21 19 17 15 13 12 11 9 1 2 3 4 5 6 7 
9 21 19 17 15 13 12 11 1 2 3 4 5 6 7 8 
10 21 19 17 15 13 12 11 
11 21 19 17 15 13 12 1 2 3 4 5 6 7 8 9 10 
12 21 19 17 15 13 1 2 3 4 5 6 7 8 9 10 11 
13 21 19 17 15 1 2 3 4 5 6 7 8 9 10 11 12 
14 21 19 17 15 
15 21 19 17 1 2 3 4 5 6 7 8 9 10 11 12 13 14 
16 21 19 17 
17 21 19 1 2 3 4 5 6 7 8 9 10 11 12 13 14 15 16 
18 21 19 
19 21 1 2 3 4 5 6 7 8 9 10 11 12 13 14 15 16 17 18 
20 21 
21 1 2 3 4 5 6 7 8 9 10 11 12 13 14 15 16 17 18 19 20 
