90
88 87 87 86 86 85 84 83 80 79 73 71 71 70 69 69 68 68 68 68 65 61 60 60 60 59 59 58 57 55 55 54 53 52 50 49 47 47 44 41 40 40 40 39 39 39 38 38 37 35 34 34 33 33 32 32 32 31 30 27 27 26 25 24 22 22 22 21 20 20 19 17 16 16 15 15 14 14 10 10 10 10 9 8 8 6 5 2 1 1 0 
1 13 23 26 85 30 39 43 22 22 58 70 12 74 22 17 20 60 23 58 21 37 11 39 23 48 12 66 15 58 26 46 35 32 12 52 72 16 9 59 20 5 75 25 15 58 11 14 7 68 8 47 7 14 16 21 30 30 20 12 44 15 57 29 73 13 19 42 17 51 25 28 2 4 18 28 2 45 9 5 22 24 8 14 46 21 47 28 71 
2 43 38 54 23 33 2 2 65 18 7 8 78 18 42 23 28 78 29 27 21 26 60 59 35 30 32 36 30 80 35 2 2 16 31 26 56 3 14 7 18 9 18 7 4 27 87 17 40 21 71 9 52 65 6 9 2 2 16 39 24 49 45 28 2 2 85 10 18 16 29 1 40 13 31 1 6 38 51 40 24 10 6 28 13 38 28 21 
3 19 46 5 5 37 73 18 50 28 7 10 22 13 10 12 70 44 26 7 76 32 30 22 63 26 50 71 37 40 30 23 29 55 83 10 2 37 22 70 18 56 13 27 10 16 4 5 53 6 37 8 23 73 37 54 37 32 11 38 6 22 25 50 16 8 54 77 41 26 41 40 62 24 37 70 15 69 66 37 14 47 52 4 5 26 14 12 
4 5 47 32 21 30 13 12 41 65 87 6 24 28 16 25 70 5 32 34 17 5 13 50 14 41 76 57 8 5 26 21 11 32 38 30 7 63 2 60 3 74 55 30 8 5 43 22 21 6 5 6 17 27 11 76 10 25 65 63 58 18 37 61 12 11 16 9 35 12 25 50 28 9 50 17 1 28 36 7 65 22 52 3 45 25 6 
5 73 3 4 3 26 15 9 33 73 30 31 61 55 23 21 31 79 4 51 29 4 55 7 35 86 24 37 43 52 16 4 9 26 43 43 26 25 18 76 1 29 44 3 7 4 52 54 45 40 69 18 4 62 14 55 58 29 66 54 9 26 23 20 45 13 33 70 40 76 13 6 71 45 36 1 51 29 55 13 28 51 9 90 3 18 11 
6 64 36 32 62 4 26 6 6 27 61 60 37 21 38 19 14 36 24 36 31 32 68 38 31 53 28 25 52 43 6 6 39 25 3 31 29 50 27 60 56 24 34 62 37 22 57 76 27 2 4 4 28 38 51 30 3 43 19 62 41 22 31 6 6 72 5 17 8 11 39 2 39 27 34 2 35 25 54 70 23 4 12 77 33 18 
7 26 42 47 22 35 82 21 2 13 3 78 25 48 17 45 74 71 3 78 11 48 36 22 12 28 5 62 29 39 73 17 18 27 29 2 2 7 7 4 43 45 46 17 25 5 15 1 64 23 28 1 14 36 47 65 23 8 57 9 25 7 7 34 84 44 76 7 7 13 56 43 43 4 53 69 12 29 9 55 86 13 50 11 32 
8 79 48 67 37 41 30 32 59 2 16 45 65 35 62 48 33 17 14 21 60 4 10 32 20 14 53 55 20 72 12 41 81 4 19 3 17 18 74 1 42 12 29 34 18 25 60 74 14 25 22 7 31 69 27 3 9 66 48 48 11 42 6 9 45 50 29 9 17 51 32 36 11 1 15 27 51 34 19 9 13 23 11 61 
9 30 37 65 5 15 30 53 36 54 25 25 46 11 29 41 17 35 32 10 12 18 33 40 37 19 5 13 1 2 48 43 72 43 66 15 18 14 2 31 2 69 34 14 38 5 11 37 4 25 8 7 18 53 4 13 8 33 85 52 41 47 57 33 12 46 1 8 15 20 24 15 7 19 5 50 49 19 16 8 17 
10 36 46 21 28 38 35 81 16 22 26 33 59 10 10 41 3 3 11 21 9 14 39 63 41 72 8 36 3 16 26 26 20 34 64 29 38 3 22 75 10 10 43 33 45 29 4 20 16 32 47 44 28 21 18 17 23 24 53 48 2 67 43 59 20 35 29 20 31 79 16 68 28 2 49 15 21 54 29 29 
11 43 34 41 25 27 9 33 46 1 7 10 17 19 33 70 16 64 26 11 11 43 75 13 86 11 11 4 23 37 1 32 30 64 39 26 72 4 3 86 24 17 49 9 45 11 11 23 29 29 4 46 26 56 39 23 33 8 32 29 20 47 14 6 26 8 38 5 22 50 66 45 8 7 
12 44 21 1 4 46 40 19 62 47 17 3 17 17 83 7 37 36 1 39 9 20 56 39 62 1 27 13 24 19 23 15 48 14 8 21 64 13 37 8 12 12 50 32 22 1 4 19 4 34 33 24 17 9 53 7 67 23 17 57 39 82 58 26 43 33 6 18 39 37 3 14 
13 27 1 14 37 45 4 24 7 31 3 46 73 22 71 19 23 15 66 4 34 29 15 39 38 24 9 11 54 12 3 44 27 43 55 47 42 44 20 22 35 19 32 36 70 12 29 58 43 5 1 71 14 5 47 9 2 46 7 20 52 44 26 31 34 7 5 26 69 2 8 18 
14 13 53 24 19 46 51 8 31 4 10 80 6 14 14 20 21 52 8 14 14 43 2 16 12 9 61 15 26 1 19 60 1 52 5 7 29 21 16 9 74 61 25 8 27 21 30 63 44 20 45 13 11 18 30 1 42 25 34 3 18 21 38 22 24 3 17 55 42 30 12 
15 5 9 26 31 70 67 22 59 28 65 55 13 29 66 13 20 23 72 1 41 59 67 19 85 62 20 41 17 34 12 23 46 17 40 1 26 77 9 14 7 31 20 59 36 34 37 27 42 29 1 36 33 33 24 31 33 9 72 8 9 45 3 86 10 34 40 17 34 16 
16 79 17 10 17 25 54 27 59 38 16 16 8 34 4 79 45 19 11 62 51 26 5 2 49 10 51 1 40 35 32 14 3 64 51 19 34 40 26 29 10 1 60 19 50 2 14 41 80 55 4 3 52 30 32 2 52 62 27 10 61 29 27 17 34 88 9 15 52 23 
17 43 16 54 16 65 68 58 47 60 1 12 12 7 8 62 25 68 4 11 12 49 9 34 7 40 64 15 57 58 41 28 38 15 21 7 47 2 23 8 22 42 54 4 35 11 75 19 28 10 17 17 1 42 46 4 32 6 24 12 8 20 12 19 16 15 47 14 9 
18 44 32 2 43 3 2 22 36 35 23 24 61 82 36 42 9 7 56 2 3 2 5 30 59 67 9 30 48 8 5 46 8 33 31 54 77 31 64 33 10 4 32 50 67 9 32 2 45 21 35 58 14 1 25 46 35 65 23 14 19 74 5 24 12 35 71 13 6 
19 3 32 20 64 42 12 75 40 28 38 40 54 77 14 13 21 26 66 51 21 33 11 16 48 83 6 42 40 9 15 38 42 60 80 43 51 26 12 39 80 25 30 16 8 69 14 13 30 16 84 20 6 50 17 67 12 1 52 68 59 74 44 9 17 8 18 9 49 
20 61 53 19 57 48 56 1 31 35 47 47 40 83 15 25 12 22 46 14 49 32 8 15 45 10 22 1 32 8 42 64 29 34 27 34 15 21 37 13 30 42 30 10 34 19 28 1 31 44 5 53 14 60 41 22 11 34 10 13 10 9 17 27 22 41 82 21 55 
21 12 10 30 4 7 5 2 1 35 19 49 39 6 32 19 76 10 8 84 46 14 52 4 45 27 17 2 51 12 20 4 38 85 33 14 39 1 73 30 10 33 50 51 14 27 24 18 33 36 38 67 1 68 54 50 67 47 78 14 10 57 33 20 40 2 
22 59 10 7 1 1 37 59 1 56 32 18 28 3 46 13 15 60 43 55 3 7 58 50 37 20 61 56 3 20 30 28 77 10 30 40 31 60 13 56 17 37 4 6 27 39 33 3 12 6 8 75 54 20 26 64 1 4 20 35 14 11 
23 39 1 59 81 27 2 2 56 5 1 32 36 30 32 13 1 18 59 29 15 70 3 50 40 25 12 15 11 24 17 48 3 43 35 7 41 31 29 42 11 49 5 7 10 44 11 55 42 12 60 61 18 31 56 6 71 76 8 57 16 
24 27 14 30 13 49 4 65 42 73 18 29 35 5 6 27 13 39 73 47 12 32 60 45 47 32 54 23 6 24 24 11 33 75 41 45 2 57 10 63 29 21 12 29 29 15 50 17 1 37 33 9 3 2 69 43 55 18 14 30 27 
25 26 16 31 11 9 7 65 9 4 27 17 78 73 52 89 61 20 68 31 59 23 6 5 19 1 6 7 35 28 53 78 38 4 8 68 14 67 8 3 50 48 4 9 72 7 34 33 1 18 51 14 56 6 72 27 40 34 58 4 63 
26 7 1 5 47 25 84 10 15 42 6 3 19 2 3 11 1 27 16 40 4 60 52 5 10 38 2 39 5 19 33 10 36 44 15 14 34 71 16 79 11 40 62 5 11 38 22 52 3 11 78 13 33 52 33 57 79 13 12 3 
27 13 53 24 23 16 28 52 2 11 25 6 81 36 37 70 36 58 24 26 7 12 3 21 2 56 20 29 13 6 32 33 38 35 6 22 54 4 31 67 80 15 14 68 8 58 21 16 73 56 20 51 8 6 16 25 34 51 29 24 
28 10 28 28 3 2 72 22 27 19 4 37 46 83 15 82 7 38 65 40 30 30 33 6 17 43 22 25 48 61 7 40 6 44 63 34 36 10 41 20 17 30 36 2 71 75 4 42 1 4 1 83 60 10 5 71 1 2 2 
29 67 75 63 2 71 87 38 9 5 15 13 24 23 7 3 7 10 5 20 27 6 48 10 16 8 14 5 77 23 13 11 11 15 1 24 24 11 2 24 8 30 83 10 75 58 5 7 16 30 63 53 50 55 27 10 10 87 
30 9 21 1 9 5 4 8 24 70 23 3 2 2 56 3 41 45 28 28 55 46 44 84 22 4 18 22 53 19 4 18 11 20 19 20 6 40 21 42 1 1 72 50 28 35 14 16 38 32 29 14 29 53 24 14 
31 5 25 15 13 50 20 42 5 33 69 74 32 66 14 86 25 6 2 6 53 53 22 6 15 34 9 32 31 31 47 23 18 44 27 56 18 20 72 6 8 31 31 31 31 15 2 44 37 10 79 37 13 23 36 63 
32 19 38 4 58 18 8 6 22 42 36 40 23 61 23 4 3 71 21 62 31 2 9 1 20 6 8 39 4 24 16 75 20 24 11 27 31 13 3 10 59 12 18 18 16 11 17 58 30 8 35 49 35 49 7 
33 48 82 5 2 10 44 8 11 31 19 81 11 9 28 41 40 54 26 34 39 49 27 10 78 41 58 21 18 24 22 18 21 54 5 12 15 15 11 25 54 9 9 62 15 21 24 67 26 35 26 12 21 6 
34 61 57 11 16 4 36 69 36 13 36 81 49 17 39 15 10 33 20 62 20 6 26 31 16 15 68 9 8 28 63 20 49 12 73 7 25 36 49 20 43 59 13 6 39 79 14 27 8 25 16 15 15 
35 10 7 61 46 76 46 8 38 20 18 21 42 2 59 9 2 5 24 1 44 59 16 39 45 25 53 55 23 13 27 17 40 56 59 30 4 36 18 70 10 18 33 22 6 54 43 32 32 18 52 
36 10 68 59 49 9 6 32 23 18 80 67 34 34 27 7 18 45 2 12 34 49 27 6 6 71 10 26 64 15 71 13 37 56 28 7 51 28 15 35 34 4 5 8 41 21 31 84 60 77 
37 9 48 13 3 8 22 28 75 69 1 6 40 27 12 76 22 5 3 9 3 68 55 48 11 3 20 6 22 15 3 12 3 67 36 50 38 4 57 9 44 31 31 24 3 52 3 12 
38 32 10 62 2 56 16 48 47 35 51 19 29 62 6 39 13 28 19 6 26 76 4 17 10 57 27 21 6 25 3 37 80 9 74 51 65 30 73 26 57 2 21 57 47 11 14 2 
39 23 47 1 21 1 12 38 10 13 7 12 24 34 32 26 19 35 33 50 6 44 11 39 39 59 50 21 22 2 47 50 11 50 78 52 6 6 54 34 12 42 55 45 12 
40 12 68 56 52 19 32 19 37 20 60 3 9 65 26 19 17 23 28 33 16 15 22 2 49 66 5 16 28 35 26 30 5 74 2 3 54 2 25 15 55 21 
41 57 8 61 4 11 10 48 9 4 10 15 30 33 15 17 44 42 8 69 33 23 16 28 24 6 76 51 20 45 3 83 52 43 3 9 77 36 48 85 20 
42 7 19 44 2 32 26 31 24 35 85 18 19 85 19 49 20 41 56 13 17 57 8 20 47 23 30 15 42 42 64 56 1 69 17 28 23 8 14 39 14 
43 17 2 11 1 18 53 22 47 46 11 53 5 5 19 14 5 28 7 6 9 68 9 10 13 46 4 23 6 58 13 61 10 41 7 7 34 35 24 12 63 
44 12 69 18 42 55 33 3 65 69 35 65 30 26 13 5 41 39 66 55 13 28 31 10 1 20 14 23 47 65 37 7 70 31 53 13 51 81 19 53 
45 75 13 62 8 7 16 36 69 51 30 21 60 87 20 7 24 35 10 5 56 11 24 2 5 14 18 41 5 1 8 62 58 15 57 39 4 68 53 11 
46 10 3 51 35 12 46 46 35 57 67 22 9 13 28 11 14 1 43 20 21 30 53 70 15 7 43 18 56 11 69 17 70 13 9 18 1 57 70 69 
47 7 39 26 4 17 38 12 58 66 20 20 57 43 62 71 24 54 24 17 13 1 31 10 42 7 39 59 44 13 11 55 9 49 38 1 21 3 17 
48 33 8 37 20 82 48 48 66 38 7 41 8 61 7 49 1 19 80 56 9 12 37 53 64 18 28 50 77 23 29 53 84 25 10 8 8 41 54 
49 36 24 21 48 72 17 36 34 20 16 63 78 42 33 82 72 40 56 52 11 67 59 34 69 23 2 63 34 61 47 10 62 9 32 51 32 19 
50 3 31 4 22 52 3 23 56 39 63 6 48 16 84 37 39 12 19 30 21 39 3 25 18 39 4 4 24 8 63 21 7 9 29 11 
51 46 38 5 14 61 19 16 45 16 19 51 51 16 21 59 53 6 36 38 21 41 1 8 5 27 2 25 44 56 8 5 81 27 49 
52 27 40 25 50 82 5 1 26 14 21 6 67 5 2 14 49 64 16 77 19 26 61 16 41 39 9 13 4 37 26 3 66 35 16 
53 20 27 14 55 9 43 43 6 8 31 31 46 30 48 3 35 51 25 64 80 48 20 10 9 62 60 12 7 44 30 29 45 44 
54 17 2 16 9 19 64 13 33 47 24 5 3 17 27 18 5 54 54 33 22 3 69 33 55 75 40 39 48 21 35 6 10 74 
55 53 44 5 15 22 5 78 3 30 37 8 4 13 35 44 5 71 57 16 78 23 47 54 7 5 67 39 24 40 29 14 20 
56 38 22 20 40 23 78 30 12 50 18 22 2 48 3 27 42 6 49 22 45 35 36 31 46 11 42 7 27 51 25 23 61 
57 61 41 34 20 59 46 47 4 17 38 66 6 42 57 57 55 70 37 65 1 7 24 38 9 38 12 77 46 45 26 21 23 
58 1 32 59 17 47 1 22 27 1 61 17 60 1 33 5 4 60 62 13 43 82 27 18 32 63 29 45 66 12 73 25 
59 23 36 22 58 16 22 10 57 8 15 2 23 35 15 25 35 1 18 51 15 61 39 32 49 35 47 10 19 34 75 
60 17 1 22 6 2 40 8 26 19 45 24 58 83 4 68 22 6 14 16 58 8 64 20 53 23 28 36 
61 57 20 34 35 5 41 66 48 32 6 51 18 25 22 58 14 28 59 14 4 43 52 49 16 23 8 56 
62 38 12 45 8 6 38 17 32 16 7 47 12 15 34 6 5 6 26 58 88 53 16 33 3 45 49 
63 74 29 3 10 64 49 74 4 50 74 65 28 34 4 14 24 76 49 58 50 29 43 72 25 31 
64 6 19 70 11 79 54 77 63 17 10 36 16 20 48 11 7 53 68 12 18 42 60 52 22 
65 9 17 2 4 8 25 24 15 44 40 28 44 2 63 4 7 38 57 44 4 18 66 
66 48 61 47 19 13 15 31 1 68 9 44 40 57 5 81 8 67 58 3 65 52 11 
67 29 8 46 15 36 15 52 68 18 37 27 49 25 19 18 10 66 12 33 21 55 21 
68 36 17 40 17 25 6 66 37 67 43 60 1 64 34 81 25 27 19 21 10 45 
69 44 37 31 34 45 44 41 19 5 9 49 8 42 46 54 7 3 24 13 46 
70 1 64 15 30 3 4 11 27 23 3 46 13 57 5 35 46 44 3 6 46 
71 29 13 7 32 3 36 47 2 26 36 55 73 28 13 5 28 23 1 18 
72 28 49 15 10 1 9 8 49 11 74 30 31 25 6 15 25 63 
73 5 5 3 13 25 24 7 24 3 21 71 1 34 38 27 58 
74 63 1 7 31 63 4 8 63 72 14 38 8 40 19 18 54 
75 45 29 19 37 11 32 1 10 24 17 22 28 54 29 59 
76 35 77 3 21 37 4 38 5 6 4 41 5 63 7 23 
77 76 19 64 22 15 48 29 18 52 3 41 57 6 36 
78 2 7 2 7 25 56 55 49 25 33 55 39 26 21 
79 16 8 5 16 64 26 10 31 34 26 
80 36 2 14 48 19 19 53 38 27 16 
81 10 23 27 33 34 8 68 66 44 51 
82 33 7 48 28 18 52 49 58 12 20 
83 28 12 19 20 3 60 41 28 29 
84 26 21 30 19 50 48 7 36 
85 1 42 42 15 21 2 9 41 
86 31 5 11 11 7 15 
87 4 29 45 2 29 
88 62 16 
89 25 
90 5 
