71
69 67 65 65 64 61 61 57 57 56 56 56 55 55 55 54 54 53 53 51 50 48 44 41 40 40 37 36 36 34 34 33 32 31 30 28 28 28 27 27 26 25 24 23 23 22 21 20 19 17 17 17 16 15 15 14 13 13 13 11 10 9 7 6 6 4 3 3 2 1 1 0 
1 18 34 24 11 14 12 20 21 36 36 21 54 34 24 14 37 17 15 5 4 36 20 5 13 39 51 6 18 17 52 49 10 30 42 46 43 3 36 14 8 19 3 8 49 11 33 10 18 17 8 61 33 19 22 14 29 18 24 66 7 25 8 48 21 11 14 1 1 39 
2 21 31 27 19 7 16 34 10 31 3 60 37 58 40 10 4 40 13 3 20 24 17 6 50 7 24 5 18 15 42 15 25 33 48 21 28 42 15 33 30 26 40 8 10 10 5 5 6 32 37 33 13 42 17 5 8 27 3 23 39 38 31 11 18 27 29 13 
3 37 32 59 2 52 10 17 22 12 12 13 22 42 24 2 3 3 9 29 16 12 56 26 7 57 31 7 44 31 9 35 1 53 22 34 19 1 22 13 50 12 48 40 23 16 46 15 6 48 11 4 20 4 3 3 52 2 17 24 63 49 26 25 50 54 
4 65 29 18 18 30 32 34 31 2 45 23 15 30 13 33 17 23 6 32 1 13 18 8 15 15 12 5 7 7 9 9 25 17 36 10 9 49 5 34 17 5 43 8 65 7 15 6 13 24 32 14 3 3 7 63 12 45 23 51 33 18 33 16 4 4 
5 43 18 6 7 9 30 46 17 17 21 55 26 43 13 28 23 62 19 22 1 59 15 1 2 4 20 6 22 15 33 31 19 53 14 4 22 44 4 28 47 57 39 2 2 35 20 55 15 7 8 24 2 48 20 36 5 5 9 11 33 29 55 27 18 
6 21 18 5 35 12 32 17 42 12 12 25 4 49 37 38 2 26 1 64 5 9 16 26 30 14 38 47 41 32 22 14 6 6 13 56 10 30 48 18 4 58 2 3 51 14 18 32 17 34 21 38 17 7 42 48 15 21 20 49 48 56 
7 8 2 5 34 14 19 27 15 49 62 36 65 38 2 3 59 3 39 4 4 22 43 35 22 24 37 11 26 26 16 20 42 39 50 11 4 40 27 40 19 5 64 12 34 4 13 59 14 12 19 21 24 38 6 1 47 39 41 52 26 26 
8 21 17 7 39 29 50 39 23 57 9 22 43 33 34 41 53 21 4 8 8 33 12 20 29 12 26 39 28 28 33 1 1 4 2 20 25 10 10 29 61 1 59 22 35 57 5 19 58 2 37 20 49 10 18 1 14 35 
9 53 26 27 54 49 5 8 62 21 23 67 28 26 3 43 14 18 25 30 44 30 26 32 11 6 4 3 4 43 19 24 35 4 27 41 32 41 31 22 22 43 9 9 13 10 21 50 30 5 17 68 27 55 25 41 39 11 
10 10 10 26 35 2 3 2 20 57 25 63 46 28 16 32 30 21 40 39 51 16 1 23 59 20 19 4 31 24 20 43 30 19 6 2 8 8 31 44 19 1 2 27 9 60 36 11 28 8 42 23 35 27 16 32 28 
11 21 1 15 40 13 21 28 32 14 51 11 11 37 16 54 19 45 24 60 19 9 21 16 11 11 14 40 7 13 14 13 54 1 7 33 17 50 33 12 41 40 34 3 23 18 21 10 18 2 32 1 16 34 5 15 9 
12 27 25 44 1 20 50 6 44 3 3 35 22 6 6 3 56 21 60 4 8 19 25 14 49 26 30 30 8 36 34 29 3 19 57 16 14 15 14 52 11 14 61 17 20 7 53 4 17 50 7 47 18 64 19 54 25 
13 45 15 11 47 38 24 29 42 3 5 2 4 60 16 4 64 35 1 18 48 39 34 25 11 17 11 16 58 47 23 6 3 29 19 41 19 22 25 4 9 2 42 46 33 7 16 22 14 15 14 46 33 16 34 2 
14 57 28 27 42 35 1 47 41 23 7 11 29 15 1 16 48 35 9 22 56 36 23 42 12 30 64 6 29 11 28 17 5 11 1 6 22 12 12 30 38 12 4 30 6 1 7 13 13 8 20 1 29 38 36 25 
15 13 11 18 43 21 60 57 20 7 4 14 38 1 5 20 4 16 4 18 16 2 5 2 44 31 24 27 2 47 41 62 12 46 4 37 33 59 17 3 25 5 60 21 35 15 15 17 28 13 39 22 6 45 11 40 
16 25 2 39 38 23 23 42 20 32 14 11 19 50 13 10 3 22 15 46 52 27 6 10 15 30 21 11 13 7 62 56 12 28 47 24 19 35 3 40 23 41 28 22 13 24 19 51 13 21 47 11 10 4 41 
17 8 24 24 59 55 5 5 3 33 28 6 39 1 4 2 49 1 34 48 4 21 14 13 4 47 32 26 34 11 1 22 42 24 19 12 34 15 25 38 2 25 37 6 15 12 38 6 3 36 9 29 19 34 31 
18 43 1 6 5 4 15 4 20 69 44 22 4 9 40 40 20 1 2 37 15 13 41 26 20 27 53 54 19 38 46 34 29 26 1 6 22 26 23 6 11 1 12 18 18 11 8 4 2 55 19 59 29 5 
19 2 44 7 55 57 16 49 5 11 47 42 11 12 53 55 44 5 10 9 20 3 21 18 1 22 24 10 27 12 13 20 24 10 38 16 13 37 17 7 1 8 25 27 33 23 16 7 44 44 17 12 18 20 
20 22 24 51 1 12 45 16 35 10 15 18 33 2 46 1 15 18 8 30 5 39 30 18 10 19 33 21 45 10 23 7 43 27 22 8 19 5 45 42 12 24 33 3 5 8 46 6 14 51 59 19 
21 8 2 6 11 11 1 15 56 1 5 38 9 23 8 25 10 12 34 28 11 16 29 2 27 29 17 20 35 21 21 19 40 45 42 58 24 15 9 23 40 6 11 7 16 6 1 32 40 36 36 
22 40 20 52 40 3 8 29 3 12 18 5 16 14 23 37 44 5 7 7 30 53 3 29 45 5 6 27 19 31 23 3 14 20 9 17 9 8 13 18 27 47 16 1 13 29 23 15 29 
23 16 28 8 48 14 34 16 30 4 9 59 21 50 5 4 22 14 44 61 32 56 37 50 10 32 20 22 13 26 3 31 34 16 18 38 21 11 19 4 59 38 22 2 10 
24 20 1 17 17 27 13 26 1 3 55 37 2 11 2 39 7 15 9 39 10 45 35 51 19 19 68 21 16 27 17 4 41 31 29 20 5 16 7 1 3 25 
25 12 16 52 31 28 47 45 51 26 10 48 6 21 65 9 45 12 2 4 30 56 13 8 25 25 49 13 15 17 19 17 37 27 1 9 3 24 52 12 14 
26 39 9 35 10 30 43 47 24 25 5 9 42 6 28 3 9 12 6 31 8 45 18 41 7 7 2 26 26 17 23 18 45 47 18 65 51 66 3 7 7 
27 12 2 14 9 24 7 35 36 36 16 48 35 15 21 18 9 43 22 30 19 20 39 7 10 24 22 35 19 28 2 25 33 53 9 10 2 5 
28 14 31 23 31 25 11 54 50 46 17 5 9 10 35 26 33 50 29 21 8 41 2 14 63 8 5 16 29 16 27 15 48 10 43 36 10 
29 4 8 14 22 13 31 3 8 28 42 14 49 21 21 22 12 13 58 18 8 28 44 24 52 33 44 1 22 17 22 31 2 14 50 5 18 
30 4 47 26 5 31 23 4 10 9 9 20 32 14 12 12 6 16 1 51 20 25 22 10 27 35 2 6 14 61 14 38 9 43 42 
31 2 41 28 28 25 2 4 30 29 53 31 31 62 37 3 36 41 3 26 37 5 15 34 10 22 35 10 9 23 24 2 29 17 71 
32 36 4 3 38 11 6 16 4 10 23 55 9 30 32 32 6 43 23 9 17 48 63 38 2 4 43 6 55 45 11 21 10 54 
33 17 8 4 20 28 8 53 37 5 2 20 8 2 43 11 1 58 11 1 15 2 37 29 20 13 19 27 4 58 13 4 5 
34 52 1 2 7 4 23 1 8 39 61 21 41 17 13 31 12 3 4 39 17 18 35 23 17 11 7 6 49 13 17 11 
35 39 26 14 6 10 20 12 27 28 14 13 7 27 3 9 21 24 30 31 16 34 52 5 8 43 27 15 49 10 8 
36 41 32 58 1 1 40 1 7 27 27 14 31 4 12 58 1 49 51 58 48 5 10 17 28 21 46 21 14 
37 3 2 11 1 41 24 39 6 48 22 31 18 23 33 31 45 7 46 15 19 61 2 33 17 8 25 53 58 
38 16 54 32 13 48 21 15 6 7 56 6 58 18 19 40 14 32 17 23 30 23 6 7 17 61 2 60 14 
39 26 35 16 8 8 17 37 34 1 10 7 55 20 8 24 13 24 34 7 27 5 52 15 2 7 9 1 
40 22 11 22 2 2 36 43 18 18 10 11 21 40 40 2 7 3 38 52 16 7 11 66 53 21 21 15 
41 31 36 14 37 8 62 48 42 18 31 34 28 63 26 6 56 9 9 13 15 11 24 16 9 16 7 
42 14 16 44 61 13 6 3 26 19 41 14 29 2 1 2 65 7 21 17 20 2 13 10 6 30 
43 18 5 44 15 26 8 5 9 40 7 9 1 32 10 27 33 4 20 9 35 32 46 28 30 
44 12 43 19 12 42 18 9 23 22 3 15 19 70 53 54 5 10 54 29 29 19 19 53 
45 13 25 20 4 11 25 55 37 47 26 20 24 60 22 57 21 50 26 20 4 32 46 15 
46 56 62 55 5 28 10 20 16 1 56 18 37 15 3 13 20 43 46 46 13 45 36 
47 13 30 25 14 26 67 19 45 6 13 17 51 15 16 5 26 22 12 51 7 16 
48 23 38 25 14 37 41 13 2 17 27 32 3 6 3 5 36 28 6 1 6 
49 9 7 52 19 6 17 12 1 29 4 1 36 25 35 8 34 3 6 53 
50 8 28 12 23 16 2 28 23 3 7 11 45 9 12 61 29 3 
51 20 55 25 11 1 10 30 24 47 36 59 26 6 4 16 47 20 
52 34 22 25 3 49 54 1 16 64 12 39 40 35 29 3 7 25 
53 9 31 8 33 19 44 5 22 3 18 12 40 27 37 44 49 
54 9 38 28 1 11 52 54 54 44 18 11 44 32 3 12 
55 51 46 17 5 19 24 32 39 45 19 5 32 9 18 5 
56 46 21 3 12 14 23 38 25 41 60 6 46 16 6 
57 14 15 8 10 19 3 45 12 57 57 5 8 66 
58 36 2 36 13 38 29 21 33 36 6 8 33 37 
59 17 3 23 5 7 10 8 15 51 7 23 18 20 
60 15 2 13 11 12 45 56 15 10 38 68 
61 42 34 23 8 30 1 12 37 50 38 
62 46 9 63 5 7 31 41 16 15 
63 10 62 41 28 32 4 3 
64 13 6 14 52 7 12 
65 4 25 7 42 4 26 
66 40 26 57 1 
67 69 47 9 
68 24 9 60 
69 67 18 
70 44 
71 31 
