77
76 76 75 72 69 67 66 66 65 64 60 60 60 57 56 55 55 55 54 54 53 51 51 51 50 48 46 45 45 44 43 43 43 40 38 37 37 37 36 36 35 35 32 32 31 30 26 26 24 24 23 23 22 21 21 20 19 18 18 18 18 16 16 15 13 13 12 12 11 9 8 7 7 5 5 5 2 
1 9 17 29 12 20 67 8 44 76 71 25 5 38 34 17 30 56 44 36 27 9 11 38 28 44 50 26 2 17 17 12 4 29 18 38 3 64 21 47 32 36 19 37 2 11 9 8 11 3 10 61 17 45 40 46 32 2 14 10 47 15 51 29 4 21 1 1 17 36 63 10 65 59 12 31 25 
2 10 5 38 17 36 3 33 3 17 39 52 4 5 25 22 5 22 40 69 2 2 2 2 49 27 36 13 4 45 39 1 22 57 10 3 23 29 32 7 6 20 31 4 12 1 36 7 6 30 16 4 26 7 26 28 16 39 5 51 1 16 38 13 56 16 32 20 9 34 56 13 11 5 16 77 29 
3 44 20 14 3 3 6 2 2 19 25 36 45 63 10 30 34 24 50 32 62 36 25 69 45 27 14 24 31 8 53 48 58 2 16 1 53 12 24 63 33 72 9 11 23 36 4 63 1 7 38 61 22 13 28 21 33 68 7 53 18 47 63 18 51 26 22 44 5 65 30 4 41 20 6 38 
4 9 8 64 9 2 15 39 34 20 7 40 7 22 6 40 34 19 7 25 24 13 37 2 11 7 10 40 31 11 10 16 1 34 33 10 18 21 2 18 2 29 3 33 41 25 57 13 5 20 14 24 43 45 19 1 19 8 23 12 13 19 41 37 18 6 15 68 3 53 6 13 71 
5 26 56 22 18 2 1 11 44 50 6 73 2 16 37 8 28 2 36 46 32 21 29 45 32 46 9 55 13 51 61 6 53 11 12 35 14 23 31 44 16 27 20 29 19 21 11 53 20 51 10 2 29 4 13 12 53 27 58 9 38 18 6 38 3 46 2 62 10 15 
6 64 60 33 18 31 3 41 48 37 12 41 19 10 5 50 9 30 4 14 15 28 17 15 22 40 8 36 6 6 5 31 7 11 16 24 61 34 30 2 37 18 43 28 2 33 18 15 29 71 25 16 21 22 5 26 7 4 8 26 41 17 46 32 4 23 3 49 
7 59 30 30 7 7 25 66 23 60 15 26 36 37 11 4 30 29 4 46 4 65 15 28 4 33 41 8 33 6 20 19 42 2 9 18 45 35 8 21 2 24 11 2 20 3 58 30 63 26 63 8 16 23 10 3 49 19 19 27 41 52 13 6 29 33 16 
8 15 14 4 12 65 18 1 59 32 22 21 5 71 11 16 35 50 20 30 42 37 39 14 6 23 19 56 44 70 3 59 15 7 53 41 29 45 13 9 7 58 28 19 1 39 32 20 20 33 33 9 15 45 7 31 44 4 43 20 70 6 23 66 37 74 25 
9 12 4 46 29 22 46 1 68 12 4 46 50 31 10 12 22 6 42 43 52 14 1 18 13 37 25 5 14 21 40 68 12 27 30 7 13 29 8 3 42 1 23 70 73 29 11 24 11 45 8 13 16 30 5 45 44 35 22 40 54 42 15 2 46 40 
10 2 34 13 19 3 27 6 9 18 60 33 42 47 36 30 67 4 59 56 4 2 34 4 52 28 39 63 22 44 16 29 40 12 61 32 15 14 1 47 21 10 10 11 23 5 30 7 56 25 1 43 10 10 58 16 40 54 26 1 12 36 5 31 14 
11 48 24 25 17 57 50 38 5 40 45 24 7 29 8 29 64 39 1 19 4 40 34 38 42 4 5 6 35 15 12 33 47 39 1 34 3 7 1 15 20 39 29 5 9 29 9 52 13 30 10 52 60 43 28 62 46 24 33 18 2 
12 21 9 1 28 30 8 57 39 27 9 6 14 60 39 17 21 9 44 27 33 43 15 46 20 37 1 20 5 9 18 65 34 3 11 2 67 28 22 40 10 21 55 42 55 17 21 17 5 17 33 4 15 17 44 22 18 10 1 24 14 
13 40 26 10 66 42 13 13 74 54 25 27 49 20 9 4 14 25 73 2 20 5 47 25 42 22 9 47 26 66 8 45 38 69 14 23 39 14 17 11 31 61 60 4 3 9 5 20 73 2 4 49 29 7 21 40 2 32 68 4 23 
14 25 16 32 58 8 47 3 73 12 46 35 18 35 26 23 6 9 32 76 35 46 13 8 50 48 25 3 9 33 5 66 56 27 24 17 22 34 61 13 41 10 13 4 1 18 62 15 46 27 21 29 14 14 23 10 33 12 
15 8 23 59 52 18 7 22 4 32 6 6 15 15 12 7 19 42 8 41 38 43 15 15 26 11 39 29 32 18 19 23 21 31 11 16 29 10 31 6 16 8 18 1 31 18 48 17 51 14 35 12 4 9 47 27 5 
16 14 19 19 57 68 32 5 8 24 59 21 16 16 29 54 30 38 4 3 6 21 5 10 2 15 66 20 49 31 15 58 2 9 20 31 7 49 50 2 64 6 57 24 23 20 2 10 60 57 16 16 68 2 53 7 
17 39 31 1 43 2 11 2 27 12 49 1 61 59 28 6 20 74 17 17 70 28 23 1 1 29 28 33 26 32 14 20 19 55 19 27 45 13 43 12 33 1 29 46 12 50 17 17 46 12 15 28 1 12 6 66 
18 23 5 6 15 8 47 14 41 43 41 10 40 18 18 9 55 36 38 35 24 30 50 1 19 47 31 12 29 4 42 6 7 41 19 26 15 4 6 28 32 31 15 61 37 22 47 3 14 38 15 5 3 4 11 12 
19 37 26 44 16 16 10 62 23 3 6 24 66 55 4 65 21 21 11 8 15 40 61 7 18 21 21 54 18 15 1 42 17 41 28 8 17 46 33 46 5 75 51 4 7 26 55 19 19 7 4 4 64 26 21 
20 3 1 52 25 4 55 8 13 17 46 55 50 48 30 13 38 12 57 7 12 20 20 38 2 23 17 69 31 39 5 23 31 8 8 11 55 7 16 24 39 5 42 52 16 4 13 26 45 16 56 8 2 3 48 
21 12 34 57 46 42 12 8 5 16 19 19 51 21 21 30 25 32 9 19 41 16 1 34 19 4 46 7 15 62 34 34 41 36 12 5 37 31 10 68 12 54 3 27 6 32 57 55 1 58 14 13 22 19 
22 38 9 5 55 42 15 50 33 8 41 2 9 4 43 2 58 31 35 6 60 32 35 2 25 43 24 13 36 14 10 12 60 53 70 70 26 37 3 39 44 18 53 30 6 33 9 3 43 21 12 49 
23 15 18 69 40 23 23 67 19 7 62 32 14 26 8 17 28 2 5 47 20 15 25 48 9 20 13 3 39 68 10 40 35 50 7 37 43 63 48 16 4 30 8 14 73 60 47 45 58 6 13 31 
24 65 11 56 34 34 53 19 11 3 31 16 4 3 38 18 33 61 62 74 6 22 33 35 14 72 68 3 44 40 44 7 24 24 20 9 68 51 43 40 30 4 16 50 35 30 11 39 31 30 12 37 
25 14 45 42 7 11 32 1 3 40 34 20 49 38 39 2 42 13 26 26 3 4 13 9 14 21 41 13 22 57 36 29 60 23 33 76 35 56 36 27 4 49 33 6 10 41 72 48 1 42 8 
26 43 5 13 19 54 7 14 70 25 25 64 23 30 1 60 17 34 13 15 18 43 37 30 27 2 35 33 2 39 7 22 59 47 20 19 6 3 32 58 6 36 19 10 27 43 35 37 51 
27 50 49 12 63 17 43 10 12 34 13 1 30 2 3 36 62 77 33 9 60 14 44 76 38 5 51 59 28 17 26 28 25 65 45 59 21 37 5 37 36 7 14 38 26 68 15 
28 53 55 28 28 12 67 61 5 31 67 6 17 1 7 17 52 40 33 23 17 60 63 10 6 8 12 19 27 48 41 27 18 2 42 30 28 28 3 48 53 11 17 62 64 60 
29 29 29 9 39 1 35 53 58 11 7 11 51 5 16 17 1 2 37 18 8 9 15 25 10 51 15 5 4 54 63 11 6 9 11 17 5 1 52 45 13 14 7 59 41 2 
30 7 7 12 45 3 7 6 1 45 8 27 10 20 31 16 26 21 37 35 39 37 18 6 9 30 30 2 26 34 7 50 11 28 35 10 9 24 22 52 23 24 3 24 46 
31 54 17 6 41 42 9 24 28 69 22 43 30 3 4 6 49 51 18 53 5 75 20 2 15 64 20 15 44 16 21 18 13 16 8 15 48 48 24 54 63 1 10 23 
32 40 14 25 62 40 8 16 32 32 15 23 3 5 14 61 59 5 22 21 51 40 2 17 1 15 33 53 8 10 55 18 1 56 21 74 26 2 51 55 13 6 34 41 
33 36 6 2 39 34 22 10 12 7 24 28 7 27 14 38 17 4 24 42 53 11 3 52 32 25 19 6 8 4 26 39 17 8 66 25 3 61 59 12 22 11 7 14 
34 21 10 47 24 25 33 24 3 4 1 27 4 38 35 11 6 10 4 26 12 21 60 62 14 11 21 21 48 30 43 63 55 52 45 41 48 37 2 44 32 
35 29 49 14 14 51 8 14 37 42 52 22 61 34 18 30 22 66 5 11 64 24 7 64 25 26 64 30 23 72 9 42 15 53 57 24 65 26 37 
36 33 2 7 3 5 51 3 66 1 10 18 2 43 6 27 69 57 25 22 65 1 2 49 21 25 75 3 40 41 27 38 50 1 26 37 10 54 
37 19 6 7 5 52 35 9 8 4 46 30 12 30 69 29 6 1 38 26 43 21 44 22 27 71 23 18 27 41 54 4 34 8 36 26 24 35 
38 22 54 47 2 11 1 25 41 1 34 20 18 11 24 16 15 1 33 20 27 37 13 47 52 3 59 65 56 5 2 36 18 67 5 44 27 3 
39 17 40 29 12 33 52 2 12 58 4 25 50 11 8 2 67 30 15 10 11 46 20 8 52 43 13 11 23 20 33 26 2 22 54 24 62 
40 32 39 13 23 25 11 32 4 18 70 2 4 58 6 40 40 11 28 4 19 9 32 45 24 10 12 66 36 23 1 24 53 9 13 10 9 
41 57 6 31 47 6 18 22 38 18 25 7 15 58 21 66 8 18 19 21 28 14 4 36 25 37 7 34 4 51 6 50 29 3 51 32 
42 25 13 22 63 31 21 25 9 49 10 8 35 69 45 15 11 56 13 57 7 33 18 70 19 9 12 20 28 52 44 35 55 9 48 25 
43 26 17 27 54 18 54 22 9 12 31 36 56 46 47 22 15 6 26 39 37 17 34 24 49 23 10 4 11 8 22 45 26 
44 3 19 1 5 71 54 12 54 1 1 8 69 27 24 5 53 10 24 31 50 37 46 42 22 8 65 9 45 3 38 12 34 
45 25 52 3 11 30 30 5 3 2 42 8 63 7 13 40 54 48 17 27 9 1 8 4 29 9 20 44 34 65 43 23 
46 9 9 21 14 9 49 5 7 20 14 12 5 37 57 43 62 21 39 19 19 17 1 44 17 14 11 9 5 6 30 
47 38 14 34 41 18 59 56 10 13 43 18 1 13 23 11 53 38 10 75 26 18 1 3 23 15 67 
48 62 11 6 48 48 20 14 3 23 51 45 28 34 50 51 28 23 48 48 15 31 34 25 42 31 20 
49 27 35 71 57 25 46 17 42 13 2 61 31 73 36 52 16 25 76 43 16 7 13 22 6 
50 27 11 22 5 9 3 6 8 39 20 14 1 18 51 67 44 30 48 17 23 16 36 24 41 
51 36 35 29 21 5 32 31 50 27 29 48 5 24 48 2 19 1 15 3 32 41 26 41 
52 15 45 20 39 2 37 9 35 28 62 10 33 39 49 38 11 11 20 42 29 34 7 30 
53 28 29 24 3 5 31 3 8 33 44 32 47 22 5 5 3 28 22 40 35 4 16 
54 38 31 60 26 43 13 44 43 44 16 19 45 29 21 37 10 9 39 58 31 36 
55 28 22 20 19 20 18 5 58 17 64 32 12 20 12 57 34 19 21 42 71 32 
56 5 24 61 47 1 72 61 43 8 42 10 14 25 32 38 10 2 20 67 2 
57 41 75 21 12 16 11 49 46 20 2 36 42 25 4 55 16 21 16 35 
58 14 39 29 22 40 69 3 41 55 8 7 16 5 10 21 26 54 23 
59 7 15 8 47 64 17 16 32 8 10 27 64 38 27 26 33 29 1 
60 6 54 7 12 10 22 26 28 27 34 25 22 13 11 16 23 72 28 
61 28 56 17 32 49 35 56 5 19 24 6 14 10 1 13 3 18 33 
62 48 19 23 32 3 27 24 46 52 34 21 14 11 28 39 5 
63 42 27 3 28 3 45 10 29 3 7 7 34 23 3 1 31 
64 6 4 59 11 26 1 35 35 55 31 59 35 16 19 28 
65 24 8 19 7 36 12 27 38 44 45 3 35 1 
66 7 13 19 36 35 41 14 13 40 16 33 8 17 
67 1 23 28 72 28 10 39 12 50 38 56 47 
68 9 16 9 24 24 23 21 3 4 27 16 13 
69 23 31 2 58 3 42 36 37 44 20 13 
70 40 26 17 8 42 22 9 22 8 
71 1 49 44 8 6 37 55 4 
72 67 56 24 3 35 25 60 
73 14 5 13 49 9 13 23 
74 13 17 24 32 8 
75 57 31 36 47 19 
76 1 14 27 25 49 
77 27 2 
