48
45 44 44 43 43 43 40 39 39 38 37 36 34 33 33 32 31 30 29 27 27 27 27 26 24 24 23 21 20 18 18 17 17 16 16 15 14 13 11 10 9 7 4 4 4 3 2 1 
1 11 22 1 1 20 8 11 35 1 1 25 38 26 15 5 23 22 30 8 2 30 4 4 10 7 16 5 45 26 13 2 2 10 8 15 21 30 7 34 24 34 5 27 22 18 
2 25 25 5 23 20 17 41 4 12 22 7 28 7 33 4 2 2 10 6 41 9 37 1 37 4 10 6 21 17 15 1 27 1 21 34 16 42 43 20 35 9 29 30 13 
3 13 15 6 25 5 8 46 18 17 18 32 22 29 36 10 5 19 7 25 17 4 20 37 21 39 3 3 47 9 8 7 22 4 11 28 7 41 31 22 5 9 40 10 24 
4 38 8 6 35 14 2 32 12 16 8 20 2 31 15 33 38 21 25 14 2 1 15 1 13 28 3 48 10 23 16 14 4 4 20 3 22 17 42 38 9 8 29 11 
5 7 2 3 26 36 15 16 9 17 10 27 15 20 16 35 1 29 3 22 18 21 13 17 5 5 27 1 31 21 32 31 10 20 11 11 6 7 12 1 28 3 19 9 
6 10 7 3 4 17 8 9 16 22 29 6 6 8 9 11 2 25 32 16 6 6 30 29 2 7 30 32 27 36 6 6 16 30 5 28 12 26 10 23 10 16 43 12 
7 6 24 10 5 18 19 44 35 2 2 24 10 24 9 20 19 37 28 7 7 3 39 7 7 20 1 6 30 31 3 33 11 5 23 24 29 1 3 44 11 
8 4 33 36 12 3 1 19 6 4 16 6 10 14 17 41 18 10 35 1 15 27 26 14 26 23 3 18 1 14 17 22 4 11 24 9 17 20 9 27 
9 12 31 28 11 34 11 6 13 36 12 5 7 6 10 2 12 36 17 23 20 28 3 11 22 23 2 12 4 27 16 37 10 24 19 3 8 14 5 8 
10 25 6 16 7 42 18 24 42 13 30 7 2 5 8 9 37 3 8 25 15 1 2 29 32 4 33 22 1 5 40 32 6 6 9 41 22 21 3 
11 1 36 29 18 39 38 9 15 1 9 31 14 6 12 34 24 34 12 37 13 15 32 16 25 9 5 5 7 19 29 3 8 15 31 7 4 15 
12 9 8 41 4 2 9 41 15 24 35 11 9 18 23 11 45 25 14 17 31 15 38 15 19 6 19 24 24 20 30 9 5 18 22 15 6 
13 3 32 14 25 27 15 9 23 10 13 13 15 21 25 33 37 25 11 5 4 26 25 14 32 1 22 34 16 34 20 26 25 22 2 
14 38 18 19 13 23 30 4 35 15 24 11 16 15 21 26 28 8 15 4 8 12 13 16 4 21 40 8 23 15 21 15 9 20 
15 3 41 11 13 19 5 14 40 13 4 12 14 1 5 30 43 14 10 4 8 11 2 45 12 12 1 14 11 21 24 14 12 11 
16 10 19 4 5 6 38 14 28 8 20 21 5 6 1 17 11 18 4 14 19 25 6 2 13 31 31 9 30 17 6 19 27 
17 36 39 2 6 27 40 27 3 24 34 21 5 21 8 35 36 26 9 5 3 16 12 2 4 23 8 39 38 16 8 27 
18 14 35 7 11 10 3 31 3 33 28 8 12 26 5 24 26 31 20 24 24 16 18 18 32 8 19 12 25 1 27 
19 14 22 16 21 7 8 36 36 15 20 7 28 28 3 21 33 16 12 11 18 42 12 30 20 9 16 5 25 21 
20 2 1 32 4 19 7 16 5 21 7 18 3 28 9 24 29 35 5 2 4 12 13 44 19 34 8 14 
21 19 37 13 14 17 16 23 17 41 4 20 46 5 19 2 3 31 5 35 14 2 1 15 14 10 19 26 
22 19 1 2 23 39 38 6 27 3 1 5 40 23 26 13 10 47 9 3 4 8 3 12 10 1 24 13 
23 32 2 14 22 13 30 21 29 1 12 9 28 32 22 8 4 45 14 44 34 9 30 7 17 6 23 23 
24 7 39 39 10 7 14 17 7 12 11 18 24 24 18 18 20 12 12 7 30 8 1 15 9 22 3 
25 10 2 3 2 13 39 1 13 6 40 4 10 13 26 12 3 40 13 36 16 11 13 18 19 
26 27 5 31 1 14 35 18 17 18 25 13 8 8 39 1 22 36 6 13 28 33 34 32 21 
27 37 35 26 40 13 17 17 5 22 8 5 35 6 33 31 2 33 9 1 17 16 18 8 
28 9 29 2 16 14 18 19 19 7 4 23 20 9 30 32 6 3 26 36 5 33 
29 11 28 37 6 23 3 5 6 10 40 37 20 29 29 11 7 33 34 2 4 
30 14 10 23 15 1 6 1 28 7 6 6 23 12 1 24 19 16 2 
31 42 9 26 46 18 11 4 18 5 21 27 7 5 12 16 16 3 11 
32 23 13 20 4 3 33 6 11 23 10 28 6 5 13 18 10 26 
33 8 2 4 13 32 18 33 33 10 19 27 7 27 38 29 26 28 
34 34 34 9 17 11 11 36 13 2 13 23 29 26 1 1 20 
35 18 27 4 7 14 1 12 5 17 8 26 27 21 20 2 43 
36 11 8 17 5 19 19 9 3 17 9 34 26 6 25 28 
37 27 38 21 29 7 10 2 13 2 11 3 29 39 9 
38 4 14 37 11 22 16 1 42 4 12 33 4 17 
39 17 11 24 25 24 22 7 37 26 3 17 
40 27 17 15 25 25 29 22 14 10 3 
41 15 12 2 12 2 21 8 3 10 
42 31 10 10 38 2 19 4 
43 15 2 35 6 
44 7 23 20 7 
45 12 1 23 15 
46 3 31 21 
47 3 22 
48 4 
