44
43 42 42 41 38 38 36 35 33 32 32 28 28 24 24 23 23 22 20 20 20 20 19 19 18 18 17 15 14 14 13 12 11 10 9 8 8 8 8 5 5 5 3 1 
1 44 42 41 39 35 34 31 29 26 24 23 18 17 12 11 9 8 6 4 4 3 3 3 2 2 2 2 2 2 2 2 2 
2 44 42 41 39 35 34 31 29 26 24 23 18 17 12 11 9 8 6 4 4 3 3 3 1 1 1 1 1 1 1 1 1 
3 44 42 41 39 35 34 31 29 26 24 23 18 17 12 11 9 8 6 4 4 1 2 1 2 1 2 
4 44 42 41 39 35 34 31 29 26 24 23 18 17 12 11 9 8 6 1 2 3 1 2 3 
5 44 42 41 39 35 34 31 29 26 24 23 18 17 12 11 9 8 6 
6 44 42 41 39 35 34 31 29 26 24 23 18 17 12 11 9 8 1 2 3 4 5 
7 44 42 41 39 35 34 31 29 26 24 23 18 17 12 11 9 8 
8 44 42 41 39 35 34 31 29 26 24 23 18 17 12 11 9 1 2 3 4 5 6 7 
9 44 42 41 39 35 34 31 29 26 24 23 18 17 12 11 1 2 3 4 5 6 7 8 
10 44 42 41 39 35 34 31 29 26 24 23 18 17 12 11 
11 44 42 41 39 35 34 31 29 26 24 23 18 17 12 1 2 3 4 5 6 7 8 9 10 
12 44 42 41 39 35 34 31 29 26 24 23 18 17 1 2 3 4 5 6 7 8 9 10 11 
13 44 42 41 39 35 34 31 29 26 24 23 18 17 
14 44 42 41 39 35 34 31 29 26 24 23 18 17 
15 44 42 41 39 35 34 31 29 26 24 23 18 17 
16 44 42 41 39 35 34 31 29 26 24 23 18 17 
17 44 42 41 39 35 34 31 29 26 24 23 18 1 2 3 4 5 6 7 8 9 10 11 12 13 14 15 16 
18 44 42 41 39 35 34 31 29 26 24 23 1 2 3 4 5 6 7 8 9 10 11 12 13 14 15 16 17 
19 44 42 41 39 35 34 31 29 26 24 23 
20 44 42 41 39 35 34 31 29 26 24 23 
21 44 42 41 39 35 34 31 29 26 24 23 
22 44 42 41 39 35 34 31 29 26 24 23 
23 44 42 41 39 35 34 31 29 26 24 1 2 3 4 5 6 7 8 9 10 11 12 13 14 15 16 17 18 19 20 21 22 
24 44 42 41 39 35 34 31 29 26 1 2 3 4 5 6 7 8 9 10 11 12 13 14 15 16 17 18 19 20 21 22 23 
25 44 42 41 39 35 34 31 29 26 
26 44 42 41 39 35 34 31 29 1 2 3 4 5 6 7 8 9 10 11 12 13 14 15 16 17 18 19 20 21 22 23 24 25 
27 44 42 41 39 35 34 31 29 
28 44 42 41 39 35 34 31 29 
29 44 42 41 39 35 34 31 1 2 3 4 5 6 7 8 9 10 11 12 13 14 15 16 17 18 19 20 21 22 23 24 25 26 27 28 
30 44 42 41 39 35 34 31 
31 44 42 41 39 35 34 1 2 3 4 5 6 7 8 9 10 11 12 13 14 15 16 17 18 19 20 21 22 23 24 25 26 27 28 29 30 
32 44 42 41 39 35 34 
33 44 42 41 39 35 34 
34 44 42 41 39 35 1 2 3 4 5 6 7 8 9 10 11 12 13 14 15 16 17 18 19 20 21 22 23 24 25 26 27 28 29 30 31 32 33 
35 44 42 41 39 1 2 3 4 5 6 7 8 9 10 11 12 13 14 15 16 17 18 19 20 21 22 23 24 25 26 27 28 29 30 31 32 33 34 
36 44 42 41 39 
37 44 42 41 39 
38 44 42 41 39 
39 44 42 41 1 2 3 4 5 6 7 8 9 10 11 12 13 14 15 16 17 18 19 20 21 22 23 24 25 26 27 28 29 30 31 32 33 34 35 36 37 38 
40 44 42 41 
41 44 42 1 2 3 4 5 6 7 8 9 10 11 12 13 14 15 16 17 18 19 20 21 22 23 24 25 26 27 28 29 30 31 32 33 34 35 36 37 38 39 40 
42 44 1 2 3 4 5 6 7 8 9 10 11 12 13 14 15 16 17 18 19 20 21 22 23 24 25 26 27 28 29 30 31 32 33 34 35 36 37 38 39 40 41 
43 44 
44 1 2 3 4 5 6 7 8 9 10 11 12 13 14 15 16 17 18 19 20 21 22 23 24 25 26 27 28 29 30 31 32 33 34 35 36 37 38 39 40 41 42 43 
