24
23 20 19 19 18 17 16 16 16 15 15 14 14 14 11 11 10 8 7 5 5 5 1 1 
1 5 14 8 8 15 2 22 12 6 6 1 1 3 17 1 1 17 3 12 3 19 14 2 
2 5 3 7 1 16 6 10 4 15 11 2 2 16 7 16 4 18 7 1 14 
3 4 21 15 2 17 4 20 5 4 1 4 8 10 18 14 1 24 9 1 
4 8 5 3 12 17 5 14 3 13 8 11 2 13 3 20 3 7 2 8 
5 1 4 11 8 2 14 6 10 4 19 3 13 7 5 5 14 6 9 
6 8 7 5 12 7 1 2 7 16 1 11 16 19 18 13 5 8 
7 6 12 2 10 6 6 13 5 2 17 16 4 14 12 9 2 
8 13 1 4 21 6 5 1 10 4 11 16 3 19 6 20 4 
9 14 21 21 20 11 9 9 13 9 9 12 12 13 5 7 3 
10 13 18 15 15 15 8 5 7 2 10 10 11 11 3 11 
11 18 5 17 13 9 15 4 8 2 6 22 10 10 15 10 
12 22 20 14 7 4 1 6 13 9 9 17 7 1 13 
13 10 8 18 11 4 7 9 4 12 5 19 6 9 12 
14 1 9 12 5 4 16 17 17 5 23 3 7 1 2 
15 10 1 10 10 3 18 11 2 17 11 19 
16 21 2 6 14 2 16 16 6 7 8 2 
17 11 4 3 15 14 14 7 1 12 1 
18 10 11 22 13 15 6 3 2 
19 5 13 6 8 15 22 1 
20 12 9 3 4 8 
21 16 8 9 9 3 
22 12 18 1 11 19 
23 14 
24 3 
