86
84 82 82 81 80 79 78 77 76 76 75 74 73 72 71 70 70 69 68 68 66 65 63 62 61 61 60 60 58 58 58 58 57 56 56 53 52 52 50 50 48 48 48 47 46 45 44 44 41 41 40 39 37 37 37 36 35 34 34 32 32 30 29 29 28 28 27 25 24 23 21 21 20 17 17 15 15 11 11 10 9 9 8 7 4 4 
1 85 84 83 83 82 82 82 82 82 82 82 
3 85 85 
5 86 83 
6 84 
10 86 
12 83 
14 83 
17 84 
22 84 
25 84 
27 85 
29 83 
32 86 
33 84 
42 86 
53 83 
61 84 
81 83 
82 1 1 1 1 1 1 1 
83 53 81 5 12 29 14 1 1 
84 6 22 25 17 33 61 1 
85 3 27 3 1 
86 5 32 42 10 
