78
74 72 71 71 68 68 67 65 64 63 61 60 59 59 56 56 56 55 53 52 51 50 49 49 49 48 47 46 46 45 45 45 43 43 41 41 41 41 38 37 37 36 36 34 34 34 33 30 30 28 28 26 26 25 24 24 23 22 20 18 18 18 17 17 16 14 13 12 12 9 7 7 7 5 4 4 4 1 
1 75 74 73 72 71 71 70 70 70 70 70 70 70 
2 73 72 
3 72 71 
4 75 73 73 72 
5 72 
6 76 
12 74 
14 77 
17 75 
19 77 
22 72 
23 76 
25 77 73 
29 73 
30 72 
31 76 
37 74 71 
38 75 
41 76 71 
43 73 
45 71 
57 74 
58 74 
64 71 
65 77 
68 78 
70 1 1 1 1 1 1 1 
71 64 1 45 3 41 37 1 
72 5 22 4 30 3 2 1 
73 4 43 4 29 25 2 1 
74 37 57 58 12 1 
75 4 17 38 1 
76 6 23 31 41 
77 19 65 25 14 
78 68 
