76
72 72 72 71 71 71 70 70 64 64 62 61 60 59 57 56 56 55 54 54 53 53 52 50 47 46 46 46 46 46 46 46 46 45 45 45 44 44 43 41 41 39 38 36 34 34 32 32 30 27 24 24 22 21 21 19 18 17 17 16 15 13 13 12 12 10 10 10 9 8 8 8 2 2 2 1 
1 16 24 10 14 35 40 14 29 32 38 37 34 2 25 33 35 43 42 49 21 48 27 21 55 10 3 11 7 40 38 32 23 4 64 11 60 11 40 15 37 46 17 8 43 32 20 63 57 13 16 44 4 31 42 1 1 48 9 3 31 49 21 38 34 64 25 47 61 6 37 20 20 
2 39 2 2 45 8 25 53 3 35 24 11 10 19 3 20 14 37 32 24 9 21 34 26 1 25 60 7 41 45 7 3 7 6 4 21 38 19 29 63 8 54 38 5 29 66 3 44 10 15 45 76 34 12 43 58 6 22 40 44 33 23 9 10 16 9 33 25 51 26 70 36 9 
3 15 4 28 2 3 3 2 11 47 60 7 7 45 14 4 5 13 19 44 2 30 34 5 23 58 10 1 48 6 5 21 3 3 62 5 26 56 19 31 2 31 4 37 17 13 11 14 47 54 6 43 4 20 16 27 17 48 5 35 58 64 1 28 22 18 20 9 41 29 22 12 23 
4 18 3 7 15 10 20 40 42 8 11 47 22 47 8 34 3 40 12 26 2 25 55 15 7 20 14 62 51 17 41 44 1 30 42 49 6 51 48 3 45 28 6 13 35 31 20 21 3 8 56 51 18 1 69 22 28 19 5 53 44 15 45 15 52 6 30 60 11 59 23 34 
5 6 41 13 13 17 27 17 40 15 27 65 10 6 39 32 44 35 3 31 43 22 66 39 3 36 22 44 37 10 35 37 3 35 2 40 3 21 41 14 42 13 21 9 70 26 41 30 25 3 11 6 4 13 6 29 39 61 12 38 54 16 25 50 24 29 50 47 58 33 51 47 
6 5 9 14 36 17 5 7 33 24 44 52 23 19 30 31 62 54 2 6 6 16 16 51 15 35 10 8 34 28 3 15 37 14 4 32 45 28 32 22 58 34 56 4 16 11 38 17 3 28 2 43 30 5 7 5 20 32 9 32 54 52 52 4 7 1 34 49 15 18 11 64 
7 45 4 23 31 43 23 56 40 3 3 69 6 9 8 41 2 72 2 16 2 40 60 58 1 39 4 15 54 42 21 28 23 52 23 17 25 8 27 10 13 35 42 18 29 25 27 39 33 27 35 6 36 29 38 53 44 31 37 31 33 31 31 53 29 6 28 51 28 8 58 
8 2 67 38 4 39 4 7 34 26 38 45 11 58 9 11 17 19 43 12 18 49 34 6 33 23 34 2 23 25 10 23 61 51 41 12 13 29 7 14 10 17 1 28 55 55 16 9 48 4 20 16 48 11 10 8 8 14 11 17 14 18 61 40 23 28 46 7 41 54 14 
9 12 46 47 6 32 12 18 51 38 31 49 2 13 7 13 15 27 18 21 8 16 15 17 21 25 18 45 19 19 34 46 17 35 44 15 46 12 13 66 24 60 5 43 31 56 8 68 51 41 13 12 39 10 1 2 6 30 2 38 3 44 33 24 2 
10 18 1 4 2 43 43 68 65 34 37 5 58 14 40 13 1 3 17 61 6 34 17 18 47 53 5 15 12 49 21 8 48 48 26 2 18 8 31 12 7 13 31 33 19 16 48 40 8 9 26 53 55 51 48 2 45 44 14 12 52 15 40 39 26 
11 29 65 15 2 30 18 26 3 4 23 15 18 18 59 12 8 18 8 33 50 16 1 41 45 17 12 14 39 1 21 1 30 21 55 26 3 42 6 20 8 37 37 5 36 68 12 44 59 27 8 54 27 16 11 11 32 34 62 24 4 6 21 
12 9 27 45 16 45 9 50 36 52 34 14 44 65 42 46 38 15 39 15 36 11 28 4 66 34 23 8 24 39 50 35 13 17 11 10 22 35 8 9 43 36 10 2 59 42 56 9 36 21 11 5 35 28 10 61 65 16 3 22 29 33 
13 37 25 49 15 22 46 5 5 16 20 31 36 9 71 44 9 17 37 3 19 20 10 61 14 24 34 23 12 20 14 52 37 46 8 9 24 5 3 4 57 23 55 20 7 1 10 21 32 41 73 16 19 9 19 5 38 22 44 23 41 
14 21 47 6 33 32 1 19 1 2 34 12 27 34 3 36 22 18 58 34 10 31 38 15 13 23 4 24 20 20 13 41 37 11 6 40 46 23 27 5 8 64 19 3 41 30 64 31 52 24 74 38 8 42 8 10 50 21 19 8 
15 3 13 4 16 11 26 38 5 26 11 12 12 49 22 9 41 51 29 62 23 9 41 14 6 4 38 7 50 6 19 23 10 59 19 55 9 31 29 1 56 2 30 35 26 44 69 30 51 27 4 24 46 4 39 10 24 6 
16 1 18 12 64 13 15 28 16 16 65 22 20 67 25 7 34 9 11 6 6 24 42 55 21 18 36 54 42 22 38 27 29 6 8 8 3 51 1 10 38 32 13 36 5 47 42 2 11 65 48 12 26 67 56 19 18 
17 5 56 5 29 30 6 17 17 13 31 25 53 51 41 8 10 67 9 10 29 11 12 4 51 18 36 32 67 32 9 7 3 8 33 34 24 39 1 36 6 72 39 3 33 23 27 26 75 8 32 34 26 41 42 47 37 
18 16 10 4 9 11 45 60 72 65 11 11 19 43 62 14 47 9 59 11 42 32 57 8 47 66 9 21 10 16 23 17 48 29 46 54 20 10 28 7 19 4 50 35 31 32 32 28 8 31 3 41 38 6 16 39 
19 25 22 60 45 14 2 38 23 23 23 27 18 39 6 3 13 41 8 42 2 22 15 24 15 39 9 30 38 9 23 3 47 23 38 14 32 28 35 10 18 50 30 13 21 29 4 13 25 55 36 40 14 33 16 
20 54 21 29 63 71 2 4 13 60 48 16 33 20 20 49 28 13 45 35 30 4 14 13 14 40 57 42 18 27 11 52 4 13 1 26 26 3 8 42 44 60 42 26 26 6 30 46 63 47 3 21 61 1 1 
21 20 14 39 23 33 2 37 9 1 32 1 2 9 18 16 27 59 7 3 29 10 24 45 32 11 5 21 21 52 11 27 39 23 59 5 66 13 4 21 21 19 33 54 39 12 1 14 33 37 20 30 28 11 
22 19 22 22 13 23 25 29 39 71 4 36 33 16 38 15 14 5 32 26 26 19 46 5 37 41 12 47 48 36 60 16 6 34 28 2 24 70 4 34 46 32 13 49 3 57 68 58 41 3 33 12 69 42 
23 22 43 7 7 11 21 19 19 19 47 29 6 24 15 41 12 3 31 40 14 13 8 8 15 28 51 18 52 7 19 8 1 56 19 7 14 57 57 21 13 28 17 38 2 36 24 38 13 8 42 3 4 
24 41 1 2 40 68 72 51 41 2 25 48 28 56 6 26 31 23 12 25 13 16 14 19 33 37 21 35 36 28 13 9 17 47 34 32 22 14 44 44 23 33 40 15 5 53 31 11 15 9 36 
25 19 13 2 22 49 24 1 2 35 17 16 31 4 24 29 74 45 34 56 9 45 30 8 37 7 35 43 52 31 7 36 48 58 5 30 19 67 5 37 26 45 45 46 46 2 1 48 
26 15 47 53 50 29 11 15 36 2 27 38 8 4 24 22 56 22 34 62 33 34 36 3 39 10 28 11 49 15 37 31 20 5 55 20 17 31 20 20 10 25 17 2 35 16 10 
27 12 29 5 29 5 14 19 26 37 63 63 9 1 39 40 57 47 21 28 50 36 14 16 7 20 55 21 50 39 49 35 29 3 7 17 28 7 30 11 33 36 11 15 40 67 57 
28 49 48 3 16 68 42 24 12 20 46 30 63 6 23 7 62 27 39 35 44 6 4 70 26 48 30 24 19 8 18 23 6 22 35 48 40 27 4 12 18 3 36 8 7 7 21 
29 20 59 36 11 27 37 1 22 40 26 27 17 64 53 23 46 15 25 2 17 21 71 48 2 36 18 8 16 33 15 44 27 7 19 5 7 39 36 3 5 7 45 41 29 29 12 
30 54 45 47 11 48 17 48 6 3 33 61 28 20 37 68 25 50 19 4 38 60 11 39 28 15 14 32 33 63 35 34 6 33 5 19 15 32 25 43 27 20 42 9 4 21 53 
31 31 31 36 75 67 7 9 34 13 17 5 6 24 25 14 23 44 53 3 3 15 35 10 4 14 25 9 26 64 10 1 26 18 7 18 1 32 7 7 7 38 24 62 62 32 52 
32 50 9 14 44 41 1 2 53 40 5 42 39 22 18 21 1 46 37 17 6 17 6 21 50 47 19 54 30 24 1 13 33 16 30 22 18 18 48 6 17 6 33 31 11 31 44 
33 14 39 21 22 52 6 20 1 47 30 11 26 51 8 24 29 43 17 50 35 51 30 65 10 35 32 30 17 47 2 70 7 21 24 27 45 32 7 2 21 9 22 5 19 12 48 
34 39 35 56 35 12 14 10 31 2 1 4 8 14 14 3 12 16 26 37 25 13 26 8 10 6 8 9 6 17 2 24 22 46 38 30 34 34 57 22 17 72 11 1 6 4 
35 59 34 2 1 34 58 25 1 5 20 6 12 5 37 5 12 37 65 28 24 9 58 57 25 39 31 15 4 39 27 33 7 40 19 59 33 30 28 54 7 3 46 18 12 26 
36 29 31 12 6 62 22 13 26 14 12 42 5 26 45 17 40 29 16 22 44 40 27 24 12 17 57 45 25 16 11 52 7 23 12 38 52 27 29 19 51 28 2 24 59 63 
37 13 29 2 10 1 21 27 13 55 56 49 55 34 65 30 22 57 5 46 35 5 6 14 32 24 35 13 25 3 50 1 26 56 46 11 11 57 63 25 52 7 21 17 1 
38 50 42 15 19 8 9 41 1 12 52 22 26 8 2 14 15 58 1 2 19 60 30 43 16 67 19 6 34 16 23 14 13 7 5 36 53 23 55 1 9 43 31 39 18 
39 34 2 33 21 67 22 8 12 5 55 19 60 32 5 27 49 12 7 19 56 11 28 26 30 35 62 21 17 35 27 42 17 7 9 5 21 29 43 48 15 38 10 18 
40 55 1 24 29 5 4 32 7 4 57 7 10 27 23 1 20 72 36 5 47 14 36 1 45 35 44 2 10 40 40 28 44 48 24 8 49 27 19 10 50 43 
41 24 5 59 32 49 24 38 44 7 55 42 15 2 19 17 23 15 11 51 22 54 4 59 14 46 8 5 14 55 5 9 13 47 17 3 18 47 22 13 29 8 
42 59 38 28 4 12 59 41 32 44 1 18 36 19 16 7 45 49 4 20 50 16 5 49 50 49 11 12 7 39 20 20 1 14 16 30 57 17 23 22 
43 61 23 10 44 10 71 7 61 63 48 1 18 5 8 44 38 12 45 25 66 33 1 9 2 3 43 43 6 71 30 39 53 50 38 46 52 52 40 
44 32 43 12 41 13 53 6 5 42 3 31 5 53 43 4 36 28 9 2 29 15 40 2 1 49 20 24 24 11 40 7 4 13 10 9 32 
45 64 2 7 12 53 19 30 12 18 3 2 8 20 25 11 25 36 9 42 6 21 4 43 56 2 36 40 57 33 25 25 10 4 29 
46 9 13 73 12 69 29 28 22 37 32 41 18 9 14 13 58 9 1 49 34 37 61 35 22 51 20 55 46 46 25 25 15 43 8 
47 9 14 66 30 26 3 4 4 23 18 33 50 18 27 10 22 63 40 19 32 24 3 41 33 16 20 48 17 41 1 5 5 
48 28 30 24 20 43 30 1 3 18 29 22 10 4 10 28 8 10 28 8 25 54 3 1 40 32 10 39 49 47 16 25 33 
49 13 28 25 41 53 9 20 15 1 37 39 8 55 10 42 4 42 42 46 27 26 51 65 44 58 22 1 48 40 6 
50 32 38 12 26 61 69 11 47 12 15 52 30 27 42 32 37 42 33 27 53 19 18 43 14 5 5 40 
51 9 24 15 17 6 33 41 4 23 17 8 4 33 9 16 49 4 15 10 46 36 2 5 7 
52 12 64 38 33 6 50 23 13 7 21 25 20 56 14 36 36 37 6 6 10 4 43 31 43 
53 45 2 26 49 32 44 29 17 54 10 44 31 50 7 38 43 10 4 54 7 24 30 
54 20 30 53 6 7 41 2 16 18 54 54 32 3 35 48 21 5 11 53 6 8 
55 40 41 39 37 37 1 4 16 49 15 27 11 13 8 41 8 26 19 10 38 46 
56 34 17 7 24 37 26 25 39 23 3 45 15 6 52 37 9 12 4 16 
57 40 18 37 27 20 35 23 23 36 13 1 34 37 71 45 42 22 27 
58 35 10 14 8 3 7 38 35 46 6 2 25 49 3 22 5 7 
59 35 29 41 42 66 42 11 18 21 15 41 21 12 35 11 4 36 
60 19 68 18 3 20 2 39 7 38 22 1 30 9 20 70 4 
61 43 70 43 50 30 13 10 8 69 46 5 8 12 1 20 
62 36 18 6 15 71 26 4 28 3 39 11 31 31 
63 20 43 27 27 28 2 47 1 30 37 64 20 36 
64 45 16 52 29 1 14 14 31 3 63 1 6 
65 11 16 10 5 12 18 37 35 33 49 16 12 
66 47 59 5 12 18 2 9 43 21 70 
67 8 31 39 16 17 17 38 25 27 16 
68 28 24 60 10 30 69 9 72 11 22 
69 7 50 46 72 68 61 15 4 22 
70 61 28 5 22 33 60 2 66 
71 20 43 22 13 62 29 43 57 
72 24 18 7 69 40 17 68 34 
73 46 13 
74 25 14 
75 31 17 
76 2 
