44
43 42 41 41 41 41 38 37 35 35 35 34 32 32 30 29 29 29 26 26 25 24 24 24 24 23 22 22 21 21 19 18 18 16 14 12 12 11 10 10 8 7 5 3 1 0 
1 2 6 5 4 3 7 8 11 10 9 12 14 13 15 18 17 16 20 19 21 25 24 23 22 26 28 27 30 29 31 33 32 34 35 37 36 38 40 39 41 42 43 44 
2 1 
3 1 
4 1 
5 1 
6 1 
7 1 
8 1 
9 1 
10 1 
11 1 
12 1 
13 1 
14 1 
15 1 
16 1 
17 1 
18 1 
19 1 
20 1 
21 1 
22 1 
23 1 
24 1 
25 1 
26 1 
27 1 
28 1 
29 1 
30 1 
31 1 
32 1 
33 1 
34 1 
35 1 
36 1 
37 1 
38 1 
39 1 
40 1 
41 1 
42 1 
43 1 
44 1 
