26
25 21 19 19 17 14 14 14 11 11 11 11 10 10 9 7 7 7 7 7 7 5 4 4 2 2 1 
1 26 21 18 17 14 10 9 8 4 4 4 3 3 3 3 2 2 2 2 2 2 
2 26 21 18 17 14 10 9 8 4 4 4 3 3 3 3 1 1 1 1 1 1 
3 26 21 18 17 14 10 9 8 4 4 4 1 2 1 2 1 2 1 2 
4 26 21 18 17 14 10 9 8 1 2 3 1 2 3 1 2 3 
5 26 21 18 17 14 10 9 8 
6 26 21 18 17 14 10 9 8 
7 26 21 18 17 14 10 9 8 
8 26 21 18 17 14 10 9 1 2 3 4 5 6 7 
9 26 21 18 17 14 10 1 2 3 4 5 6 7 8 
10 26 21 18 17 14 1 2 3 4 5 6 7 8 9 
11 26 21 18 17 14 
12 26 21 18 17 14 
13 26 21 18 17 14 
14 26 21 18 17 1 2 3 4 5 6 7 8 9 10 11 12 13 
15 26 21 18 17 
16 26 21 18 17 
17 26 21 18 1 2 3 4 5 6 7 8 9 10 11 12 13 14 15 16 
18 26 21 1 2 3 4 5 6 7 8 9 10 11 12 13 14 15 16 17 
19 26 21 
20 26 21 
21 26 1 2 3 4 5 6 7 8 9 10 11 12 13 14 15 16 17 18 19 20 
22 26 
23 26 
24 26 
25 26 
26 1 2 3 4 5 6 7 8 9 10 11 12 13 14 15 16 17 18 19 20 21 22 23 24 25 
