37
36 36 35 35 33 32 31 30 29 29 28 28 27 27 26 26 23 23 23 22 18 18 17 17 17 16 16 15 15 14 9 7 7 6 6 4 3 
1 6 20 36 33 18 13 3 13 5 6 10 14 12 9 18 20 18 12 25 21 23 26 9 19 32 3 6 16 13 19 4 19 5 5 13 33 
2 13 9 6 17 6 6 4 18 19 17 11 15 34 21 5 22 25 8 33 28 27 14 26 24 23 16 9 12 6 12 21 8 12 27 12 22 
3 24 4 1 5 22 10 4 27 28 8 6 5 8 19 20 9 15 18 8 15 20 11 28 15 16 17 1 28 6 21 18 11 3 3 21 
4 10 3 24 11 2 5 18 17 3 5 6 10 14 24 21 6 7 14 14 19 30 7 6 23 11 27 1 17 10 12 30 8 8 17 31 
5 20 29 1 3 8 33 27 19 4 4 3 36 11 10 2 19 14 5 5 29 8 19 29 24 12 15 23 13 29 27 20 1 1 
6 1 16 17 22 17 2 6 6 2 2 1 35 11 3 4 15 4 23 10 30 22 4 18 30 3 1 27 25 2 16 26 20 
7 28 29 8 15 28 23 16 16 23 15 28 23 14 4 21 34 35 16 17 16 16 20 23 4 18 17 25 24 24 22 17 
8 9 16 31 8 8 7 14 19 5 22 16 18 3 19 3 14 16 5 8 8 3 2 11 24 11 2 23 4 4 13 
9 8 18 2 15 15 12 32 31 1 29 24 19 24 10 15 34 12 17 3 30 9 9 24 27 23 15 1 30 2 
10 4 12 1 3 20 4 18 15 9 5 12 16 36 16 6 30 12 10 10 26 25 26 26 24 15 4 24 26 17 
11 13 17 32 12 4 16 26 15 2 24 6 5 27 13 19 28 27 14 8 3 4 3 8 27 25 14 35 24 
12 16 28 10 9 11 1 35 22 20 10 19 22 9 1 28 5 10 16 17 2 34 2 4 15 2 18 2 33 
13 2 11 25 1 21 1 15 22 16 17 29 27 18 20 11 23 26 26 20 20 23 5 1 20 31 1 8 
14 16 20 8 28 21 1 15 20 29 4 17 8 21 29 7 5 4 4 11 17 27 2 19 22 25 17 11 
15 9 7 9 13 14 11 37 34 2 30 10 9 6 7 3 25 3 5 9 22 3 19 10 19 12 18 
16 6 14 8 12 20 22 11 8 7 13 16 16 7 8 10 30 21 10 7 7 7 12 3 2 1 6 
17 6 34 11 6 2 2 4 13 18 14 21 21 9 7 14 7 3 12 4 14 7 4 10 
18 9 1 30 2 4 8 1 17 25 30 10 1 13 3 18 18 7 6 3 19 29 12 15 
19 8 5 2 8 9 31 12 28 5 3 11 26 5 4 1 15 14 1 18 19 19 15 1 
20 1 5 14 16 14 1 10 12 3 13 20 20 13 3 13 7 32 25 13 5 6 29 
21 13 14 22 17 4 2 27 14 17 7 16 29 1 25 3 2 31 3 
22 6 16 3 13 8 21 12 24 2 12 29 6 36 15 7 14 28 2 
23 31 33 7 7 6 7 13 5 9 1 13 7 25 2 4 32 8 
24 3 4 26 11 9 9 4 22 9 5 8 2 7 7 10 10 11 
25 13 18 25 25 2 1 15 23 20 21 10 7 6 26 37 14 11 
26 31 11 24 26 26 19 13 13 1 10 2 10 10 25 6 10 
27 5 3 27 27 21 13 11 11 9 2 14 5 6 4 11 2 
28 7 12 14 7 3 30 7 19 11 12 37 2 3 3 22 
29 7 5 9 14 13 14 29 29 22 5 5 21 5 18 20 
30 18 28 15 18 32 16 9 6 4 10 32 9 6 4 
31 23 35 8 26 9 19 13 21 4 
32 11 9 30 20 30 1 23 
33 1 5 23 2 35 1 12 
34 17 15 2 9 7 12 
35 31 12 6 7 33 11 
36 1 5 10 22 
37 15 28 25 
