40
37 37 36 36 35 34 32 29 27 26 25 23 22 22 22 22 21 20 18 17 17 16 15 15 15 13 12 11 11 10 9 9 8 8 7 7 4 2 1 1 0 0 
1 22 5 30 22 2 31 20 20 13 3 28 31 13 16 3 5 13 19 15 2 1 1 6 17 9 16 9 3 9 7 7 17 15 31 33 12 13 
2 16 27 24 8 33 3 14 12 34 9 1 6 6 3 18 6 8 1 8 6 12 11 19 7 33 32 8 20 8 24 6 14 30 30 3 24 23 
3 10 7 3 3 11 18 22 11 2 18 31 15 2 1 1 17 4 21 31 12 7 10 14 5 18 5 1 4 23 17 7 5 2 11 17 13 
4 25 21 31 18 13 4 4 29 12 12 27 31 9 24 6 17 16 13 3 27 17 16 21 11 27 5 3 12 23 18 9 26 29 22 8 27 
5 15 1 8 32 13 7 8 35 8 11 6 8 17 19 1 8 23 34 23 5 5 16 7 24 3 12 3 4 32 11 11 29 3 15 16 
6 31 22 9 11 12 8 26 36 9 15 2 2 36 5 13 4 2 23 2 1 35 6 6 33 10 11 9 39 12 17 2 21 8 16 
7 15 9 3 23 26 28 5 15 14 20 12 33 8 10 13 10 3 2 14 5 35 29 32 19 27 1 25 3 1 11 14 15 
8 29 5 30 2 6 18 5 5 19 37 5 23 5 7 2 14 2 12 22 10 11 2 2 25 33 6 17 4 26 
9 17 7 23 22 29 6 32 2 15 6 17 15 10 4 12 10 12 17 1 1 6 37 1 4 19 11 19 
10 3 13 13 14 12 30 9 19 18 16 21 7 27 14 9 7 3 22 8 33 6 26 32 34 18 26 
11 33 3 20 3 6 20 36 5 27 11 11 35 16 22 2 8 4 6 5 5 26 9 7 37 3 
12 23 15 6 2 4 4 10 13 7 9 3 22 8 2 9 16 21 34 5 6 4 30 1 
13 10 16 10 17 5 4 12 25 6 1 1 1 4 20 7 16 26 14 34 15 3 1 
14 24 10 16 36 28 2 15 7 15 8 10 28 7 3 13 20 20 2 28 7 14 14 
15 7 5 18 32 12 25 14 7 9 3 6 9 24 22 1 14 24 34 13 5 1 7 
16 2 19 24 13 14 19 10 1 4 11 4 13 12 19 5 1 24 6 34 16 16 5 
17 9 13 17 17 9 18 5 4 3 4 1 9 25 6 25 3 29 23 1 8 3 
18 15 29 3 26 4 25 8 3 17 10 2 21 22 19 25 3 30 4 19 10 
19 16 35 40 23 27 16 8 35 10 5 1 18 2 16 7 9 18 9 
20 11 25 29 11 27 21 7 1 1 20 20 13 21 14 14 2 21 
21 29 4 23 36 20 29 18 10 3 20 4 30 26 12 22 6 20 
22 1 9 6 3 1 27 15 18 11 12 10 8 28 21 32 4 
23 9 25 7 19 12 21 8 6 5 5 24 3 4 17 2 
24 2 14 16 34 25 31 4 15 15 5 16 23 2 25 2 
25 4 23 36 20 18 15 24 13 28 18 17 24 17 7 8 
26 7 18 6 38 37 13 21 11 4 28 10 8 10 
27 2 19 20 22 4 11 10 4 32 4 7 4 
28 7 14 28 28 25 1 14 22 26 14 30 
29 21 8 18 20 9 4 21 7 17 5 4 
30 38 8 1 10 21 18 2 2 12 28 
31 6 4 3 24 1 4 1 3 1 
32 15 5 9 2 27 7 5 22 10 
33 11 2 7 2 6 10 8 1 
34 24 2 5 12 13 15 16 10 
35 19 5 19 11 6 7 36 
36 25 14 21 6 11 6 35 
37 8 26 9 11 
38 30 26 
39 6 
40 19 
