92
91 90 88 86 84 84 84 84 84 83 82 81 78 78 77 76 76 71 71 70 69 68 67 67 67 63 62 62 61 61 57 57 56 56 55 53 53 53 51 51 51 50 49 48 48 48 48 47 47 46 46 45 44 43 40 39 39 35 35 34 33 31 25 25 24 22 21 21 21 21 21 20 19 18 17 15 14 14 14 13 13 12 11 10 10 8 8 7 7 5 5 4 2 
1 2 3 4 9 8 7 6 5 10 11 12 14 13 15 17 16 19 18 20 21 22 25 24 23 26 28 27 30 29 32 31 34 33 35 38 37 36 41 40 39 42 43 47 46 45 44 49 48 51 50 52 53 54 55 57 56 59 58 60 61 62 64 63 65 66 71 70 69 68 67 72 73 74 75 76 79 78 77 81 80 82 83 85 84 87 86 89 88 91 90 92 
2 1 
3 1 
4 1 
5 1 
6 1 
7 1 
8 1 
9 1 
10 1 
11 1 
12 1 
13 1 
14 1 
15 1 
16 1 
17 1 
18 1 
19 1 
20 1 
21 1 
22 1 
23 1 
24 1 
25 1 
26 1 
27 1 
28 1 
29 1 
30 1 
31 1 
32 1 
33 1 
34 1 
35 1 
36 1 
37 1 
38 1 
39 1 
40 1 
41 1 
42 1 
43 1 
44 1 
45 1 
46 1 
47 1 
48 1 
49 1 
50 1 
51 1 
52 1 
53 1 
54 1 
55 1 
56 1 
57 1 
58 1 
59 1 
60 1 
61 1 
62 1 
63 1 
64 1 
65 1 
66 1 
67 1 
68 1 
69 1 
70 1 
71 1 
72 1 
73 1 
74 1 
75 1 
76 1 
77 1 
78 1 
79 1 
80 1 
81 1 
82 1 
83 1 
84 1 
85 1 
86 1 
87 1 
88 1 
89 1 
90 1 
91 1 
92 1 
