26
25 24 22 22 20 19 19 19 18 18 17 17 17 15 15 14 12 12 11 10 9 9 6 5 5 2 
1 26 25 24 23 22 21 20 19 18 17 16 15 14 13 12 11 10 9 8 7 6 5 4 3 2 
2 25 24 23 22 21 20 19 18 17 17 16 14 13 12 11 10 9 8 7 6 5 4 3 1 
3 23 22 21 20 19 18 17 16 15 14 13 12 11 10 9 8 7 6 5 4 1 2 
4 23 22 21 20 20 18 18 16 15 14 13 12 11 10 9 8 7 6 5 3 2 1 
5 21 20 19 18 17 16 15 14 13 12 11 10 9 8 7 6 3 2 1 4 
6 24 23 18 17 16 15 14 13 12 11 10 9 8 7 5 2 4 3 1 
7 23 22 21 20 20 17 14 13 12 11 10 9 8 6 1 3 2 4 5 
8 24 19 18 17 16 15 14 13 12 11 10 9 4 7 5 1 3 2 6 
9 19 18 17 16 15 14 13 12 11 10 7 3 2 1 8 4 5 6 
10 19 18 17 16 15 14 13 12 11 8 4 7 1 9 6 5 2 3 
11 18 17 16 15 14 13 12 3 1 6 7 5 8 10 9 4 2 
12 21 19 16 15 14 13 4 7 11 1 8 6 10 5 3 9 2 
13 19 18 16 15 14 3 8 6 1 9 11 4 5 10 7 2 12 
14 25 15 2 8 10 3 12 11 1 7 5 4 9 13 6 
15 25 21 21 4 5 10 12 9 1 8 13 11 14 3 6 
16 26 19 11 8 2 3 9 12 10 13 5 6 4 1 
17 22 8 1 7 2 2 9 5 3 10 6 11 
18 13 3 4 4 11 9 5 8 6 1 10 2 
19 22 5 13 12 16 2 1 10 9 3 8 
20 24 22 7 4 5 3 4 7 2 1 
21 7 15 12 15 3 5 1 4 2 
22 25 19 17 20 7 3 2 4 1 
23 6 7 2 1 4 3 
24 20 6 8 1 2 
25 14 15 22 2 1 
26 16 1 
