50
49 46 46 45 44 44 42 41 40 39 37 36 35 34 33 32 31 28 28 27 27 25 25 24 22 22 21 19 19 19 18 17 15 14 14 14 14 12 11 11 8 8 7 7 6 5 5 5 4 1 
1 24 10 7 8 23 45 4 3 6 42 34 2 3 36 33 10 31 31 21 17 16 8 20 14 21 4 31 5 16 5 27 12 12 7 44 9 25 14 14 12 20 26 17 16 6 43 1 1 9 
2 8 21 10 20 29 6 36 28 1 5 21 8 23 12 48 41 20 18 9 3 6 16 5 27 20 8 8 43 31 46 11 31 2 2 23 10 16 14 5 16 26 13 47 38 20 5 
3 27 22 17 16 11 10 29 8 31 4 8 1 16 8 20 25 5 1 17 22 24 21 17 2 27 18 32 20 17 17 18 21 4 13 18 16 7 20 12 4 25 37 40 15 41 10 
4 7 22 11 1 3 19 43 12 11 26 28 9 14 13 6 30 11 1 36 27 27 32 15 25 22 21 49 19 13 34 17 37 11 3 15 6 29 44 8 26 9 3 25 14 28 
5 21 22 16 27 37 9 24 16 2 3 17 24 36 27 16 10 38 16 28 10 18 2 7 1 7 1 10 7 19 21 35 11 14 25 6 42 2 25 14 22 37 20 21 2 
6 24 12 2 9 15 9 1 19 8 4 30 24 16 20 14 21 2 32 15 13 10 24 36 17 4 29 23 18 22 32 44 50 5 39 16 38 23 12 1 8 24 17 6 6 
7 11 4 11 1 12 31 13 40 15 35 11 8 18 18 14 20 35 11 13 11 21 17 5 33 37 5 13 5 19 1 10 23 3 28 14 10 18 26 33 23 23 27 
8 2 10 37 29 1 14 3 3 22 25 3 6 26 46 29 2 37 7 10 1 19 40 10 41 2 33 16 2 33 14 11 4 8 8 21 40 19 10 9 6 11 
9 15 6 6 5 4 33 13 29 13 17 2 40 30 30 19 10 35 17 29 15 23 47 32 23 20 28 1 17 14 22 34 4 25 12 42 31 8 12 11 1 
10 8 2 1 3 17 14 14 1 8 34 16 28 5 5 14 8 29 16 9 12 11 24 6 22 26 5 25 30 7 15 28 7 2 24 38 36 8 37 3 
11 7 7 26 3 4 13 18 4 38 16 7 48 15 4 15 7 7 10 20 43 13 13 4 19 27 8 24 18 24 13 2 13 5 27 22 9 8 
12 6 7 47 21 4 25 21 20 16 43 2 29 17 28 10 13 21 34 1 1 22 39 23 13 3 23 15 1 16 13 9 14 6 9 33 33 
13 31 11 7 9 4 9 19 30 7 30 16 12 6 4 11 7 11 19 20 26 3 18 26 23 11 12 11 14 39 12 32 39 2 27 19 
14 39 8 18 4 10 10 7 1 6 22 10 21 18 32 25 27 8 7 9 20 13 1 5 26 1 35 45 2 12 18 5 41 4 23 
15 9 21 6 18 7 16 18 25 29 11 11 30 33 24 4 6 41 18 27 48 9 26 22 4 39 10 24 26 12 19 20 3 36 
16 5 3 44 17 3 18 5 11 15 12 10 5 30 1 5 6 35 13 2 10 30 8 25 1 3 2 12 6 2 1 17 38 
17 26 3 16 26 36 10 3 5 3 1 9 33 12 23 7 36 9 3 3 18 4 6 23 41 36 9 19 23 1 6 16 
18 27 15 11 14 16 39 23 28 15 7 7 30 22 2 5 3 36 14 17 15 3 13 3 11 6 7 35 14 
19 32 4 6 46 21 36 25 49 13 8 19 19 9 24 4 13 11 5 7 44 35 15 23 17 8 25 13 28 
20 2 22 3 12 30 38 2 7 1 6 3 11 2 21 13 27 9 14 3 41 1 39 15 25 31 5 2 
21 5 2 15 12 12 19 27 2 22 3 1 1 6 46 24 7 14 28 4 20 3 12 5 8 26 25 5 
22 5 29 3 20 4 8 3 27 21 18 25 14 40 4 29 10 15 12 31 6 9 42 11 26 5 
23 37 37 1 45 18 2 48 17 9 9 7 17 6 13 12 12 2 28 19 43 6 7 17 7 14 
24 6 1 30 5 3 5 6 15 21 26 19 10 47 6 37 42 11 15 11 27 30 10 49 6 
25 32 8 12 3 34 15 19 45 22 4 16 14 10 1 9 5 3 4 5 19 20 21 
26 17 11 17 4 8 28 30 33 24 10 15 13 13 4 15 7 21 14 22 39 1 2 
27 3 18 5 21 22 5 4 4 3 2 34 15 14 1 11 20 24 32 11 7 13 
28 48 2 40 4 18 32 26 10 5 12 21 42 9 10 7 23 34 4 19 
29 22 34 8 3 2 32 37 8 15 41 9 12 10 22 9 4 6 40 35 
30 24 34 49 20 6 18 13 4 16 13 26 15 9 9 16 40 10 24 31 
31 13 7 3 1 1 37 1 34 38 2 35 22 38 2 34 9 30 20 
32 19 25 40 29 45 28 33 4 6 3 14 9 44 6 27 13 38 
33 33 33 9 1 32 17 35 15 26 7 8 8 7 12 12 
34 43 29 30 1 25 10 31 38 27 4 12 31 9 28 
35 38 7 16 7 33 9 31 5 19 29 37 14 18 46 
36 2 17 1 19 5 39 4 18 17 6 17 10 45 15 
37 23 23 8 5 29 8 31 7 24 4 35 3 10 5 
38 35 11 20 5 34 31 31 10 6 32 2 16 
39 14 18 36 40 12 15 13 6 13 20 26 
40 32 28 7 39 8 9 22 30 29 8 3 
41 29 2 8 15 17 20 3 14 
42 1 44 47 28 24 22 9 5 
43 34 4 12 11 2 23 1 
44 16 42 1 4 32 19 6 
45 1 32 23 25 14 36 
46 19 8 21 2 35 
47 12 42 24 9 2 
48 28 11 2 23 15 
49 30 19 4 24 
50 6 
