67
66 66 65 64 63 62 62 60 60 59 59 59 58 57 57 57 55 53 51 51 50 47 45 45 44 44 44 44 43 43 42 39 37 36 36 34 34 32 31 31 29 29 27 27 27 27 25 23 23 23 22 22 22 22 19 17 14 11 9 9 9 9 8 7 7 5 5 4 
1 67 66 64 62 60 58 57 54 53 51 50 49 47 45 44 43 40 37 34 33 31 27 24 23 21 20 19 18 16 15 13 9 6 4 3 2 2 2 2 2 
2 67 66 64 62 60 58 57 54 53 51 50 49 47 45 44 43 40 37 34 33 31 27 24 23 21 20 19 18 16 15 13 9 6 4 3 1 1 1 1 1 
3 67 66 64 62 60 58 57 54 53 51 50 49 47 45 44 43 40 37 34 33 31 27 24 23 21 20 19 18 16 15 13 9 6 4 1 2 
4 67 66 64 62 60 58 57 54 53 51 50 49 47 45 44 43 40 37 34 33 31 27 24 23 21 20 19 18 16 15 13 9 6 1 2 3 
5 67 66 64 62 60 58 57 54 53 51 50 49 47 45 44 43 40 37 34 33 31 27 24 23 21 20 19 18 16 15 13 9 6 
6 67 66 64 62 60 58 57 54 53 51 50 49 47 45 44 43 40 37 34 33 31 27 24 23 21 20 19 18 16 15 13 9 1 2 3 4 5 
7 67 66 64 62 60 58 57 54 53 51 50 49 47 45 44 43 40 37 34 33 31 27 24 23 21 20 19 18 16 15 13 9 
8 67 66 64 62 60 58 57 54 53 51 50 49 47 45 44 43 40 37 34 33 31 27 24 23 21 20 19 18 16 15 13 9 
9 67 66 64 62 60 58 57 54 53 51 50 49 47 45 44 43 40 37 34 33 31 27 24 23 21 20 19 18 16 15 13 1 2 3 4 5 6 7 8 
10 67 66 64 62 60 58 57 54 53 51 50 49 47 45 44 43 40 37 34 33 31 27 24 23 21 20 19 18 16 15 13 
11 67 66 64 62 60 58 57 54 53 51 50 49 47 45 44 43 40 37 34 33 31 27 24 23 21 20 19 18 16 15 13 
12 67 66 64 62 60 58 57 54 53 51 50 49 47 45 44 43 40 37 34 33 31 27 24 23 21 20 19 18 16 15 13 
13 67 66 64 62 60 58 57 54 53 51 50 49 47 45 44 43 40 37 34 33 31 27 24 23 21 20 19 18 16 15 1 2 3 4 5 6 7 8 9 10 11 12 
14 67 66 64 62 60 58 57 54 53 51 50 49 47 45 44 43 40 37 34 33 31 27 24 23 21 20 19 18 16 15 
15 67 66 64 62 60 58 57 54 53 51 50 49 47 45 44 43 40 37 34 33 31 27 24 23 21 20 19 18 16 1 2 3 4 5 6 7 8 9 10 11 12 13 14 
16 67 66 64 62 60 58 57 54 53 51 50 49 47 45 44 43 40 37 34 33 31 27 24 23 21 20 19 18 1 2 3 4 5 6 7 8 9 10 11 12 13 14 15 
17 67 66 64 62 60 58 57 54 53 51 50 49 47 45 44 43 40 37 34 33 31 27 24 23 21 20 19 18 
18 67 66 64 62 60 58 57 54 53 51 50 49 47 45 44 43 40 37 34 33 31 27 24 23 21 20 19 1 2 3 4 5 6 7 8 9 10 11 12 13 14 15 16 17 
19 67 66 64 62 60 58 57 54 53 51 50 49 47 45 44 43 40 37 34 33 31 27 24 23 21 20 1 2 3 4 5 6 7 8 9 10 11 12 13 14 15 16 17 18 
20 67 66 64 62 60 58 57 54 53 51 50 49 47 45 44 43 40 37 34 33 31 27 24 23 21 1 2 3 4 5 6 7 8 9 10 11 12 13 14 15 16 17 18 19 
21 67 66 64 62 60 58 57 54 53 51 50 49 47 45 44 43 40 37 34 33 31 27 24 23 1 2 3 4 5 6 7 8 9 10 11 12 13 14 15 16 17 18 19 20 
22 67 66 64 62 60 58 57 54 53 51 50 49 47 45 44 43 40 37 34 33 31 27 24 23 
23 67 66 64 62 60 58 57 54 53 51 50 49 47 45 44 43 40 37 34 33 31 27 24 1 2 3 4 5 6 7 8 9 10 11 12 13 14 15 16 17 18 19 20 21 22 
24 67 66 64 62 60 58 57 54 53 51 50 49 47 45 44 43 40 37 34 33 31 27 1 2 3 4 5 6 7 8 9 10 11 12 13 14 15 16 17 18 19 20 21 22 23 
25 67 66 64 62 60 58 57 54 53 51 50 49 47 45 44 43 40 37 34 33 31 27 
26 67 66 64 62 60 58 57 54 53 51 50 49 47 45 44 43 40 37 34 33 31 27 
27 67 66 64 62 60 58 57 54 53 51 50 49 47 45 44 43 40 37 34 33 31 1 2 3 4 5 6 7 8 9 10 11 12 13 14 15 16 17 18 19 20 21 22 23 24 25 26 
28 67 66 64 62 60 58 57 54 53 51 50 49 47 45 44 43 40 37 34 33 31 
29 67 66 64 62 60 58 57 54 53 51 50 49 47 45 44 43 40 37 34 33 31 
30 67 66 64 62 60 58 57 54 53 51 50 49 47 45 44 43 40 37 34 33 31 
31 67 66 64 62 60 58 57 54 53 51 50 49 47 45 44 43 40 37 34 33 1 2 3 4 5 6 7 8 9 10 11 12 13 14 15 16 17 18 19 20 21 22 23 24 25 26 27 28 29 30 
32 67 66 64 62 60 58 57 54 53 51 50 49 47 45 44 43 40 37 34 33 
33 67 66 64 62 60 58 57 54 53 51 50 49 47 45 44 43 40 37 34 1 2 3 4 5 6 7 8 9 10 11 12 13 14 15 16 17 18 19 20 21 22 23 24 25 26 27 28 29 30 31 32 
34 67 66 64 62 60 58 57 54 53 51 50 49 47 45 44 43 40 37 1 2 3 4 5 6 7 8 9 10 11 12 13 14 15 16 17 18 19 20 21 22 23 24 25 26 27 28 29 30 31 32 33 
35 67 66 64 62 60 58 57 54 53 51 50 49 47 45 44 43 40 37 
36 67 66 64 62 60 58 57 54 53 51 50 49 47 45 44 43 40 37 
37 67 66 64 62 60 58 57 54 53 51 50 49 47 45 44 43 40 1 2 3 4 5 6 7 8 9 10 11 12 13 14 15 16 17 18 19 20 21 22 23 24 25 26 27 28 29 30 31 32 33 34 35 36 
38 67 66 64 62 60 58 57 54 53 51 50 49 47 45 44 43 40 
39 67 66 64 62 60 58 57 54 53 51 50 49 47 45 44 43 40 
40 67 66 64 62 60 58 57 54 53 51 50 49 47 45 44 43 1 2 3 4 5 6 7 8 9 10 11 12 13 14 15 16 17 18 19 20 21 22 23 24 25 26 27 28 29 30 31 32 33 34 35 36 37 38 39 
41 67 66 64 62 60 58 57 54 53 51 50 49 47 45 44 43 
42 67 66 64 62 60 58 57 54 53 51 50 49 47 45 44 43 
43 67 66 64 62 60 58 57 54 53 51 50 49 47 45 44 1 2 3 4 5 6 7 8 9 10 11 12 13 14 15 16 17 18 19 20 21 22 23 24 25 26 27 28 29 30 31 32 33 34 35 36 37 38 39 40 41 42 
44 67 66 64 62 60 58 57 54 53 51 50 49 47 45 1 2 3 4 5 6 7 8 9 10 11 12 13 14 15 16 17 18 19 20 21 22 23 24 25 26 27 28 29 30 31 32 33 34 35 36 37 38 39 40 41 42 43 
45 67 66 64 62 60 58 57 54 53 51 50 49 47 1 2 3 4 5 6 7 8 9 10 11 12 13 14 15 16 17 18 19 20 21 22 23 24 25 26 27 28 29 30 31 32 33 34 35 36 37 38 39 40 41 42 43 44 
46 67 66 64 62 60 58 57 54 53 51 50 49 47 
47 67 66 64 62 60 58 57 54 53 51 50 49 1 2 3 4 5 6 7 8 9 10 11 12 13 14 15 16 17 18 19 20 21 22 23 24 25 26 27 28 29 30 31 32 33 34 35 36 37 38 39 40 41 42 43 44 45 46 
48 67 66 64 62 60 58 57 54 53 51 50 49 
49 67 66 64 62 60 58 57 54 53 51 50 1 2 3 4 5 6 7 8 9 10 11 12 13 14 15 16 17 18 19 20 21 22 23 24 25 26 27 28 29 30 31 32 33 34 35 36 37 38 39 40 41 42 43 44 45 46 47 48 
50 67 66 64 62 60 58 57 54 53 51 1 2 3 4 5 6 7 8 9 10 11 12 13 14 15 16 17 18 19 20 21 22 23 24 25 26 27 28 29 30 31 32 33 34 35 36 37 38 39 40 41 42 43 44 45 46 47 48 49 
51 67 66 64 62 60 58 57 54 53 1 2 3 4 5 6 7 8 9 10 11 12 13 14 15 16 17 18 19 20 21 22 23 24 25 26 27 28 29 30 31 32 33 34 35 36 37 38 39 40 41 42 43 44 45 46 47 48 49 50 
52 67 66 64 62 60 58 57 54 53 
53 67 66 64 62 60 58 57 54 1 2 3 4 5 6 7 8 9 10 11 12 13 14 15 16 17 18 19 20 21 22 23 24 25 26 27 28 29 30 31 32 33 34 35 36 37 38 39 40 41 42 43 44 45 46 47 48 49 50 51 52 
54 67 66 64 62 60 58 57 1 2 3 4 5 6 7 8 9 10 11 12 13 14 15 16 17 18 19 20 21 22 23 24 25 26 27 28 29 30 31 32 33 34 35 36 37 38 39 40 41 42 43 44 45 46 47 48 49 50 51 52 53 
55 67 66 64 62 60 58 57 
56 67 66 64 62 60 58 57 
57 67 66 64 62 60 58 1 2 3 4 5 6 7 8 9 10 11 12 13 14 15 16 17 18 19 20 21 22 23 24 25 26 27 28 29 30 31 32 33 34 35 36 37 38 39 40 41 42 43 44 45 46 47 48 49 50 51 52 53 54 55 56 
58 67 66 64 62 60 1 2 3 4 5 6 7 8 9 10 11 12 13 14 15 16 17 18 19 20 21 22 23 24 25 26 27 28 29 30 31 32 33 34 35 36 37 38 39 40 41 42 43 44 45 46 47 48 49 50 51 52 53 54 55 56 57 
59 67 66 64 62 60 
60 67 66 64 62 1 2 3 4 5 6 7 8 9 10 11 12 13 14 15 16 17 18 19 20 21 22 23 24 25 26 27 28 29 30 31 32 33 34 35 36 37 38 39 40 41 42 43 44 45 46 47 48 49 50 51 52 53 54 55 56 57 58 59 
61 67 66 64 62 
62 67 66 64 1 2 3 4 5 6 7 8 9 10 11 12 13 14 15 16 17 18 19 20 21 22 23 24 25 26 27 28 29 30 31 32 33 34 35 36 37 38 39 40 41 42 43 44 45 46 47 48 49 50 51 52 53 54 55 56 57 58 59 60 61 
63 67 66 64 
64 67 66 1 2 3 4 5 6 7 8 9 10 11 12 13 14 15 16 17 18 19 20 21 22 23 24 25 26 27 28 29 30 31 32 33 34 35 36 37 38 39 40 41 42 43 44 45 46 47 48 49 50 51 52 53 54 55 56 57 58 59 60 61 62 63 
65 67 66 
66 67 1 2 3 4 5 6 7 8 9 10 11 12 13 14 15 16 17 18 19 20 21 22 23 24 25 26 27 28 29 30 31 32 33 34 35 36 37 38 39 40 41 42 43 44 45 46 47 48 49 50 51 52 53 54 55 56 57 58 59 60 61 62 63 64 65 
67 1 2 3 4 5 6 7 8 9 10 11 12 13 14 15 16 17 18 19 20 21 22 23 24 25 26 27 28 29 30 31 32 33 34 35 36 37 38 39 40 41 42 43 44 45 46 47 48 49 50 51 52 53 54 55 56 57 58 59 60 61 62 63 64 65 66 
