84
83 82 81 81 80 78 75 74 74 74 73 72 71 71 70 69 69 68 68 68 67 66 66 62 61 61 60 60 60 60 59 59 59 59 58 56 51 49 48 47 45 45 44 43 42 42 42 37 36 35 35 35 35 35 32 32 31 30 30 30 28 27 26 25 24 24 23 23 21 19 18 18 17 17 14 14 14 10 7 5 5 5 4 2 1 0 0 
1 84 82 80 79 77 74 70 68 67 66 64 62 60 59 57 55 54 52 51 50 48 46 45 40 38 37 35 34 33 32 30 29 28 27 25 22 16 13 11 9 6 5 3 2 2 2 2 2 2 2 2 
2 84 82 80 79 77 74 70 68 67 66 64 62 60 59 57 55 54 52 51 50 48 46 45 40 38 37 35 34 33 32 30 29 28 27 25 22 16 13 11 9 6 5 3 1 1 1 1 1 1 1 1 
3 84 82 80 79 77 74 70 68 67 66 64 62 60 59 57 55 54 52 51 50 48 46 45 40 38 37 35 34 33 32 30 29 28 27 25 22 16 13 11 9 6 5 1 2 
4 84 82 80 79 77 74 70 68 67 66 64 62 60 59 57 55 54 52 51 50 48 46 45 40 38 37 35 34 33 32 30 29 28 27 25 22 16 13 11 9 6 5 
5 84 82 80 79 77 74 70 68 67 66 64 62 60 59 57 55 54 52 51 50 48 46 45 40 38 37 35 34 33 32 30 29 28 27 25 22 16 13 11 9 6 1 2 3 4 
6 84 82 80 79 77 74 70 68 67 66 64 62 60 59 57 55 54 52 51 50 48 46 45 40 38 37 35 34 33 32 30 29 28 27 25 22 16 13 11 9 1 2 3 4 5 
7 84 82 80 79 77 74 70 68 67 66 64 62 60 59 57 55 54 52 51 50 48 46 45 40 38 37 35 34 33 32 30 29 28 27 25 22 16 13 11 9 
8 84 82 80 79 77 74 70 68 67 66 64 62 60 59 57 55 54 52 51 50 48 46 45 40 38 37 35 34 33 32 30 29 28 27 25 22 16 13 11 9 
9 84 82 80 79 77 74 70 68 67 66 64 62 60 59 57 55 54 52 51 50 48 46 45 40 38 37 35 34 33 32 30 29 28 27 25 22 16 13 11 1 2 3 4 5 6 7 8 
10 84 82 80 79 77 74 70 68 67 66 64 62 60 59 57 55 54 52 51 50 48 46 45 40 38 37 35 34 33 32 30 29 28 27 25 22 16 13 11 
11 84 82 80 79 77 74 70 68 67 66 64 62 60 59 57 55 54 52 51 50 48 46 45 40 38 37 35 34 33 32 30 29 28 27 25 22 16 13 1 2 3 4 5 6 7 8 9 10 
12 84 82 80 79 77 74 70 68 67 66 64 62 60 59 57 55 54 52 51 50 48 46 45 40 38 37 35 34 33 32 30 29 28 27 25 22 16 13 
13 84 82 80 79 77 74 70 68 67 66 64 62 60 59 57 55 54 52 51 50 48 46 45 40 38 37 35 34 33 32 30 29 28 27 25 22 16 1 2 3 4 5 6 7 8 9 10 11 12 
14 84 82 80 79 77 74 70 68 67 66 64 62 60 59 57 55 54 52 51 50 48 46 45 40 38 37 35 34 33 32 30 29 28 27 25 22 16 
15 84 82 80 79 77 74 70 68 67 66 64 62 60 59 57 55 54 52 51 50 48 46 45 40 38 37 35 34 33 32 30 29 28 27 25 22 16 
16 84 82 80 79 77 74 70 68 67 66 64 62 60 59 57 55 54 52 51 50 48 46 45 40 38 37 35 34 33 32 30 29 28 27 25 22 1 2 3 4 5 6 7 8 9 10 11 12 13 14 15 
17 84 82 80 79 77 74 70 68 67 66 64 62 60 59 57 55 54 52 51 50 48 46 45 40 38 37 35 34 33 32 30 29 28 27 25 22 
18 84 82 80 79 77 74 70 68 67 66 64 62 60 59 57 55 54 52 51 50 48 46 45 40 38 37 35 34 33 32 30 29 28 27 25 22 
19 84 82 80 79 77 74 70 68 67 66 64 62 60 59 57 55 54 52 51 50 48 46 45 40 38 37 35 34 33 32 30 29 28 27 25 22 
20 84 82 80 79 77 74 70 68 67 66 64 62 60 59 57 55 54 52 51 50 48 46 45 40 38 37 35 34 33 32 30 29 28 27 25 22 
21 84 82 80 79 77 74 70 68 67 66 64 62 60 59 57 55 54 52 51 50 48 46 45 40 38 37 35 34 33 32 30 29 28 27 25 22 
22 84 82 80 79 77 74 70 68 67 66 64 62 60 59 57 55 54 52 51 50 48 46 45 40 38 37 35 34 33 32 30 29 28 27 25 1 2 3 4 5 6 7 8 9 10 11 12 13 14 15 16 17 18 19 20 21 
23 84 82 80 79 77 74 70 68 67 66 64 62 60 59 57 55 54 52 51 50 48 46 45 40 38 37 35 34 33 32 30 29 28 27 25 
24 84 82 80 79 77 74 70 68 67 66 64 62 60 59 57 55 54 52 51 50 48 46 45 40 38 37 35 34 33 32 30 29 28 27 25 
25 84 82 80 79 77 74 70 68 67 66 64 62 60 59 57 55 54 52 51 50 48 46 45 40 38 37 35 34 33 32 30 29 28 27 1 2 3 4 5 6 7 8 9 10 11 12 13 14 15 16 17 18 19 20 21 22 23 24 
26 84 82 80 79 77 74 70 68 67 66 64 62 60 59 57 55 54 52 51 50 48 46 45 40 38 37 35 34 33 32 30 29 28 27 
27 84 82 80 79 77 74 70 68 67 66 64 62 60 59 57 55 54 52 51 50 48 46 45 40 38 37 35 34 33 32 30 29 28 1 2 3 4 5 6 7 8 9 10 11 12 13 14 15 16 17 18 19 20 21 22 23 24 25 26 
28 84 82 80 79 77 74 70 68 67 66 64 62 60 59 57 55 54 52 51 50 48 46 45 40 38 37 35 34 33 32 30 29 1 2 3 4 5 6 7 8 9 10 11 12 13 14 15 16 17 18 19 20 21 22 23 24 25 26 27 
29 84 82 80 79 77 74 70 68 67 66 64 62 60 59 57 55 54 52 51 50 48 46 45 40 38 37 35 34 33 32 30 1 2 3 4 5 6 7 8 9 10 11 12 13 14 15 16 17 18 19 20 21 22 23 24 25 26 27 28 
30 84 82 80 79 77 74 70 68 67 66 64 62 60 59 57 55 54 52 51 50 48 46 45 40 38 37 35 34 33 32 1 2 3 4 5 6 7 8 9 10 11 12 13 14 15 16 17 18 19 20 21 22 23 24 25 26 27 28 29 
31 84 82 80 79 77 74 70 68 67 66 64 62 60 59 57 55 54 52 51 50 48 46 45 40 38 37 35 34 33 32 
32 84 82 80 79 77 74 70 68 67 66 64 62 60 59 57 55 54 52 51 50 48 46 45 40 38 37 35 34 33 1 2 3 4 5 6 7 8 9 10 11 12 13 14 15 16 17 18 19 20 21 22 23 24 25 26 27 28 29 30 31 
33 84 82 80 79 77 74 70 68 67 66 64 62 60 59 57 55 54 52 51 50 48 46 45 40 38 37 35 34 1 2 3 4 5 6 7 8 9 10 11 12 13 14 15 16 17 18 19 20 21 22 23 24 25 26 27 28 29 30 31 32 
34 84 82 80 79 77 74 70 68 67 66 64 62 60 59 57 55 54 52 51 50 48 46 45 40 38 37 35 1 2 3 4 5 6 7 8 9 10 11 12 13 14 15 16 17 18 19 20 21 22 23 24 25 26 27 28 29 30 31 32 33 
35 84 82 80 79 77 74 70 68 67 66 64 62 60 59 57 55 54 52 51 50 48 46 45 40 38 37 1 2 3 4 5 6 7 8 9 10 11 12 13 14 15 16 17 18 19 20 21 22 23 24 25 26 27 28 29 30 31 32 33 34 
36 84 82 80 79 77 74 70 68 67 66 64 62 60 59 57 55 54 52 51 50 48 46 45 40 38 37 
37 84 82 80 79 77 74 70 68 67 66 64 62 60 59 57 55 54 52 51 50 48 46 45 40 38 1 2 3 4 5 6 7 8 9 10 11 12 13 14 15 16 17 18 19 20 21 22 23 24 25 26 27 28 29 30 31 32 33 34 35 36 
38 84 82 80 79 77 74 70 68 67 66 64 62 60 59 57 55 54 52 51 50 48 46 45 40 1 2 3 4 5 6 7 8 9 10 11 12 13 14 15 16 17 18 19 20 21 22 23 24 25 26 27 28 29 30 31 32 33 34 35 36 37 
39 84 82 80 79 77 74 70 68 67 66 64 62 60 59 57 55 54 52 51 50 48 46 45 40 
40 84 82 80 79 77 74 70 68 67 66 64 62 60 59 57 55 54 52 51 50 48 46 45 1 2 3 4 5 6 7 8 9 10 11 12 13 14 15 16 17 18 19 20 21 22 23 24 25 26 27 28 29 30 31 32 33 34 35 36 37 38 39 
41 84 82 80 79 77 74 70 68 67 66 64 62 60 59 57 55 54 52 51 50 48 46 45 
42 84 82 80 79 77 74 70 68 67 66 64 62 60 59 57 55 54 52 51 50 48 46 45 
43 84 82 80 79 77 74 70 68 67 66 64 62 60 59 57 55 54 52 51 50 48 46 45 
44 84 82 80 79 77 74 70 68 67 66 64 62 60 59 57 55 54 52 51 50 48 46 45 
45 84 82 80 79 77 74 70 68 67 66 64 62 60 59 57 55 54 52 51 50 48 46 1 2 3 4 5 6 7 8 9 10 11 12 13 14 15 16 17 18 19 20 21 22 23 24 25 26 27 28 29 30 31 32 33 34 35 36 37 38 39 40 41 42 43 44 
46 84 82 80 79 77 74 70 68 67 66 64 62 60 59 57 55 54 52 51 50 48 1 2 3 4 5 6 7 8 9 10 11 12 13 14 15 16 17 18 19 20 21 22 23 24 25 26 27 28 29 30 31 32 33 34 35 36 37 38 39 40 41 42 43 44 45 
47 84 82 80 79 77 74 70 68 67 66 64 62 60 59 57 55 54 52 51 50 48 
48 84 82 80 79 77 74 70 68 67 66 64 62 60 59 57 55 54 52 51 50 1 2 3 4 5 6 7 8 9 10 11 12 13 14 15 16 17 18 19 20 21 22 23 24 25 26 27 28 29 30 31 32 33 34 35 36 37 38 39 40 41 42 43 44 45 46 47 
49 84 82 80 79 77 74 70 68 67 66 64 62 60 59 57 55 54 52 51 50 
50 84 82 80 79 77 74 70 68 67 66 64 62 60 59 57 55 54 52 51 1 2 3 4 5 6 7 8 9 10 11 12 13 14 15 16 17 18 19 20 21 22 23 24 25 26 27 28 29 30 31 32 33 34 35 36 37 38 39 40 41 42 43 44 45 46 47 48 49 
51 84 82 80 79 77 74 70 68 67 66 64 62 60 59 57 55 54 52 1 2 3 4 5 6 7 8 9 10 11 12 13 14 15 16 17 18 19 20 21 22 23 24 25 26 27 28 29 30 31 32 33 34 35 36 37 38 39 40 41 42 43 44 45 46 47 48 49 50 
52 84 82 80 79 77 74 70 68 67 66 64 62 60 59 57 55 54 1 2 3 4 5 6 7 8 9 10 11 12 13 14 15 16 17 18 19 20 21 22 23 24 25 26 27 28 29 30 31 32 33 34 35 36 37 38 39 40 41 42 43 44 45 46 47 48 49 50 51 
53 84 82 80 79 77 74 70 68 67 66 64 62 60 59 57 55 54 
54 84 82 80 79 77 74 70 68 67 66 64 62 60 59 57 55 1 2 3 4 5 6 7 8 9 10 11 12 13 14 15 16 17 18 19 20 21 22 23 24 25 26 27 28 29 30 31 32 33 34 35 36 37 38 39 40 41 42 43 44 45 46 47 48 49 50 51 52 53 
55 84 82 80 79 77 74 70 68 67 66 64 62 60 59 57 1 2 3 4 5 6 7 8 9 10 11 12 13 14 15 16 17 18 19 20 21 22 23 24 25 26 27 28 29 30 31 32 33 34 35 36 37 38 39 40 41 42 43 44 45 46 47 48 49 50 51 52 53 54 
56 84 82 80 79 77 74 70 68 67 66 64 62 60 59 57 
57 84 82 80 79 77 74 70 68 67 66 64 62 60 59 1 2 3 4 5 6 7 8 9 10 11 12 13 14 15 16 17 18 19 20 21 22 23 24 25 26 27 28 29 30 31 32 33 34 35 36 37 38 39 40 41 42 43 44 45 46 47 48 49 50 51 52 53 54 55 56 
58 84 82 80 79 77 74 70 68 67 66 64 62 60 59 
59 84 82 80 79 77 74 70 68 67 66 64 62 60 1 2 3 4 5 6 7 8 9 10 11 12 13 14 15 16 17 18 19 20 21 22 23 24 25 26 27 28 29 30 31 32 33 34 35 36 37 38 39 40 41 42 43 44 45 46 47 48 49 50 51 52 53 54 55 56 57 58 
60 84 82 80 79 77 74 70 68 67 66 64 62 1 2 3 4 5 6 7 8 9 10 11 12 13 14 15 16 17 18 19 20 21 22 23 24 25 26 27 28 29 30 31 32 33 34 35 36 37 38 39 40 41 42 43 44 45 46 47 48 49 50 51 52 53 54 55 56 57 58 59 
61 84 82 80 79 77 74 70 68 67 66 64 62 
62 84 82 80 79 77 74 70 68 67 66 64 1 2 3 4 5 6 7 8 9 10 11 12 13 14 15 16 17 18 19 20 21 22 23 24 25 26 27 28 29 30 31 32 33 34 35 36 37 38 39 40 41 42 43 44 45 46 47 48 49 50 51 52 53 54 55 56 57 58 59 60 61 
63 84 82 80 79 77 74 70 68 67 66 64 
64 84 82 80 79 77 74 70 68 67 66 1 2 3 4 5 6 7 8 9 10 11 12 13 14 15 16 17 18 19 20 21 22 23 24 25 26 27 28 29 30 31 32 33 34 35 36 37 38 39 40 41 42 43 44 45 46 47 48 49 50 51 52 53 54 55 56 57 58 59 60 61 62 63 
65 84 82 80 79 77 74 70 68 67 66 
66 84 82 80 79 77 74 70 68 67 1 2 3 4 5 6 7 8 9 10 11 12 13 14 15 16 17 18 19 20 21 22 23 24 25 26 27 28 29 30 31 32 33 34 35 36 37 38 39 40 41 42 43 44 45 46 47 48 49 50 51 52 53 54 55 56 57 58 59 60 61 62 63 64 65 
67 84 82 80 79 77 74 70 68 1 2 3 4 5 6 7 8 9 10 11 12 13 14 15 16 17 18 19 20 21 22 23 24 25 26 27 28 29 30 31 32 33 34 35 36 37 38 39 40 41 42 43 44 45 46 47 48 49 50 51 52 53 54 55 56 57 58 59 60 61 62 63 64 65 66 
68 84 82 80 79 77 74 70 1 2 3 4 5 6 7 8 9 10 11 12 13 14 15 16 17 18 19 20 21 22 23 24 25 26 27 28 29 30 31 32 33 34 35 36 37 38 39 40 41 42 43 44 45 46 47 48 49 50 51 52 53 54 55 56 57 58 59 60 61 62 63 64 65 66 67 
69 84 82 80 79 77 74 70 
70 84 82 80 79 77 74 1 2 3 4 5 6 7 8 9 10 11 12 13 14 15 16 17 18 19 20 21 22 23 24 25 26 27 28 29 30 31 32 33 34 35 36 37 38 39 40 41 42 43 44 45 46 47 48 49 50 51 52 53 54 55 56 57 58 59 60 61 62 63 64 65 66 67 68 69 
71 84 82 80 79 77 74 
72 84 82 80 79 77 74 
73 84 82 80 79 77 74 
74 84 82 80 79 77 1 2 3 4 5 6 7 8 9 10 11 12 13 14 15 16 17 18 19 20 21 22 23 24 25 26 27 28 29 30 31 32 33 34 35 36 37 38 39 40 41 42 43 44 45 46 47 48 49 50 51 52 53 54 55 56 57 58 59 60 61 62 63 64 65 66 67 68 69 70 71 72 73 
75 84 82 80 79 77 
76 84 82 80 79 77 
77 84 82 80 79 1 2 3 4 5 6 7 8 9 10 11 12 13 14 15 16 17 18 19 20 21 22 23 24 25 26 27 28 29 30 31 32 33 34 35 36 37 38 39 40 41 42 43 44 45 46 47 48 49 50 51 52 53 54 55 56 57 58 59 60 61 62 63 64 65 66 67 68 69 70 71 72 73 74 75 76 
78 84 82 80 79 
79 84 82 80 1 2 3 4 5 6 7 8 9 10 11 12 13 14 15 16 17 18 19 20 21 22 23 24 25 26 27 28 29 30 31 32 33 34 35 36 37 38 39 40 41 42 43 44 45 46 47 48 49 50 51 52 53 54 55 56 57 58 59 60 61 62 63 64 65 66 67 68 69 70 71 72 73 74 75 76 77 78 
80 84 82 1 2 3 4 5 6 7 8 9 10 11 12 13 14 15 16 17 18 19 20 21 22 23 24 25 26 27 28 29 30 31 32 33 34 35 36 37 38 39 40 41 42 43 44 45 46 47 48 49 50 51 52 53 54 55 56 57 58 59 60 61 62 63 64 65 66 67 68 69 70 71 72 73 74 75 76 77 78 79 
81 84 82 
82 84 1 2 3 4 5 6 7 8 9 10 11 12 13 14 15 16 17 18 19 20 21 22 23 24 25 26 27 28 29 30 31 32 33 34 35 36 37 38 39 40 41 42 43 44 45 46 47 48 49 50 51 52 53 54 55 56 57 58 59 60 61 62 63 64 65 66 67 68 69 70 71 72 73 74 75 76 77 78 79 80 81 
83 84 
84 1 2 3 4 5 6 7 8 9 10 11 12 13 14 15 16 17 18 19 20 21 22 23 24 25 26 27 28 29 30 31 32 33 34 35 36 37 38 39 40 41 42 43 44 45 46 47 48 49 50 51 52 53 54 55 56 57 58 59 60 61 62 63 64 65 66 67 68 69 70 71 72 73 74 75 76 77 78 79 80 81 82 83 
