88
82 79 79 73 72 71 70 69 69 67 67 63 62 62 62 61 60 59 59 58 57 57 57 56 56 55 55 54 52 52 51 51 51 50 50 48 47 43 43 42 41 41 41 40 39 36 34 31 31 30 29 28 26 23 23 22 21 20 18 18 17 17 17 16 16 16 16 13 12 12 12 11 9 9 9 9 7 7 7 7 6 6 5 5 5 4 3 2 0 
1 86 82 81 80 80 79 79 79 79 79 
3 87 
4 81 
7 87 
9 88 82 
10 87 86 
12 88 85 
14 83 
15 86 82 
16 82 
18 80 
20 83 81 
22 84 
23 85 
24 83 83 80 
30 81 
31 85 80 
33 82 80 
35 85 
38 80 
41 82 
43 85 
45 81 
46 81 
47 84 
49 86 
56 83 
65 84 
66 84 
67 84 
79 1 1 1 1 1 
80 38 31 33 18 1 24 1 
81 20 4 46 30 45 1 
82 9 33 16 15 41 1 
83 56 24 20 24 14 
84 22 47 65 66 67 
85 12 43 23 35 31 
86 15 49 1 10 
87 10 7 3 
88 12 9 
