57
56 56 55 55 54 54 53 52 52 51 51 49 47 47 45 45 44 41 40 40 39 39 37 37 36 36 35 34 34 33 32 31 31 30 30 29 28 27 25 24 24 23 23 22 22 21 20 17 14 13 13 11 11 11 7 6 6 
1 28 24 50 22 5 11 10 17 28 8 15 6 56 21 21 2 12 7 48 9 28 36 9 23 23 57 39 37 22 28 43 2 27 44 8 20 29 23 36 18 4 5 45 25 35 30 10 7 21 25 50 7 24 17 25 18 
2 30 3 32 7 43 13 45 44 20 14 5 29 13 7 41 23 36 1 40 7 16 16 16 14 28 30 40 24 17 26 8 14 22 12 4 1 32 30 26 23 29 33 8 18 8 24 16 14 7 44 14 29 9 12 23 42 
3 14 2 16 11 16 47 12 21 7 15 39 13 4 29 26 20 6 50 8 25 5 53 3 3 33 11 28 16 43 11 5 34 6 18 3 3 23 16 37 49 5 11 12 5 6 4 51 38 8 17 29 40 29 15 5 
4 12 44 28 5 19 7 28 7 14 21 17 28 43 3 34 46 16 17 8 21 12 9 24 18 22 55 15 21 28 40 2 4 4 11 9 33 17 6 20 54 3 5 1 42 10 17 32 45 6 5 29 32 7 5 17 
5 22 11 34 6 9 1 4 11 18 2 12 14 55 32 56 16 14 37 24 16 3 9 24 13 9 16 16 3 20 37 7 38 16 27 3 17 8 15 3 7 4 1 23 11 42 18 8 12 4 11 44 4 37 3 
6 40 5 46 40 17 7 23 7 50 1 25 15 3 33 15 52 28 39 37 23 21 20 11 34 31 30 41 11 3 45 15 42 23 42 20 4 3 7 26 23 32 21 8 24 4 56 30 9 38 15 41 43 8 30 
7 29 10 18 2 17 48 39 17 41 6 49 21 8 4 38 2 3 6 4 40 45 22 28 21 1 2 13 18 25 34 52 24 19 16 43 5 29 48 45 35 5 6 1 44 34 33 2 7 7 4 1 54 13 
8 42 26 32 7 9 46 18 1 15 41 21 4 3 31 40 20 44 25 27 8 8 24 2 11 31 18 12 22 13 35 1 5 11 31 46 13 2 2 20 17 24 3 6 26 26 5 8 8 12 21 6 36 
9 35 36 24 5 19 53 22 36 10 15 36 8 16 25 23 29 5 5 1 46 1 4 41 29 21 35 23 27 4 43 53 21 10 18 19 50 52 34 30 43 18 17 21 24 57 18 6 12 51 2 40 17 
10 44 7 11 24 14 16 9 1 42 55 47 47 27 16 25 33 25 20 35 35 11 13 10 10 27 31 10 10 22 11 23 9 31 29 4 10 10 41 1 14 49 54 25 21 47 26 40 12 24 19 39 
11 5 10 13 3 1 50 5 15 35 27 14 26 3 39 10 6 3 12 47 8 32 22 6 13 4 53 10 12 3 28 8 37 51 15 19 21 38 40 12 5 12 15 39 21 37 16 5 12 24 41 26 
12 34 18 4 33 27 39 3 13 5 15 31 1 13 53 4 31 36 37 22 11 47 33 29 2 23 8 24 30 17 16 11 48 15 3 15 38 11 56 11 15 9 5 8 11 24 10 28 38 2 
13 54 37 31 29 11 2 24 12 2 33 53 13 13 3 13 13 37 32 12 33 7 5 10 52 32 35 31 34 21 11 51 8 23 40 34 52 17 8 22 27 30 46 34 17 27 7 17 
14 41 3 55 10 34 2 48 5 23 4 19 18 40 23 55 5 14 14 11 47 2 39 30 33 26 2 48 26 30 17 19 39 27 49 25 27 30 27 18 15 10 2 2 23 42 23 21 
15 38 37 9 21 11 29 1 25 3 12 8 6 49 6 39 21 41 47 27 34 4 28 46 6 35 17 36 18 12 5 41 11 49 16 12 44 30 12 11 14 20 6 56 3 28 
16 3 36 22 10 3 33 37 57 9 10 44 5 32 4 19 5 50 2 2 19 22 3 2 5 34 5 52 26 7 3 5 12 57 31 15 51 21 20 2 45 11 23 24 29 23 
17 21 28 7 7 6 34 37 1 32 32 4 35 24 4 32 30 2 32 48 15 4 19 12 14 44 5 13 37 30 4 8 9 24 28 3 21 53 13 50 48 1 4 13 9 
18 7 19 12 42 37 5 46 25 33 8 31 51 22 14 7 52 45 31 4 42 48 46 3 8 15 50 9 1 2 14 9 9 22 5 23 40 42 47 27 1 37 
19 32 18 9 34 19 19 49 4 28 33 14 19 19 19 19 16 50 16 23 7 20 24 24 37 48 26 39 17 21 35 14 30 42 9 11 26 38 10 20 26 
20 54 49 43 54 2 27 21 3 30 10 40 25 8 6 33 5 21 19 20 20 25 29 30 6 39 27 26 1 4 43 44 8 55 22 16 31 15 25 33 19 
21 17 31 7 15 3 4 1 1 20 8 7 4 15 23 6 9 33 13 4 20 34 19 9 36 31 11 34 51 16 37 9 6 50 1 11 17 10 8 14 
22 5 27 28 1 9 16 24 37 31 32 46 18 7 35 31 25 16 12 4 1 11 2 10 27 8 38 45 22 22 49 32 13 45 20 38 44 29 18 42 
23 23 23 6 14 2 14 38 9 6 21 26 1 1 19 49 9 12 3 42 6 33 10 27 13 38 34 2 1 5 6 16 14 18 14 25 2 16 
24 1 32 29 9 10 22 13 29 32 17 5 5 36 4 2 8 43 7 19 19 12 25 47 47 31 2 8 17 9 33 6 11 12 16 10 1 28 
25 18 28 15 6 9 10 10 3 22 47 20 8 35 7 27 20 24 30 14 30 37 44 1 35 31 41 48 43 42 10 45 1 20 35 23 1 
26 51 8 36 3 40 11 23 28 46 43 2 14 14 16 19 44 26 26 2 39 41 20 51 31 51 6 46 19 43 8 46 8 10 31 19 11 
27 22 27 27 36 44 44 12 20 10 56 11 8 10 40 15 22 9 25 5 30 1 23 20 38 14 14 34 33 14 13 39 45 13 18 31 
28 1 22 38 17 4 19 4 1 25 4 7 6 3 1 42 44 26 2 1 15 4 29 33 33 11 39 29 45 17 12 47 24 34 15 
29 7 13 24 52 44 33 2 35 24 15 3 9 38 9 37 12 37 28 7 20 1 2 33 33 10 28 57 22 3 2 4 3 16 34 
30 2 37 35 34 20 2 32 36 17 35 6 14 37 12 27 14 2 20 51 45 25 19 25 17 14 9 15 1 13 6 38 33 6 
31 13 47 21 22 18 12 8 22 32 12 18 10 6 8 13 54 40 32 45 33 49 8 10 21 16 26 24 25 20 48 26 27 
32 19 24 2 8 22 17 17 24 35 5 42 50 16 13 42 31 17 40 13 30 11 17 54 2 31 22 35 4 6 35 4 
33 29 12 16 13 18 19 40 10 6 3 13 20 12 14 21 44 23 4 28 28 31 41 29 29 38 2 27 24 7 30 20 
34 5 12 43 14 19 17 45 30 57 4 40 16 6 7 15 13 3 44 21 23 13 27 39 9 21 7 36 13 28 29 
35 9 39 30 29 11 51 32 22 17 42 10 46 54 10 13 25 30 9 15 8 19 48 7 43 32 25 1 51 25 32 
36 9 27 45 16 9 42 9 26 48 2 39 53 12 24 1 30 41 46 15 21 1 43 42 46 37 53 34 41 8 
37 13 30 18 15 22 17 16 53 13 5 6 12 29 1 30 29 5 19 3 39 11 25 17 21 36 11 5 18 
38 28 15 7 23 29 47 44 5 46 22 23 42 39 27 33 41 11 12 46 43 22 3 45 30 6 19 12 
39 35 41 7 12 3 36 42 6 15 11 41 1 14 19 20 26 37 14 38 28 34 45 27 11 10 
40 6 6 33 7 14 26 52 2 8 34 20 32 2 27 49 31 4 13 11 18 10 3 9 45 
41 14 39 7 2 8 52 15 39 9 36 45 6 26 15 33 38 54 46 10 25 46 6 36 11 
42 8 18 10 36 32 32 35 39 28 18 6 23 6 38 19 36 4 25 5 22 14 18 2 
43 47 34 2 20 4 3 26 24 1 43 43 7 9 20 36 35 9 38 25 26 43 43 6 
44 10 27 4 29 2 27 16 8 28 38 33 34 26 17 1 20 25 15 7 22 2 5 
45 36 2 34 7 55 18 41 6 7 31 22 30 22 1 39 16 28 4 38 25 27 40 
46 6 54 18 8 22 4 35 9 26 15 18 36 38 8 41 38 26 36 41 13 26 
47 48 31 43 3 10 10 14 38 25 15 11 12 24 24 52 10 48 53 28 18 
48 47 7 14 36 1 18 49 14 17 19 7 12 35 25 31 47 17 
49 20 50 19 7 15 23 48 40 3 22 31 15 14 10 
50 1 11 49 6 32 19 3 16 18 9 21 1 17 
51 26 35 18 13 30 11 26 3 16 21 26 35 9 
52 29 40 6 41 18 13 7 16 13 47 9 
53 9 13 37 3 12 36 11 9 36 17 47 
54 13 20 46 20 35 31 32 4 41 10 7 
55 14 10 5 14 45 4 20 
56 27 1 5 12 6 15 
57 16 34 1 16 29 9 
