39
38 37 37 35 34 34 33 32 32 30 30 29 26 25 25 25 24 24 24 22 21 20 19 19 17 17 15 13 12 11 11 9 8 6 6 5 4 3 2 
1 39 37 36 33 31 30 28 26 25 22 21 19 15 13 12 11 9 8 7 4 2 
2 39 37 36 33 31 30 28 26 25 22 21 19 15 13 12 11 9 8 7 4 1 
3 39 37 36 33 31 30 28 26 25 22 21 19 15 13 12 11 9 8 7 4 
4 39 37 36 33 31 30 28 26 25 22 21 19 15 13 12 11 9 8 7 1 2 3 
5 39 37 36 33 31 30 28 26 25 22 21 19 15 13 12 11 9 8 7 
6 39 37 36 33 31 30 28 26 25 22 21 19 15 13 12 11 9 8 7 
7 39 37 36 33 31 30 28 26 25 22 21 19 15 13 12 11 9 8 1 2 3 4 5 6 
8 39 37 36 33 31 30 28 26 25 22 21 19 15 13 12 11 9 1 2 3 4 5 6 7 
9 39 37 36 33 31 30 28 26 25 22 21 19 15 13 12 11 1 2 3 4 5 6 7 8 
10 39 37 36 33 31 30 28 26 25 22 21 19 15 13 12 11 
11 39 37 36 33 31 30 28 26 25 22 21 19 15 13 12 1 2 3 4 5 6 7 8 9 10 
12 39 37 36 33 31 30 28 26 25 22 21 19 15 13 1 2 3 4 5 6 7 8 9 10 11 
13 39 37 36 33 31 30 28 26 25 22 21 19 15 1 2 3 4 5 6 7 8 9 10 11 12 
14 39 37 36 33 31 30 28 26 25 22 21 19 15 
15 39 37 36 33 31 30 28 26 25 22 21 19 1 2 3 4 5 6 7 8 9 10 11 12 13 14 
16 39 37 36 33 31 30 28 26 25 22 21 19 
17 39 37 36 33 31 30 28 26 25 22 21 19 
18 39 37 36 33 31 30 28 26 25 22 21 19 
19 39 37 36 33 31 30 28 26 25 22 21 1 2 3 4 5 6 7 8 9 10 11 12 13 14 15 16 17 18 
20 39 37 36 33 31 30 28 26 25 22 21 
21 39 37 36 33 31 30 28 26 25 22 1 2 3 4 5 6 7 8 9 10 11 12 13 14 15 16 17 18 19 20 
22 39 37 36 33 31 30 28 26 25 1 2 3 4 5 6 7 8 9 10 11 12 13 14 15 16 17 18 19 20 21 
23 39 37 36 33 31 30 28 26 25 
24 39 37 36 33 31 30 28 26 25 
25 39 37 36 33 31 30 28 26 1 2 3 4 5 6 7 8 9 10 11 12 13 14 15 16 17 18 19 20 21 22 23 24 
26 39 37 36 33 31 30 28 1 2 3 4 5 6 7 8 9 10 11 12 13 14 15 16 17 18 19 20 21 22 23 24 25 
27 39 37 36 33 31 30 28 
28 39 37 36 33 31 30 1 2 3 4 5 6 7 8 9 10 11 12 13 14 15 16 17 18 19 20 21 22 23 24 25 26 27 
29 39 37 36 33 31 30 
30 39 37 36 33 31 1 2 3 4 5 6 7 8 9 10 11 12 13 14 15 16 17 18 19 20 21 22 23 24 25 26 27 28 29 
31 39 37 36 33 1 2 3 4 5 6 7 8 9 10 11 12 13 14 15 16 17 18 19 20 21 22 23 24 25 26 27 28 29 30 
32 39 37 36 33 
33 39 37 36 1 2 3 4 5 6 7 8 9 10 11 12 13 14 15 16 17 18 19 20 21 22 23 24 25 26 27 28 29 30 31 32 
34 39 37 36 
35 39 37 36 
36 39 37 1 2 3 4 5 6 7 8 9 10 11 12 13 14 15 16 17 18 19 20 21 22 23 24 25 26 27 28 29 30 31 32 33 34 35 
37 39 1 2 3 4 5 6 7 8 9 10 11 12 13 14 15 16 17 18 19 20 21 22 23 24 25 26 27 28 29 30 31 32 33 34 35 36 
38 39 
39 1 2 3 4 5 6 7 8 9 10 11 12 13 14 15 16 17 18 19 20 21 22 23 24 25 26 27 28 29 30 31 32 33 34 35 36 37 38 
