41
40 40 37 37 36 33 33 32 32 32 30 29 27 27 27 25 25 24 23 22 21 20 20 20 20 20 19 17 17 14 13 11 11 10 9 8 8 7 6 5 4 3 
1 41 40 36 35 33 29 28 26 25 24 21 19 16 15 14 11 10 8 6 4 4 4 3 3 3 3 3 3 3 2 2 2 2 2 2 
2 41 40 36 35 33 29 28 26 25 24 21 19 16 15 14 11 10 8 6 4 4 4 3 3 3 3 3 3 3 1 1 1 1 1 1 
3 41 40 36 35 33 29 28 26 25 24 21 19 16 15 14 11 10 8 6 4 4 4 1 2 1 2 1 2 1 2 1 2 1 2 1 2 
4 41 40 36 35 33 29 28 26 25 24 21 19 16 15 14 11 10 8 6 1 2 3 1 2 3 1 2 3 
5 41 40 36 35 33 29 28 26 25 24 21 19 16 15 14 11 10 8 6 
6 41 40 36 35 33 29 28 26 25 24 21 19 16 15 14 11 10 8 1 2 3 4 5 
7 41 40 36 35 33 29 28 26 25 24 21 19 16 15 14 11 10 8 
8 41 40 36 35 33 29 28 26 25 24 21 19 16 15 14 11 10 1 2 3 4 5 6 7 
9 41 40 36 35 33 29 28 26 25 24 21 19 16 15 14 11 10 
10 41 40 36 35 33 29 28 26 25 24 21 19 16 15 14 11 1 2 3 4 5 6 7 8 9 
11 41 40 36 35 33 29 28 26 25 24 21 19 16 15 14 1 2 3 4 5 6 7 8 9 10 
12 41 40 36 35 33 29 28 26 25 24 21 19 16 15 14 
13 41 40 36 35 33 29 28 26 25 24 21 19 16 15 14 
14 41 40 36 35 33 29 28 26 25 24 21 19 16 15 1 2 3 4 5 6 7 8 9 10 11 12 13 
15 41 40 36 35 33 29 28 26 25 24 21 19 16 1 2 3 4 5 6 7 8 9 10 11 12 13 14 
16 41 40 36 35 33 29 28 26 25 24 21 19 1 2 3 4 5 6 7 8 9 10 11 12 13 14 15 
17 41 40 36 35 33 29 28 26 25 24 21 19 
18 41 40 36 35 33 29 28 26 25 24 21 19 
19 41 40 36 35 33 29 28 26 25 24 21 1 2 3 4 5 6 7 8 9 10 11 12 13 14 15 16 17 18 
20 41 40 36 35 33 29 28 26 25 24 21 
21 41 40 36 35 33 29 28 26 25 24 1 2 3 4 5 6 7 8 9 10 11 12 13 14 15 16 17 18 19 20 
22 41 40 36 35 33 29 28 26 25 24 
23 41 40 36 35 33 29 28 26 25 24 
24 41 40 36 35 33 29 28 26 25 1 2 3 4 5 6 7 8 9 10 11 12 13 14 15 16 17 18 19 20 21 22 23 
25 41 40 36 35 33 29 28 26 1 2 3 4 5 6 7 8 9 10 11 12 13 14 15 16 17 18 19 20 21 22 23 24 
26 41 40 36 35 33 29 28 1 2 3 4 5 6 7 8 9 10 11 12 13 14 15 16 17 18 19 20 21 22 23 24 25 
27 41 40 36 35 33 29 28 
28 41 40 36 35 33 29 1 2 3 4 5 6 7 8 9 10 11 12 13 14 15 16 17 18 19 20 21 22 23 24 25 26 27 
29 41 40 36 35 33 1 2 3 4 5 6 7 8 9 10 11 12 13 14 15 16 17 18 19 20 21 22 23 24 25 26 27 28 
30 41 40 36 35 33 
31 41 40 36 35 33 
32 41 40 36 35 33 
33 41 40 36 35 1 2 3 4 5 6 7 8 9 10 11 12 13 14 15 16 17 18 19 20 21 22 23 24 25 26 27 28 29 30 31 32 
34 41 40 36 35 
35 41 40 36 1 2 3 4 5 6 7 8 9 10 11 12 13 14 15 16 17 18 19 20 21 22 23 24 25 26 27 28 29 30 31 32 33 34 
36 41 40 1 2 3 4 5 6 7 8 9 10 11 12 13 14 15 16 17 18 19 20 21 22 23 24 25 26 27 28 29 30 31 32 33 34 35 
37 41 40 
38 41 40 
39 41 40 
40 41 1 2 3 4 5 6 7 8 9 10 11 12 13 14 15 16 17 18 19 20 21 22 23 24 25 26 27 28 29 30 31 32 33 34 35 36 37 38 39 
41 1 2 3 4 5 6 7 8 9 10 11 12 13 14 15 16 17 18 19 20 21 22 23 24 25 26 27 28 29 30 31 32 33 34 35 36 37 38 39 40 
