55
54 53 52 51 51 51 51 48 46 42 42 41 39 38 37 35 34 31 29 28 28 27 27 27 26 25 25 24 23 22 22 21 21 20 18 17 17 17 14 13 13 13 12 12 11 11 10 9 9 7 7 6 6 5 4 
1 4 40 8 30 7 3 40 9 50 15 8 13 5 40 27 20 8 31 2 8 6 2 14 5 48 28 12 47 25 42 9 15 20 2 50 35 1 1 40 29 16 20 10 34 52 25 48 27 8 44 19 22 51 26 
2 44 36 4 22 18 6 9 24 22 15 8 2 2 3 5 43 2 2 6 1 22 8 1 14 14 5 35 4 54 7 19 16 3 13 43 20 6 1 52 3 27 34 23 26 15 5 23 6 15 11 23 21 6 
3 38 9 8 19 27 39 16 1 12 2 12 10 9 10 6 20 5 12 20 21 6 48 26 5 2 31 9 41 9 12 33 50 54 17 29 27 7 7 2 17 4 13 30 15 12 13 5 44 13 43 36 19 
4 1 6 10 8 11 2 22 14 12 30 12 18 27 46 20 24 10 24 41 10 7 19 10 14 23 6 26 6 2 6 33 8 8 11 23 4 4 23 7 29 19 3 5 46 43 9 42 34 14 45 7 
5 8 21 25 35 32 23 30 12 17 20 8 2 1 21 28 10 3 40 29 1 34 20 21 8 2 23 32 3 17 19 32 9 6 34 22 8 16 39 4 13 29 10 3 36 2 10 36 12 17 38 12 
6 4 16 44 7 9 2 21 11 9 10 3 12 2 1 11 13 35 14 19 28 4 20 45 3 4 28 6 6 4 25 25 8 14 12 34 26 2 5 38 26 31 15 7 2 20 41 40 24 7 2 29 
7 43 31 11 6 13 15 1 8 19 13 31 11 15 54 4 55 27 34 31 49 33 36 41 9 2 10 44 49 8 12 17 11 13 49 3 3 14 4 23 6 45 45 46 53 25 10 16 18 6 14 4 
8 30 33 3 4 14 22 5 1 12 7 2 10 31 1 5 1 1 2 44 33 14 22 11 55 5 16 24 35 6 4 16 4 19 18 7 22 39 30 5 25 22 13 1 14 11 42 30 11 
9 26 3 12 46 6 53 32 55 2 24 21 20 41 38 6 1 3 13 27 10 37 7 48 3 3 20 14 5 1 22 13 38 16 14 30 28 11 44 11 29 15 35 16 4 41 11 
10 32 4 21 22 19 4 8 3 12 6 4 3 12 5 11 4 9 22 39 32 7 26 31 40 17 37 34 21 1 18 5 14 50 42 17 34 5 7 19 29 26 32 
11 17 4 24 38 7 18 19 16 44 6 7 39 34 13 10 6 23 18 8 31 31 23 4 23 51 7 22 42 31 26 43 9 23 9 20 8 15 21 20 2 9 8 
12 9 4 4 8 18 35 20 5 15 3 3 10 10 6 3 36 28 1 32 50 22 32 6 3 41 7 17 15 18 16 33 28 15 3 37 55 5 16 15 18 5 
13 46 39 7 15 7 27 1 9 11 24 6 33 27 24 14 16 2 18 9 21 7 47 25 25 43 3 5 8 37 3 34 33 3 16 21 23 18 18 26 
14 53 36 8 17 31 4 15 26 39 51 36 30 6 16 4 2 8 1 2 13 6 34 23 9 17 9 17 7 25 33 8 10 22 4 15 49 7 15 
15 28 16 7 37 14 2 13 12 22 24 28 1 7 23 28 30 28 29 22 1 17 12 18 6 26 12 9 3 2 53 39 2 52 11 14 12 14 
16 6 45 15 19 11 3 28 23 42 32 14 17 29 17 8 38 37 2 8 13 53 17 25 9 12 5 1 24 27 9 13 7 12 21 48 
17 11 14 29 22 5 36 49 24 51 24 32 16 16 30 34 5 26 14 15 16 7 3 12 10 14 31 3 21 28 37 39 10 38 5 
18 11 2 12 39 4 22 27 41 11 42 8 13 18 18 31 26 15 37 28 12 23 10 27 28 24 7 24 12 13 23 13 
19 3 48 16 11 7 20 47 21 10 47 29 4 6 32 25 2 28 5 8 34 31 4 32 29 1 26 20 10 3 
20 27 41 12 9 19 5 4 46 1 3 3 6 5 37 38 9 2 30 1 45 1 20 20 11 19 29 6 11 
21 30 49 10 35 25 5 35 6 9 24 19 5 3 26 35 5 25 44 23 13 10 17 32 13 11 43 2 16 
22 8 23 4 2 17 27 2 10 45 15 47 18 2 33 10 8 12 15 29 8 9 11 5 8 41 14 1 
23 22 5 32 15 16 47 11 4 5 11 14 43 24 11 21 39 4 4 18 7 32 11 2 2 13 2 18 
24 11 45 9 2 21 33 4 4 15 42 17 17 27 13 13 8 23 37 32 36 38 16 29 38 18 6 18 
25 47 21 5 30 53 28 26 21 19 6 6 1 49 33 16 32 14 13 13 51 8 1 27 30 7 36 
26 9 48 14 27 25 37 21 4 27 10 3 17 6 31 18 6 11 27 15 2 45 19 1 10 13 
27 52 20 22 3 4 13 26 7 1 18 24 9 13 26 30 3 2 38 31 26 1 18 25 16 33 
28 15 36 25 16 15 48 15 5 6 15 6 1 12 46 19 31 18 9 12 17 43 18 37 42 
29 17 44 35 52 19 30 5 15 16 22 29 29 3 1 4 19 9 5 24 20 10 6 43 
30 8 21 1 4 25 5 33 42 14 29 15 17 27 35 34 20 8 9 3 25 34 8 
31 7 14 39 7 8 49 7 1 11 11 3 10 46 28 26 18 40 19 6 17 11 27 
32 10 9 5 23 33 16 17 19 12 10 5 12 5 48 24 25 19 23 42 21 10 
33 8 46 43 24 30 50 32 13 8 22 7 4 25 3 14 12 42 27 13 37 36 
34 39 35 7 11 40 5 17 49 14 6 30 5 19 10 2 1 13 30 10 4 
35 21 21 5 12 29 38 34 6 46 21 2 8 30 1 35 35 37 9 
36 14 2 40 46 28 17 14 12 7 45 24 37 5 33 5 3 25 
37 15 26 44 9 20 16 24 10 18 35 40 36 17 13 12 28 33 
38 3 11 51 47 9 35 20 16 51 6 9 27 24 24 17 52 5 
39 13 34 18 31 3 14 50 11 10 23 8 5 17 15 
40 1 36 1 1 34 5 54 10 31 45 1 37 6 
41 20 9 4 18 47 54 7 3 12 22 9 6 44 
42 24 30 16 18 1 11 33 47 32 10 4 8 28 
43 7 33 2 23 2 13 11 28 4 3 21 29 
44 2 6 29 11 37 8 7 21 9 1 3 41 
45 16 24 22 6 36 40 20 7 7 26 4 
46 13 9 36 33 4 20 35 28 31 4 7 
47 25 38 19 22 19 23 41 1 13 42 
48 19 26 28 1 3 9 32 1 16 
49 21 17 31 7 34 25 7 7 14 
50 39 1 33 12 3 1 10 
51 38 14 17 38 11 25 1 
52 27 29 2 1 15 38 
53 14 9 25 16 7 15 
54 7 41 40 2 3 
55 9 7 8 12 
