45
44 43 41 39 35 35 33 32 31 31 31 31 28 28 28 27 26 24 23 20 20 20 19 17 15 15 14 14 13 12 11 10 10 10 9 9 9 7 7 4 3 3 2 2 1 
1 45 43 40 37 32 31 28 26 24 23 22 21 17 16 15 13 11 8 6 2 2 2 2 
2 45 43 40 37 32 31 28 26 24 23 22 21 17 16 15 13 11 8 6 1 1 1 1 
3 45 43 40 37 32 31 28 26 24 23 22 21 17 16 15 13 11 8 6 
4 45 43 40 37 32 31 28 26 24 23 22 21 17 16 15 13 11 8 6 
5 45 43 40 37 32 31 28 26 24 23 22 21 17 16 15 13 11 8 6 
6 45 43 40 37 32 31 28 26 24 23 22 21 17 16 15 13 11 8 1 2 3 4 5 
7 45 43 40 37 32 31 28 26 24 23 22 21 17 16 15 13 11 8 
8 45 43 40 37 32 31 28 26 24 23 22 21 17 16 15 13 11 1 2 3 4 5 6 7 
9 45 43 40 37 32 31 28 26 24 23 22 21 17 16 15 13 11 
10 45 43 40 37 32 31 28 26 24 23 22 21 17 16 15 13 11 
11 45 43 40 37 32 31 28 26 24 23 22 21 17 16 15 13 1 2 3 4 5 6 7 8 9 10 
12 45 43 40 37 32 31 28 26 24 23 22 21 17 16 15 13 
13 45 43 40 37 32 31 28 26 24 23 22 21 17 16 15 1 2 3 4 5 6 7 8 9 10 11 12 
14 45 43 40 37 32 31 28 26 24 23 22 21 17 16 15 
15 45 43 40 37 32 31 28 26 24 23 22 21 17 16 1 2 3 4 5 6 7 8 9 10 11 12 13 14 
16 45 43 40 37 32 31 28 26 24 23 22 21 17 1 2 3 4 5 6 7 8 9 10 11 12 13 14 15 
17 45 43 40 37 32 31 28 26 24 23 22 21 1 2 3 4 5 6 7 8 9 10 11 12 13 14 15 16 
18 45 43 40 37 32 31 28 26 24 23 22 21 
19 45 43 40 37 32 31 28 26 24 23 22 21 
20 45 43 40 37 32 31 28 26 24 23 22 21 
21 45 43 40 37 32 31 28 26 24 23 22 1 2 3 4 5 6 7 8 9 10 11 12 13 14 15 16 17 18 19 20 
22 45 43 40 37 32 31 28 26 24 23 1 2 3 4 5 6 7 8 9 10 11 12 13 14 15 16 17 18 19 20 21 
23 45 43 40 37 32 31 28 26 24 1 2 3 4 5 6 7 8 9 10 11 12 13 14 15 16 17 18 19 20 21 22 
24 45 43 40 37 32 31 28 26 1 2 3 4 5 6 7 8 9 10 11 12 13 14 15 16 17 18 19 20 21 22 23 
25 45 43 40 37 32 31 28 26 
26 45 43 40 37 32 31 28 1 2 3 4 5 6 7 8 9 10 11 12 13 14 15 16 17 18 19 20 21 22 23 24 25 
27 45 43 40 37 32 31 28 
28 45 43 40 37 32 31 1 2 3 4 5 6 7 8 9 10 11 12 13 14 15 16 17 18 19 20 21 22 23 24 25 26 27 
29 45 43 40 37 32 31 
30 45 43 40 37 32 31 
31 45 43 40 37 32 1 2 3 4 5 6 7 8 9 10 11 12 13 14 15 16 17 18 19 20 21 22 23 24 25 26 27 28 29 30 
32 45 43 40 37 1 2 3 4 5 6 7 8 9 10 11 12 13 14 15 16 17 18 19 20 21 22 23 24 25 26 27 28 29 30 31 
33 45 43 40 37 
34 45 43 40 37 
35 45 43 40 37 
36 45 43 40 37 
37 45 43 40 1 2 3 4 5 6 7 8 9 10 11 12 13 14 15 16 17 18 19 20 21 22 23 24 25 26 27 28 29 30 31 32 33 34 35 36 
38 45 43 40 
39 45 43 40 
40 45 43 1 2 3 4 5 6 7 8 9 10 11 12 13 14 15 16 17 18 19 20 21 22 23 24 25 26 27 28 29 30 31 32 33 34 35 36 37 38 39 
41 45 43 
42 45 43 
43 45 1 2 3 4 5 6 7 8 9 10 11 12 13 14 15 16 17 18 19 20 21 22 23 24 25 26 27 28 29 30 31 32 33 34 35 36 37 38 39 40 41 42 
44 45 
45 1 2 3 4 5 6 7 8 9 10 11 12 13 14 15 16 17 18 19 20 21 22 23 24 25 26 27 28 29 30 31 32 33 34 35 36 37 38 39 40 41 42 43 44 
