85
84 81 79 79 78 78 77 77 76 75 72 72 71 70 70 69 69 69 68 66 64 64 64 63 62 61 59 59 59 58 57 56 55 55 54 53 53 50 50 50 48 45 45 44 44 39 38 38 38 38 37 37 36 35 34 31 31 30 30 29 26 26 25 25 23 23 22 22 20 19 19 18 17 15 15 13 12 12 10 9 6 5 3 2 2 
1 59 42 35 2 45 40 55 20 16 8 36 5 25 22 13 52 20 8 40 50 41 56 16 26 31 5 12 19 25 28 60 55 23 19 56 42 11 2 23 20 35 16 38 44 8 8 28 57 48 13 41 12 19 2 67 45 17 30 49 75 68 14 31 6 79 9 52 6 20 68 19 2 60 35 6 33 32 23 27 38 38 22 47 63 
2 22 5 51 1 18 6 45 22 3 37 11 24 49 32 44 7 8 35 6 42 46 49 13 65 6 44 3 43 45 1 26 14 59 12 19 42 38 43 33 7 48 59 25 28 15 38 22 38 29 1 24 13 45 22 24 21 58 26 19 65 36 33 78 37 32 8 7 9 33 15 14 1 6 53 75 9 80 20 25 7 8 
3 16 11 36 17 69 18 40 20 15 10 75 10 19 2 67 53 24 41 33 24 72 18 13 14 9 58 19 35 74 31 71 6 23 2 31 41 50 21 82 68 6 33 30 26 29 27 50 42 42 5 42 3 3 12 35 10 17 62 55 25 41 20 43 31 64 16 23 17 22 17 29 24 12 20 3 3 18 38 28 
4 20 25 36 24 47 28 5 23 38 23 47 30 56 7 35 36 21 18 13 14 17 55 30 35 16 18 10 9 5 34 51 39 34 44 25 16 55 19 7 13 55 20 14 8 15 12 6 13 34 17 51 51 45 17 39 66 12 10 45 37 7 11 12 36 67 28 8 9 49 24 56 67 17 31 20 37 23 57 15 
5 2 10 44 38 17 4 25 28 37 84 27 61 1 10 47 21 35 33 7 40 40 21 73 11 22 71 45 4 10 19 1 62 43 56 15 32 44 16 69 31 10 27 58 19 23 50 56 14 63 30 21 35 78 25 34 22 60 3 57 40 6 34 32 38 7 15 6 62 50 70 9 69 37 42 63 53 22 31 
6 12 51 40 11 30 31 50 42 75 26 2 57 11 14 16 51 48 49 71 57 27 7 17 37 20 73 29 42 56 2 19 8 33 52 3 34 25 19 4 2 68 32 18 23 29 12 3 61 18 14 76 9 25 30 72 5 16 1 9 51 21 44 32 1 5 35 27 66 16 25 72 2 42 49 1 28 11 24 
7 78 25 38 12 49 12 7 7 4 66 69 52 5 52 49 6 2 46 28 10 31 47 15 40 11 21 62 27 16 25 4 25 40 52 43 59 24 52 22 31 8 23 21 2 12 9 23 31 4 39 9 11 18 31 44 49 60 26 25 5 12 68 48 2 27 33 9 35 84 10 78 27 39 15 23 2 24 
8 11 50 24 55 12 12 14 1 31 9 37 38 60 23 31 43 41 49 1 52 18 45 2 41 54 18 59 41 31 23 33 6 30 12 10 4 53 9 18 29 13 7 25 1 1 40 57 16 23 43 15 27 54 16 33 32 21 4 55 17 38 46 57 61 10 2 69 36 40 23 63 14 30 23 38 39 2 
9 53 65 52 11 21 8 51 25 68 78 66 12 30 12 56 31 11 3 22 4 23 53 63 30 46 37 15 24 77 38 79 8 22 29 48 40 29 17 49 45 7 6 14 64 28 44 74 23 7 23 15 58 52 48 6 1 10 4 69 15 47 15 2 35 42 11 7 28 60 52 34 5 41 46 2 59 
10 17 5 48 35 37 3 17 3 5 22 28 36 10 10 29 47 17 20 15 34 15 79 7 71 4 35 34 5 64 12 10 10 53 33 40 14 54 23 8 70 25 68 5 18 20 60 41 39 53 53 28 17 4 22 30 37 14 3 15 15 9 37 11 85 8 11 57 20 22 41 16 7 13 38 22 
11 3 16 8 9 6 16 21 6 37 20 2 51 76 43 15 11 11 32 55 39 73 5 9 7 19 19 28 27 14 54 63 31 49 57 38 24 63 51 1 15 14 21 29 16 49 32 26 30 45 67 4 45 13 40 50 7 33 17 32 45 21 10 38 10 25 9 78 14 39 6 32 18 
12 30 6 26 8 17 8 17 19 7 32 30 56 7 54 29 14 14 34 9 49 31 9 53 22 30 28 21 10 1 21 26 8 12 12 4 61 37 47 15 2 70 36 6 7 34 4 1 16 23 18 4 37 3 38 21 24 33 25 7 59 15 80 39 38 60 45 35 27 70 3 29 47 
13 33 70 37 20 28 77 40 56 1 25 31 62 17 56 62 4 3 41 49 23 42 14 22 25 55 46 15 40 28 20 38 46 40 4 54 2 69 4 45 39 8 18 41 24 16 23 1 27 55 63 16 23 2 11 25 74 18 31 63 43 17 35 35 24 44 34 23 27 41 66 10 
14 72 23 24 30 31 26 8 71 44 6 12 35 18 12 15 34 4 3 19 27 13 52 22 33 11 10 44 29 4 56 49 22 2 24 47 11 67 32 25 64 77 5 30 18 6 9 27 37 55 10 27 33 27 17 25 1 47 42 27 41 29 54 2 43 32 11 8 66 43 36 
15 31 23 3 47 48 21 49 56 46 28 14 67 11 46 34 33 22 10 43 10 53 33 51 7 29 19 50 13 51 9 47 5 4 26 74 12 11 75 63 26 2 36 45 19 24 66 21 17 9 45 8 10 26 10 9 37 5 9 12 18 2 22 57 40 53 7 49 4 28 18 
16 64 3 11 43 23 11 1 28 37 6 28 62 33 18 33 35 26 22 4 23 53 54 60 1 50 33 35 4 59 7 58 38 5 22 65 11 1 17 17 13 19 29 12 20 13 8 49 24 43 31 36 44 6 25 8 34 53 26 37 3 6 27 10 44 33 59 34 69 39 
17 10 3 5 46 12 12 64 10 38 43 58 36 32 34 19 59 42 13 6 21 10 4 36 23 51 64 28 23 55 51 21 4 43 45 16 9 4 16 34 61 10 55 20 28 20 15 1 18 25 11 14 31 53 3 24 13 23 36 8 69 46 35 4 52 3 70 3 61 35 
18 41 45 25 36 51 3 2 76 79 14 16 48 22 44 57 4 3 72 53 72 4 57 8 24 26 19 8 52 29 55 20 47 8 10 40 13 65 6 59 25 50 43 62 6 37 27 14 21 68 12 28 32 22 70 17 53 13 55 7 54 15 23 33 27 34 15 41 11 3 
19 68 28 46 33 12 3 17 23 34 14 18 3 29 15 11 5 6 42 11 40 1 73 4 6 1 38 45 40 31 5 62 2 58 56 20 44 56 29 68 16 1 39 15 25 58 31 65 2 45 59 62 47 34 22 56 49 1 26 55 67 19 19 45 34 36 33 39 22 
20 36 4 20 20 13 77 38 1 3 71 37 25 32 11 28 25 71 22 23 23 1 38 10 6 64 64 50 13 51 18 74 4 21 60 10 1 36 19 22 29 17 16 17 44 32 78 66 63 27 31 3 77 1 20 20 61 10 55 72 4 56 3 2 41 31 29 
21 29 21 21 29 34 9 39 11 15 26 5 4 36 5 17 21 21 27 24 49 7 12 12 45 20 24 17 44 11 3 44 53 38 7 5 39 18 77 15 32 2 12 27 30 28 23 22 6 47 8 59 31 11 72 32 73 35 30 28 54 29 27 42 69 
22 2 35 31 2 26 10 1 18 20 61 69 31 16 15 43 5 30 12 9 29 52 33 13 14 52 37 39 36 14 16 9 34 7 56 37 20 80 5 26 2 64 10 18 2 61 48 21 30 22 22 19 23 10 15 49 48 3 26 36 1 34 10 19 5 
23 68 14 16 32 4 15 42 25 31 4 8 26 20 20 19 57 60 17 16 13 9 79 8 59 41 10 17 1 3 64 41 37 1 5 6 7 13 7 49 12 8 13 9 9 34 21 81 17 44 65 22 3 29 34 66 13 8 18 26 1 4 51 8 7 
24 8 14 41 4 27 45 53 2 53 3 57 36 3 41 47 43 30 61 21 18 57 26 66 9 26 11 41 55 21 7 42 14 32 46 61 13 30 32 40 68 2 35 15 40 16 35 2 67 38 48 37 17 29 12 33 74 4 13 55 59 3 7 6 
25 4 18 7 41 66 5 29 62 23 1 20 9 45 48 20 13 42 27 40 31 74 59 35 13 47 39 4 1 7 6 7 32 10 68 14 39 18 8 2 31 5 6 76 54 61 32 37 19 13 17 28 14 16 50 12 3 7 11 71 34 6 2 
26 31 30 12 37 80 32 14 6 51 48 21 22 36 38 63 26 26 23 65 46 51 16 61 18 1 27 24 37 69 53 12 66 29 24 31 39 15 27 40 56 2 66 11 3 28 15 22 39 32 40 62 2 15 7 16 62 54 19 28 22 23 
27 64 48 31 49 5 24 65 50 39 46 6 25 64 21 50 26 14 11 77 7 50 59 63 26 5 44 43 30 13 18 50 3 73 14 38 14 31 14 21 8 65 54 45 14 20 53 6 7 16 13 40 18 7 12 1 67 21 35 48 
28 62 36 19 4 66 13 5 30 16 29 16 10 20 15 38 7 36 12 37 11 13 51 17 1 35 62 50 30 67 45 1 10 2 26 32 30 37 17 9 18 48 62 75 25 21 63 4 54 78 50 78 52 26 9 21 6 54 15 3 
29 37 21 34 41 21 53 45 25 39 39 65 37 28 50 12 39 66 10 6 49 22 15 19 61 56 18 58 50 40 26 51 14 8 9 51 76 68 11 30 9 6 52 19 3 20 16 2 51 24 14 48 23 47 34 42 21 3 12 20 
30 12 26 14 6 36 28 12 55 46 4 31 9 35 80 24 4 22 63 68 12 32 31 9 8 58 52 53 28 70 29 37 27 3 5 14 47 24 35 28 11 6 43 69 10 1 54 40 21 22 78 33 36 31 21 39 31 8 58 
31 26 15 27 36 14 6 23 8 22 8 30 12 13 9 22 25 7 38 1 30 3 8 42 75 70 11 40 26 5 3 19 7 36 25 7 43 27 13 16 7 19 17 1 21 20 3 30 47 56 68 4 48 49 30 38 20 5 
32 23 57 26 12 55 20 17 41 39 48 11 2 67 65 30 62 45 74 54 57 5 25 82 6 44 14 47 40 24 11 55 24 28 54 72 18 25 26 81 21 20 11 5 8 48 6 21 33 2 37 42 14 39 1 11 54 
33 43 52 13 39 73 38 19 62 35 35 16 5 45 63 16 3 74 15 60 15 22 16 14 8 68 36 10 6 38 39 41 37 2 3 39 45 14 11 8 24 12 56 33 33 2 30 32 2 7 69 41 16 18 1 19 
34 77 29 21 17 12 14 15 10 19 75 67 10 4 38 4 6 22 4 70 63 34 34 68 36 17 12 71 73 5 47 41 59 23 5 47 40 16 73 19 23 25 13 61 39 49 29 54 16 9 19 18 42 22 37 71 
35 43 1 10 22 42 52 33 14 47 33 4 5 76 16 30 4 10 2 25 3 16 58 28 43 42 56 46 1 58 5 75 30 68 46 24 43 24 3 57 42 13 13 6 21 17 9 63 7 1 60 12 43 17 27 
36 46 46 20 60 18 65 3 4 28 31 50 30 50 52 1 17 26 4 75 24 10 21 17 28 53 33 63 22 74 40 72 12 20 34 52 31 15 65 71 4 16 71 17 2 30 48 8 48 57 43 22 19 14 
37 29 13 10 26 38 5 29 16 8 11 20 2 45 39 6 41 28 49 26 9 22 62 12 41 23 30 33 22 42 18 77 28 4 14 12 50 10 25 69 41 24 15 10 74 16 2 32 62 45 51 4 5 34 
38 76 33 5 37 20 7 65 55 17 4 47 8 26 44 20 28 74 31 34 52 13 67 33 9 16 19 11 43 2 1 21 2 27 2 12 24 5 11 78 54 8 47 48 12 1 1 31 10 8 3 
39 33 46 21 29 29 51 47 61 29 27 55 32 37 11 66 60 44 46 25 4 33 26 22 13 25 10 60 4 33 21 54 19 49 26 59 7 42 47 52 43 12 34 32 11 7 30 44 19 16 8 
40 57 48 6 3 76 1 13 54 77 5 5 44 1 25 45 53 7 56 67 13 19 13 29 10 31 61 7 26 19 18 55 36 9 32 8 24 48 24 5 50 11 26 30 69 34 8 27 47 15 52 
41 18 29 24 25 65 56 76 62 3 32 24 8 37 70 13 1 60 44 8 71 67 60 8 46 23 33 23 37 24 3 13 10 63 1 34 37 52 46 58 14 3 44 10 13 33 9 18 20 
42 1 6 35 23 76 17 25 6 13 19 31 2 46 47 77 35 69 1 24 2 44 72 37 3 3 3 39 52 35 14 72 51 60 32 9 61 69 6 73 29 53 34 5 21 52 
43 35 33 16 17 50 74 8 11 24 22 70 15 57 66 52 81 44 73 35 5 7 38 2 2 17 27 53 18 64 54 31 57 30 35 16 8 62 72 13 3 39 14 36 14 35 
44 52 5 72 14 18 38 40 60 49 2 39 41 57 4 48 43 14 5 49 2 62 69 32 21 27 21 42 1 19 62 80 9 20 16 7 6 23 68 13 41 72 16 39 46 
45 18 29 1 24 2 49 25 33 37 64 40 8 5 32 21 46 13 2 19 28 48 17 4 9 33 4 11 11 15 1 46 2 63 15 53 11 27 19 56 37 70 12 54 19 
46 36 36 39 19 17 30 15 58 49 26 27 15 7 68 39 79 13 9 41 13 2 45 42 56 35 48 24 48 47 35 45 75 61 41 8 57 17 9 44 
47 4 15 39 4 38 5 35 24 10 70 7 25 42 18 15 12 14 32 76 46 30 34 65 61 82 39 14 21 34 9 19 31 52 38 29 40 1 12 
48 27 10 40 58 15 26 58 6 25 18 32 49 80 44 58 58 46 9 45 65 46 2 1 40 28 22 24 9 32 36 7 29 36 38 55 31 22 27 
49 27 7 45 15 6 12 46 2 7 57 8 44 48 13 29 21 37 11 2 44 14 64 9 11 23 39 16 60 1 7 4 19 22 34 6 31 15 55 
50 76 8 36 6 82 36 64 54 29 27 43 67 1 27 16 20 15 29 27 28 53 5 3 54 18 59 27 60 3 37 40 11 25 74 5 28 57 56 
51 2 6 18 39 66 26 9 6 11 26 70 61 55 15 17 4 15 28 20 29 72 75 64 17 80 11 4 29 4 29 6 42 54 52 54 37 23 
52 33 44 9 36 35 7 7 62 1 8 22 14 18 38 43 6 22 30 7 7 36 29 66 64 41 42 9 1 39 54 47 17 51 28 9 40 42 
53 9 29 71 65 73 73 24 3 24 12 18 16 15 40 36 9 26 10 8 30 50 75 43 21 10 10 18 45 17 27 16 57 42 15 2 5 
54 50 40 12 70 16 8 11 10 32 13 50 59 43 39 59 32 25 58 30 8 27 18 38 52 28 14 26 51 67 51 34 45 21 28 32 
55 8 1 32 38 30 39 11 51 4 13 76 18 4 4 1 17 72 24 40 64 32 13 17 70 61 14 18 3 8 24 48 20 19 49 
56 12 41 4 13 15 13 9 1 29 75 6 40 5 35 14 46 26 1 5 59 19 22 19 58 45 33 19 4 31 50 20 
57 40 32 6 71 24 18 67 49 6 23 43 18 44 24 64 11 32 1 8 43 5 35 61 8 46 53 50 36 10 15 4 
58 66 48 17 48 59 46 60 3 83 83 29 35 48 30 16 48 5 19 35 63 60 54 19 9 2 56 41 73 30 81 
59 1 58 17 59 59 61 65 25 8 23 16 27 7 2 18 56 50 54 2 81 54 39 34 19 21 12 16 24 63 9 
60 36 8 58 44 23 33 39 16 41 41 1 20 10 73 67 39 66 50 5 58 49 7 42 12 1 35 9 60 60 
61 39 5 22 51 59 24 26 29 40 12 24 17 6 81 25 55 47 46 22 57 8 20 34 66 42 17 
62 28 33 25 16 41 52 13 13 7 5 32 28 37 44 19 18 44 28 43 26 3 19 5 26 37 79 
63 71 26 33 30 9 11 36 27 11 34 5 41 58 15 13 45 13 28 20 73 35 8 59 5 1 
64 16 27 65 50 17 67 27 45 20 20 57 10 17 51 23 65 49 14 43 55 9 22 52 3 72 
65 9 36 64 41 53 29 27 38 26 59 32 2 64 73 16 18 48 36 47 19 27 2 23 
66 58 25 28 51 7 9 29 82 39 43 26 24 26 60 4 15 52 20 6 23 61 13 14 
67 3 64 15 57 50 32 34 41 40 38 70 28 14 60 11 1 24 4 4 54 19 27 
68 23 19 9 30 46 33 6 10 25 29 34 3 19 18 24 35 1 44 1 7 31 77 
69 3 7 22 26 13 42 5 44 30 37 40 9 17 8 70 33 42 16 5 21 
70 13 54 51 41 47 43 31 67 10 34 30 12 55 18 69 5 45 17 12 
71 63 79 79 53 20 14 6 57 20 10 5 41 3 34 36 36 25 83 34 
72 14 44 3 18 18 51 55 36 42 6 32 43 42 21 64 44 6 20 
73 33 53 53 5 11 6 19 43 65 60 34 27 63 34 21 42 58 
74 43 33 38 25 3 32 20 36 15 9 13 50 24 37 78 
75 6 79 3 36 34 56 31 51 53 15 35 46 28 1 2 
76 38 50 40 42 18 41 11 35 55 29 47 6 25 
77 34 13 20 40 27 42 9 14 37 21 20 68 
78 7 9 5 20 30 38 2 28 28 11 7 74 
79 71 71 75 18 10 46 23 9 1 62 
80 26 85 30 48 51 22 44 12 2 
81 43 59 61 32 23 58 
82 50 66 32 3 47 
83 58 58 71 
84 5 7 
85 80 10 
