89
87 87 86 85 85 83 83 82 78 77 76 76 76 75 75 75 75 73 72 71 71 70 66 65 65 64 64 63 62 62 60 59 58 58 56 56 55 55 54 54 53 53 53 52 51 49 48 46 43 41 40 39 37 37 37 37 36 35 35 34 33 33 33 30 30 30 28 27 26 25 24 23 23 19 19 19 18 18 15 10 10 9 8 6 6 4 2 2 2 
1 2 
2 1 3 5 4 7 6 8 9 10 13 12 11 17 16 15 14 18 19 21 20 22 23 25 24 27 26 28 30 29 31 32 34 33 36 35 38 37 40 39 43 42 41 44 45 46 47 48 49 50 51 52 56 55 54 53 57 59 58 60 63 62 61 66 65 64 67 68 69 70 71 73 72 76 75 74 78 77 79 81 80 82 83 85 84 86 89 88 
3 2 
4 2 
5 2 
6 2 
7 2 
8 2 
9 2 
10 2 
11 2 
12 2 
13 2 
14 2 
15 2 
16 2 
17 2 
18 2 
19 2 
20 2 
21 2 
22 2 
23 2 
24 2 
25 2 
26 2 
27 2 
28 2 
29 2 
30 2 
31 2 
32 2 
33 2 
34 2 
35 2 
36 2 
37 2 
38 2 
39 2 
40 2 
41 2 
42 2 
43 2 
44 2 
45 2 
46 2 
47 2 
48 2 
49 2 
50 2 
51 2 
52 2 
53 2 
54 2 
55 2 
56 2 
57 2 
58 2 
59 2 
60 2 
61 2 
62 2 
63 2 
64 2 
65 2 
66 2 
67 2 
68 2 
69 2 
70 2 
71 2 
72 2 
73 2 
74 2 
75 2 
76 2 
77 2 
78 2 
79 2 
80 2 
81 2 
82 2 
83 2 
84 2 
85 2 
86 2 
88 2 
89 2 
