33
32 32 31 31 30 28 28 27 27 25 24 24 23 22 19 17 17 16 16 16 16 14 14 13 12 11 10 10 10 9 7 7 6 3 2 1 
1 33 32 30 29 27 24 23 21 20 17 15 14 12 10 6 3 3 3 3 3 2 2 2 2 2 2 2 
2 33 32 30 29 27 24 23 21 20 17 15 14 12 10 6 3 3 3 3 3 1 1 1 1 1 1 1 
3 33 32 30 29 27 24 23 21 20 17 15 14 12 10 6 1 2 1 2 1 2 1 2 1 2 
4 33 32 30 29 27 24 23 21 20 17 15 14 12 10 6 
5 33 32 30 29 27 24 23 21 20 17 15 14 12 10 6 
6 33 32 30 29 27 24 23 21 20 17 15 14 12 10 1 2 3 4 5 
7 33 32 30 29 27 24 23 21 20 17 15 14 12 10 
8 33 32 30 29 27 24 23 21 20 17 15 14 12 10 
9 33 32 30 29 27 24 23 21 20 17 15 14 12 10 
10 33 32 30 29 27 24 23 21 20 17 15 14 12 1 2 3 4 5 6 7 8 9 
11 33 32 30 29 27 24 23 21 20 17 15 14 12 
12 33 32 30 29 27 24 23 21 20 17 15 14 1 2 3 4 5 6 7 8 9 10 11 
13 33 32 30 29 27 24 23 21 20 17 15 14 
14 33 32 30 29 27 24 23 21 20 17 15 1 2 3 4 5 6 7 8 9 10 11 12 13 
15 33 32 30 29 27 24 23 21 20 17 1 2 3 4 5 6 7 8 9 10 11 12 13 14 
16 33 32 30 29 27 24 23 21 20 17 
17 33 32 30 29 27 24 23 21 20 1 2 3 4 5 6 7 8 9 10 11 12 13 14 15 16 
18 33 32 30 29 27 24 23 21 20 
19 33 32 30 29 27 24 23 21 20 
20 33 32 30 29 27 24 23 21 1 2 3 4 5 6 7 8 9 10 11 12 13 14 15 16 17 18 19 
21 33 32 30 29 27 24 23 1 2 3 4 5 6 7 8 9 10 11 12 13 14 15 16 17 18 19 20 
22 33 32 30 29 27 24 23 
23 33 32 30 29 27 24 1 2 3 4 5 6 7 8 9 10 11 12 13 14 15 16 17 18 19 20 21 22 
24 33 32 30 29 27 1 2 3 4 5 6 7 8 9 10 11 12 13 14 15 16 17 18 19 20 21 22 23 
25 33 32 30 29 27 
26 33 32 30 29 27 
27 33 32 30 29 1 2 3 4 5 6 7 8 9 10 11 12 13 14 15 16 17 18 19 20 21 22 23 24 25 26 
28 33 32 30 29 
29 33 32 30 1 2 3 4 5 6 7 8 9 10 11 12 13 14 15 16 17 18 19 20 21 22 23 24 25 26 27 28 
30 33 32 1 2 3 4 5 6 7 8 9 10 11 12 13 14 15 16 17 18 19 20 21 22 23 24 25 26 27 28 29 
31 33 32 
32 33 1 2 3 4 5 6 7 8 9 10 11 12 13 14 15 16 17 18 19 20 21 22 23 24 25 26 27 28 29 30 31 
33 1 2 3 4 5 6 7 8 9 10 11 12 13 14 15 16 17 18 19 20 21 22 23 24 25 26 27 28 29 30 31 32 
