49
48 47 47 47 46 44 44 44 42 42 40 39 38 36 35 34 34 34 33 33 32 30 29 29 29 28 27 27 26 25 22 19 19 19 19 16 16 14 14 13 12 12 11 11 11 10 7 5 1 
1 49 47 46 45 43 40 39 38 35 34 31 29 27 24 22 20 19 18 16 15 13 10 8 7 6 4 2 2 2 2 2 2 2 2 2 2 2 
2 49 47 46 45 43 40 39 38 35 34 31 29 27 24 22 20 19 18 16 15 13 10 8 7 6 4 1 1 1 1 1 1 1 1 1 1 1 
3 49 47 46 45 43 40 39 38 35 34 31 29 27 24 22 20 19 18 16 15 13 10 8 7 6 4 
4 49 47 46 45 43 40 39 38 35 34 31 29 27 24 22 20 19 18 16 15 13 10 8 7 6 1 2 3 
5 49 47 46 45 43 40 39 38 35 34 31 29 27 24 22 20 19 18 16 15 13 10 8 7 6 
6 49 47 46 45 43 40 39 38 35 34 31 29 27 24 22 20 19 18 16 15 13 10 8 7 1 2 3 4 5 
7 49 47 46 45 43 40 39 38 35 34 31 29 27 24 22 20 19 18 16 15 13 10 8 1 2 3 4 5 6 
8 49 47 46 45 43 40 39 38 35 34 31 29 27 24 22 20 19 18 16 15 13 10 1 2 3 4 5 6 7 
9 49 47 46 45 43 40 39 38 35 34 31 29 27 24 22 20 19 18 16 15 13 10 
10 49 47 46 45 43 40 39 38 35 34 31 29 27 24 22 20 19 18 16 15 13 1 2 3 4 5 6 7 8 9 
11 49 47 46 45 43 40 39 38 35 34 31 29 27 24 22 20 19 18 16 15 13 
12 49 47 46 45 43 40 39 38 35 34 31 29 27 24 22 20 19 18 16 15 13 
13 49 47 46 45 43 40 39 38 35 34 31 29 27 24 22 20 19 18 16 15 1 2 3 4 5 6 7 8 9 10 11 12 
14 49 47 46 45 43 40 39 38 35 34 31 29 27 24 22 20 19 18 16 15 
15 49 47 46 45 43 40 39 38 35 34 31 29 27 24 22 20 19 18 16 1 2 3 4 5 6 7 8 9 10 11 12 13 14 
16 49 47 46 45 43 40 39 38 35 34 31 29 27 24 22 20 19 18 1 2 3 4 5 6 7 8 9 10 11 12 13 14 15 
17 49 47 46 45 43 40 39 38 35 34 31 29 27 24 22 20 19 18 
18 49 47 46 45 43 40 39 38 35 34 31 29 27 24 22 20 19 1 2 3 4 5 6 7 8 9 10 11 12 13 14 15 16 17 
19 49 47 46 45 43 40 39 38 35 34 31 29 27 24 22 20 1 2 3 4 5 6 7 8 9 10 11 12 13 14 15 16 17 18 
20 49 47 46 45 43 40 39 38 35 34 31 29 27 24 22 1 2 3 4 5 6 7 8 9 10 11 12 13 14 15 16 17 18 19 
21 49 47 46 45 43 40 39 38 35 34 31 29 27 24 22 
22 49 47 46 45 43 40 39 38 35 34 31 29 27 24 1 2 3 4 5 6 7 8 9 10 11 12 13 14 15 16 17 18 19 20 21 
23 49 47 46 45 43 40 39 38 35 34 31 29 27 24 
24 49 47 46 45 43 40 39 38 35 34 31 29 27 1 2 3 4 5 6 7 8 9 10 11 12 13 14 15 16 17 18 19 20 21 22 23 
25 49 47 46 45 43 40 39 38 35 34 31 29 27 
26 49 47 46 45 43 40 39 38 35 34 31 29 27 
27 49 47 46 45 43 40 39 38 35 34 31 29 1 2 3 4 5 6 7 8 9 10 11 12 13 14 15 16 17 18 19 20 21 22 23 24 25 26 
28 49 47 46 45 43 40 39 38 35 34 31 29 
29 49 47 46 45 43 40 39 38 35 34 31 1 2 3 4 5 6 7 8 9 10 11 12 13 14 15 16 17 18 19 20 21 22 23 24 25 26 27 28 
30 49 47 46 45 43 40 39 38 35 34 31 
31 49 47 46 45 43 40 39 38 35 34 1 2 3 4 5 6 7 8 9 10 11 12 13 14 15 16 17 18 19 20 21 22 23 24 25 26 27 28 29 30 
32 49 47 46 45 43 40 39 38 35 34 
33 49 47 46 45 43 40 39 38 35 34 
34 49 47 46 45 43 40 39 38 35 1 2 3 4 5 6 7 8 9 10 11 12 13 14 15 16 17 18 19 20 21 22 23 24 25 26 27 28 29 30 31 32 33 
35 49 47 46 45 43 40 39 38 1 2 3 4 5 6 7 8 9 10 11 12 13 14 15 16 17 18 19 20 21 22 23 24 25 26 27 28 29 30 31 32 33 34 
36 49 47 46 45 43 40 39 38 
37 49 47 46 45 43 40 39 38 
38 49 47 46 45 43 40 39 1 2 3 4 5 6 7 8 9 10 11 12 13 14 15 16 17 18 19 20 21 22 23 24 25 26 27 28 29 30 31 32 33 34 35 36 37 
39 49 47 46 45 43 40 1 2 3 4 5 6 7 8 9 10 11 12 13 14 15 16 17 18 19 20 21 22 23 24 25 26 27 28 29 30 31 32 33 34 35 36 37 38 
40 49 47 46 45 43 1 2 3 4 5 6 7 8 9 10 11 12 13 14 15 16 17 18 19 20 21 22 23 24 25 26 27 28 29 30 31 32 33 34 35 36 37 38 39 
41 49 47 46 45 43 
42 49 47 46 45 43 
43 49 47 46 45 1 2 3 4 5 6 7 8 9 10 11 12 13 14 15 16 17 18 19 20 21 22 23 24 25 26 27 28 29 30 31 32 33 34 35 36 37 38 39 40 41 42 
44 49 47 46 45 
45 49 47 46 1 2 3 4 5 6 7 8 9 10 11 12 13 14 15 16 17 18 19 20 21 22 23 24 25 26 27 28 29 30 31 32 33 34 35 36 37 38 39 40 41 42 43 44 
46 49 47 1 2 3 4 5 6 7 8 9 10 11 12 13 14 15 16 17 18 19 20 21 22 23 24 25 26 27 28 29 30 31 32 33 34 35 36 37 38 39 40 41 42 43 44 45 
47 49 1 2 3 4 5 6 7 8 9 10 11 12 13 14 15 16 17 18 19 20 21 22 23 24 25 26 27 28 29 30 31 32 33 34 35 36 37 38 39 40 41 42 43 44 45 46 
48 49 
49 1 2 3 4 5 6 7 8 9 10 11 12 13 14 15 16 17 18 19 20 21 22 23 24 25 26 27 28 29 30 31 32 33 34 35 36 37 38 39 40 41 42 43 44 45 46 47 48 
