19
18 16 15 15 14 14 13 13 12 11 10 9 8 8 8 6 5 4 3 
1 5 2 8 15 6 5 8 6 12 1 1 13 5 4 11 3 6 3 
2 11 1 17 9 11 13 4 9 7 13 13 11 2 2 14 10 
3 4 18 7 9 10 4 5 17 16 18 10 8 1 7 1 
4 3 9 6 3 2 8 11 13 5 10 8 1 14 10 16 
5 1 8 1 15 3 12 4 10 19 1 6 12 5 5 
6 15 4 1 1 13 8 19 19 18 5 8 12 1 12 
7 10 8 9 3 10 8 16 2 14 13 7 7 3 
8 1 7 5 17 7 1 17 4 6 4 10 3 6 
9 4 7 3 2 2 9 9 12 10 16 15 15 
10 7 7 3 14 4 5 9 3 4 8 2 
11 2 16 2 14 12 4 14 15 2 1 
12 13 1 11 5 9 6 16 5 6 
13 12 2 4 1 6 2 2 7 
14 11 10 11 15 15 7 4 2 
15 1 6 5 14 11 14 9 9 
16 11 3 7 9 4 12 
17 2 8 8 3 18 
18 3 17 3 6 
19 5 6 6 
