71
70 70 69 69 68 67 67 67 67 66 66 66 65 64 64 62 60 59 58 58 57 56 55 55 54 54 51 51 51 51 49 49 49 47 46 43 42 42 40 40 40 40 37 37 35 33 30 29 27 27 27 27 26 24 24 21 20 20 19 19 19 17 17 16 16 14 14 11 9 8 8 8 6 4 1 0 0 
1 71 70 68 67 65 63 62 61 60 58 57 56 54 52 51 48 45 43 41 40 38 36 34 33 31 30 26 25 24 23 20 19 18 15 13 9 7 6 3 3 2 2 
2 71 70 68 67 65 63 62 61 60 58 57 56 54 52 51 48 45 43 41 40 38 36 34 33 31 30 26 25 24 23 20 19 18 15 13 9 7 6 3 3 1 1 
3 71 70 68 67 65 63 62 61 60 58 57 56 54 52 51 48 45 43 41 40 38 36 34 33 31 30 26 25 24 23 20 19 18 15 13 9 7 6 1 2 1 2 
4 71 70 68 67 65 63 62 61 60 58 57 56 54 52 51 48 45 43 41 40 38 36 34 33 31 30 26 25 24 23 20 19 18 15 13 9 7 6 
5 71 70 68 67 65 63 62 61 60 58 57 56 54 52 51 48 45 43 41 40 38 36 34 33 31 30 26 25 24 23 20 19 18 15 13 9 7 6 
6 71 70 68 67 65 63 62 61 60 58 57 56 54 52 51 48 45 43 41 40 38 36 34 33 31 30 26 25 24 23 20 19 18 15 13 9 7 1 2 3 4 5 
7 71 70 68 67 65 63 62 61 60 58 57 56 54 52 51 48 45 43 41 40 38 36 34 33 31 30 26 25 24 23 20 19 18 15 13 9 1 2 3 4 5 6 
8 71 70 68 67 65 63 62 61 60 58 57 56 54 52 51 48 45 43 41 40 38 36 34 33 31 30 26 25 24 23 20 19 18 15 13 9 
9 71 70 68 67 65 63 62 61 60 58 57 56 54 52 51 48 45 43 41 40 38 36 34 33 31 30 26 25 24 23 20 19 18 15 13 1 2 3 4 5 6 7 8 
10 71 70 68 67 65 63 62 61 60 58 57 56 54 52 51 48 45 43 41 40 38 36 34 33 31 30 26 25 24 23 20 19 18 15 13 
11 71 70 68 67 65 63 62 61 60 58 57 56 54 52 51 48 45 43 41 40 38 36 34 33 31 30 26 25 24 23 20 19 18 15 13 
12 71 70 68 67 65 63 62 61 60 58 57 56 54 52 51 48 45 43 41 40 38 36 34 33 31 30 26 25 24 23 20 19 18 15 13 
13 71 70 68 67 65 63 62 61 60 58 57 56 54 52 51 48 45 43 41 40 38 36 34 33 31 30 26 25 24 23 20 19 18 15 1 2 3 4 5 6 7 8 9 10 11 12 
14 71 70 68 67 65 63 62 61 60 58 57 56 54 52 51 48 45 43 41 40 38 36 34 33 31 30 26 25 24 23 20 19 18 15 
15 71 70 68 67 65 63 62 61 60 58 57 56 54 52 51 48 45 43 41 40 38 36 34 33 31 30 26 25 24 23 20 19 18 1 2 3 4 5 6 7 8 9 10 11 12 13 14 
16 71 70 68 67 65 63 62 61 60 58 57 56 54 52 51 48 45 43 41 40 38 36 34 33 31 30 26 25 24 23 20 19 18 
17 71 70 68 67 65 63 62 61 60 58 57 56 54 52 51 48 45 43 41 40 38 36 34 33 31 30 26 25 24 23 20 19 18 
18 71 70 68 67 65 63 62 61 60 58 57 56 54 52 51 48 45 43 41 40 38 36 34 33 31 30 26 25 24 23 20 19 1 2 3 4 5 6 7 8 9 10 11 12 13 14 15 16 17 
19 71 70 68 67 65 63 62 61 60 58 57 56 54 52 51 48 45 43 41 40 38 36 34 33 31 30 26 25 24 23 20 1 2 3 4 5 6 7 8 9 10 11 12 13 14 15 16 17 18 
20 71 70 68 67 65 63 62 61 60 58 57 56 54 52 51 48 45 43 41 40 38 36 34 33 31 30 26 25 24 23 1 2 3 4 5 6 7 8 9 10 11 12 13 14 15 16 17 18 19 
21 71 70 68 67 65 63 62 61 60 58 57 56 54 52 51 48 45 43 41 40 38 36 34 33 31 30 26 25 24 23 
22 71 70 68 67 65 63 62 61 60 58 57 56 54 52 51 48 45 43 41 40 38 36 34 33 31 30 26 25 24 23 
23 71 70 68 67 65 63 62 61 60 58 57 56 54 52 51 48 45 43 41 40 38 36 34 33 31 30 26 25 24 1 2 3 4 5 6 7 8 9 10 11 12 13 14 15 16 17 18 19 20 21 22 
24 71 70 68 67 65 63 62 61 60 58 57 56 54 52 51 48 45 43 41 40 38 36 34 33 31 30 26 25 1 2 3 4 5 6 7 8 9 10 11 12 13 14 15 16 17 18 19 20 21 22 23 
25 71 70 68 67 65 63 62 61 60 58 57 56 54 52 51 48 45 43 41 40 38 36 34 33 31 30 26 1 2 3 4 5 6 7 8 9 10 11 12 13 14 15 16 17 18 19 20 21 22 23 24 
26 71 70 68 67 65 63 62 61 60 58 57 56 54 52 51 48 45 43 41 40 38 36 34 33 31 30 1 2 3 4 5 6 7 8 9 10 11 12 13 14 15 16 17 18 19 20 21 22 23 24 25 
27 71 70 68 67 65 63 62 61 60 58 57 56 54 52 51 48 45 43 41 40 38 36 34 33 31 30 
28 71 70 68 67 65 63 62 61 60 58 57 56 54 52 51 48 45 43 41 40 38 36 34 33 31 30 
29 71 70 68 67 65 63 62 61 60 58 57 56 54 52 51 48 45 43 41 40 38 36 34 33 31 30 
30 71 70 68 67 65 63 62 61 60 58 57 56 54 52 51 48 45 43 41 40 38 36 34 33 31 1 2 3 4 5 6 7 8 9 10 11 12 13 14 15 16 17 18 19 20 21 22 23 24 25 26 27 28 29 
31 71 70 68 67 65 63 62 61 60 58 57 56 54 52 51 48 45 43 41 40 38 36 34 33 1 2 3 4 5 6 7 8 9 10 11 12 13 14 15 16 17 18 19 20 21 22 23 24 25 26 27 28 29 30 
32 71 70 68 67 65 63 62 61 60 58 57 56 54 52 51 48 45 43 41 40 38 36 34 33 
33 71 70 68 67 65 63 62 61 60 58 57 56 54 52 51 48 45 43 41 40 38 36 34 1 2 3 4 5 6 7 8 9 10 11 12 13 14 15 16 17 18 19 20 21 22 23 24 25 26 27 28 29 30 31 32 
34 71 70 68 67 65 63 62 61 60 58 57 56 54 52 51 48 45 43 41 40 38 36 1 2 3 4 5 6 7 8 9 10 11 12 13 14 15 16 17 18 19 20 21 22 23 24 25 26 27 28 29 30 31 32 33 
35 71 70 68 67 65 63 62 61 60 58 57 56 54 52 51 48 45 43 41 40 38 36 
36 71 70 68 67 65 63 62 61 60 58 57 56 54 52 51 48 45 43 41 40 38 1 2 3 4 5 6 7 8 9 10 11 12 13 14 15 16 17 18 19 20 21 22 23 24 25 26 27 28 29 30 31 32 33 34 35 
37 71 70 68 67 65 63 62 61 60 58 57 56 54 52 51 48 45 43 41 40 38 
38 71 70 68 67 65 63 62 61 60 58 57 56 54 52 51 48 45 43 41 40 1 2 3 4 5 6 7 8 9 10 11 12 13 14 15 16 17 18 19 20 21 22 23 24 25 26 27 28 29 30 31 32 33 34 35 36 37 
39 71 70 68 67 65 63 62 61 60 58 57 56 54 52 51 48 45 43 41 40 
40 71 70 68 67 65 63 62 61 60 58 57 56 54 52 51 48 45 43 41 1 2 3 4 5 6 7 8 9 10 11 12 13 14 15 16 17 18 19 20 21 22 23 24 25 26 27 28 29 30 31 32 33 34 35 36 37 38 39 
41 71 70 68 67 65 63 62 61 60 58 57 56 54 52 51 48 45 43 1 2 3 4 5 6 7 8 9 10 11 12 13 14 15 16 17 18 19 20 21 22 23 24 25 26 27 28 29 30 31 32 33 34 35 36 37 38 39 40 
42 71 70 68 67 65 63 62 61 60 58 57 56 54 52 51 48 45 43 
43 71 70 68 67 65 63 62 61 60 58 57 56 54 52 51 48 45 1 2 3 4 5 6 7 8 9 10 11 12 13 14 15 16 17 18 19 20 21 22 23 24 25 26 27 28 29 30 31 32 33 34 35 36 37 38 39 40 41 42 
44 71 70 68 67 65 63 62 61 60 58 57 56 54 52 51 48 45 
45 71 70 68 67 65 63 62 61 60 58 57 56 54 52 51 48 1 2 3 4 5 6 7 8 9 10 11 12 13 14 15 16 17 18 19 20 21 22 23 24 25 26 27 28 29 30 31 32 33 34 35 36 37 38 39 40 41 42 43 44 
46 71 70 68 67 65 63 62 61 60 58 57 56 54 52 51 48 
47 71 70 68 67 65 63 62 61 60 58 57 56 54 52 51 48 
48 71 70 68 67 65 63 62 61 60 58 57 56 54 52 51 1 2 3 4 5 6 7 8 9 10 11 12 13 14 15 16 17 18 19 20 21 22 23 24 25 26 27 28 29 30 31 32 33 34 35 36 37 38 39 40 41 42 43 44 45 46 47 
49 71 70 68 67 65 63 62 61 60 58 57 56 54 52 51 
50 71 70 68 67 65 63 62 61 60 58 57 56 54 52 51 
51 71 70 68 67 65 63 62 61 60 58 57 56 54 52 1 2 3 4 5 6 7 8 9 10 11 12 13 14 15 16 17 18 19 20 21 22 23 24 25 26 27 28 29 30 31 32 33 34 35 36 37 38 39 40 41 42 43 44 45 46 47 48 49 50 
52 71 70 68 67 65 63 62 61 60 58 57 56 54 1 2 3 4 5 6 7 8 9 10 11 12 13 14 15 16 17 18 19 20 21 22 23 24 25 26 27 28 29 30 31 32 33 34 35 36 37 38 39 40 41 42 43 44 45 46 47 48 49 50 51 
53 71 70 68 67 65 63 62 61 60 58 57 56 54 
54 71 70 68 67 65 63 62 61 60 58 57 56 1 2 3 4 5 6 7 8 9 10 11 12 13 14 15 16 17 18 19 20 21 22 23 24 25 26 27 28 29 30 31 32 33 34 35 36 37 38 39 40 41 42 43 44 45 46 47 48 49 50 51 52 53 
55 71 70 68 67 65 63 62 61 60 58 57 56 
56 71 70 68 67 65 63 62 61 60 58 57 1 2 3 4 5 6 7 8 9 10 11 12 13 14 15 16 17 18 19 20 21 22 23 24 25 26 27 28 29 30 31 32 33 34 35 36 37 38 39 40 41 42 43 44 45 46 47 48 49 50 51 52 53 54 55 
57 71 70 68 67 65 63 62 61 60 58 1 2 3 4 5 6 7 8 9 10 11 12 13 14 15 16 17 18 19 20 21 22 23 24 25 26 27 28 29 30 31 32 33 34 35 36 37 38 39 40 41 42 43 44 45 46 47 48 49 50 51 52 53 54 55 56 
58 71 70 68 67 65 63 62 61 60 1 2 3 4 5 6 7 8 9 10 11 12 13 14 15 16 17 18 19 20 21 22 23 24 25 26 27 28 29 30 31 32 33 34 35 36 37 38 39 40 41 42 43 44 45 46 47 48 49 50 51 52 53 54 55 56 57 
59 71 70 68 67 65 63 62 61 60 
60 71 70 68 67 65 63 62 61 1 2 3 4 5 6 7 8 9 10 11 12 13 14 15 16 17 18 19 20 21 22 23 24 25 26 27 28 29 30 31 32 33 34 35 36 37 38 39 40 41 42 43 44 45 46 47 48 49 50 51 52 53 54 55 56 57 58 59 
61 71 70 68 67 65 63 62 1 2 3 4 5 6 7 8 9 10 11 12 13 14 15 16 17 18 19 20 21 22 23 24 25 26 27 28 29 30 31 32 33 34 35 36 37 38 39 40 41 42 43 44 45 46 47 48 49 50 51 52 53 54 55 56 57 58 59 60 
62 71 70 68 67 65 63 1 2 3 4 5 6 7 8 9 10 11 12 13 14 15 16 17 18 19 20 21 22 23 24 25 26 27 28 29 30 31 32 33 34 35 36 37 38 39 40 41 42 43 44 45 46 47 48 49 50 51 52 53 54 55 56 57 58 59 60 61 
63 71 70 68 67 65 1 2 3 4 5 6 7 8 9 10 11 12 13 14 15 16 17 18 19 20 21 22 23 24 25 26 27 28 29 30 31 32 33 34 35 36 37 38 39 40 41 42 43 44 45 46 47 48 49 50 51 52 53 54 55 56 57 58 59 60 61 62 
64 71 70 68 67 65 
65 71 70 68 67 1 2 3 4 5 6 7 8 9 10 11 12 13 14 15 16 17 18 19 20 21 22 23 24 25 26 27 28 29 30 31 32 33 34 35 36 37 38 39 40 41 42 43 44 45 46 47 48 49 50 51 52 53 54 55 56 57 58 59 60 61 62 63 64 
66 71 70 68 67 
67 71 70 68 1 2 3 4 5 6 7 8 9 10 11 12 13 14 15 16 17 18 19 20 21 22 23 24 25 26 27 28 29 30 31 32 33 34 35 36 37 38 39 40 41 42 43 44 45 46 47 48 49 50 51 52 53 54 55 56 57 58 59 60 61 62 63 64 65 66 
68 71 70 1 2 3 4 5 6 7 8 9 10 11 12 13 14 15 16 17 18 19 20 21 22 23 24 25 26 27 28 29 30 31 32 33 34 35 36 37 38 39 40 41 42 43 44 45 46 47 48 49 50 51 52 53 54 55 56 57 58 59 60 61 62 63 64 65 66 67 
69 71 70 
70 71 1 2 3 4 5 6 7 8 9 10 11 12 13 14 15 16 17 18 19 20 21 22 23 24 25 26 27 28 29 30 31 32 33 34 35 36 37 38 39 40 41 42 43 44 45 46 47 48 49 50 51 52 53 54 55 56 57 58 59 60 61 62 63 64 65 66 67 68 69 
71 1 2 3 4 5 6 7 8 9 10 11 12 13 14 15 16 17 18 19 20 21 22 23 24 25 26 27 28 29 30 31 32 33 34 35 36 37 38 39 40 41 42 43 44 45 46 47 48 49 50 51 52 53 54 55 56 57 58 59 60 61 62 63 64 65 66 67 68 69 70 
