71
69 68 67 64 63 62 62 62 61 60 60 59 58 57 57 54 54 53 53 52 51 50 49 47 45 44 43 43 42 42 42 41 40 38 38 38 35 35 35 33 33 32 32 32 31 31 31 31 30 27 26 25 25 25 23 23 22 22 17 17 16 15 13 12 6 6 6 5 5 4 3 
1 7 55 26 46 48 11 29 35 31 50 19 12 12 61 2 8 5 11 53 16 54 45 36 2 5 46 44 24 59 15 20 34 17 4 39 21 37 54 7 9 24 32 11 18 9 16 14 12 24 52 14 27 38 3 3 12 10 5 10 31 29 15 55 13 54 2 58 22 10 
2 8 31 25 33 9 4 38 5 26 34 35 42 18 23 1 5 2 2 58 26 17 1 30 32 54 8 25 52 29 46 8 28 29 9 42 14 14 49 20 26 14 25 14 27 33 39 23 18 24 28 2 2 71 25 47 9 41 20 39 45 17 16 22 9 1 14 39 14 
3 36 29 21 9 11 23 46 53 38 39 12 50 49 30 26 42 26 9 28 13 21 8 33 34 37 44 28 10 16 26 17 25 6 61 12 20 6 5 5 20 22 39 27 29 33 20 44 64 68 44 15 49 38 27 1 1 10 10 5 21 15 15 4 32 35 5 34 
4 11 30 22 26 2 39 10 17 11 16 21 6 23 19 52 34 5 8 12 18 40 53 39 59 30 37 7 33 16 1 31 5 18 54 7 10 18 60 4 4 11 26 10 24 41 57 6 4 4 38 30 3 61 7 31 19 27 22 26 17 14 49 26 28 
5 23 60 21 5 5 45 24 2 47 41 10 32 50 55 21 2 45 10 1 36 4 21 26 37 43 24 23 1 27 55 29 12 31 34 59 4 43 33 27 19 27 3 3 23 66 14 50 9 33 18 12 14 41 51 58 10 1 3 10 33 21 3 30 
6 26 34 51 20 17 58 7 27 4 6 6 59 14 50 12 7 16 14 34 27 39 10 8 69 15 32 65 6 6 55 27 3 60 20 3 20 58 64 28 44 34 34 28 6 6 8 52 30 46 59 20 39 25 8 4 23 69 11 10 24 12 60 
7 35 1 11 19 21 8 35 28 16 20 21 36 53 16 38 26 6 43 31 32 6 24 65 42 21 23 17 36 8 9 38 30 4 49 34 15 32 62 29 1 7 7 13 11 4 34 17 17 36 22 15 54 24 12 13 49 34 9 4 20 21 9 
8 2 32 25 7 32 18 13 59 1 13 4 50 51 11 22 23 42 7 51 39 13 25 11 53 23 2 58 36 21 28 48 2 41 3 6 40 67 9 32 17 21 11 56 36 29 6 9 36 33 22 18 6 18 27 29 36 14 10 17 25 28 54 
9 69 3 2 22 54 25 68 30 50 34 12 37 18 17 20 55 15 14 57 48 3 7 21 47 70 26 26 14 28 35 2 34 50 43 1 19 57 8 45 27 12 1 33 45 25 5 19 31 2 8 36 20 2 66 7 12 13 47 49 46 7 
10 41 21 4 13 5 20 19 14 24 12 24 51 12 5 64 22 32 24 42 25 6 56 15 43 23 3 15 35 40 48 17 4 37 31 20 44 29 50 17 15 4 12 32 24 32 41 5 1 3 3 5 1 6 8 56 47 22 54 57 1 
11 4 19 23 7 38 61 3 1 32 45 20 4 57 24 15 47 1 46 20 21 8 62 25 55 8 15 67 17 45 19 23 63 7 35 18 16 1 54 56 52 8 57 14 4 20 27 49 34 58 23 28 6 52 20 22 35 35 13 67 22 
12 16 63 27 26 32 23 24 3 43 1 17 9 1 37 26 10 10 22 6 26 22 51 4 25 58 5 16 62 42 48 34 12 12 3 52 9 16 59 33 29 1 54 31 52 30 19 40 60 10 5 1 30 7 48 12 12 9 39 6 
13 16 62 39 18 40 19 25 10 42 44 23 48 20 8 63 53 22 8 33 16 32 33 53 50 58 41 22 3 48 17 8 49 21 45 50 36 39 47 45 23 7 68 25 48 54 57 56 46 31 26 7 28 30 1 9 11 25 34 
14 39 16 35 40 38 27 17 10 29 6 55 58 6 64 45 17 46 48 9 42 18 20 9 44 18 37 61 2 33 21 2 22 2 2 1 5 65 20 48 11 36 47 33 38 23 1 40 5 38 25 18 21 8 29 4 2 2 
15 61 67 33 28 26 57 40 17 11 20 15 15 21 27 16 22 42 9 28 24 22 23 11 26 29 1 16 10 6 47 7 29 19 60 17 10 34 24 53 23 28 48 31 61 10 7 20 3 69 16 3 3 1 15 15 42 18 
16 22 13 12 23 14 26 18 52 29 43 53 7 25 46 24 4 18 7 13 15 1 64 6 20 36 33 26 12 15 4 31 3 22 16 16 40 34 42 11 12 1 41 37 22 43 18 44 19 2 49 39 15 50 47 
17 47 32 4 30 6 14 30 56 12 38 15 9 43 31 24 14 2 22 48 7 56 13 56 11 36 41 41 1 15 23 46 29 47 3 38 29 10 8 7 7 49 10 25 53 42 2 24 29 31 46 8 4 61 33 
18 16 55 63 33 13 32 40 8 30 16 48 2 23 9 39 29 4 41 27 49 14 49 36 41 14 31 59 30 42 63 4 35 11 4 1 53 18 18 2 34 50 68 5 16 19 8 23 8 14 19 23 31 15 
19 62 11 7 35 20 60 13 29 1 10 47 45 50 4 62 23 31 55 47 30 29 26 11 39 15 25 31 34 5 9 45 41 31 32 12 9 34 16 27 18 33 20 18 36 22 24 40 30 4 30 37 29 55 
20 31 19 27 49 29 6 26 59 7 10 11 40 57 13 15 9 11 16 52 28 35 43 14 1 64 44 22 38 27 44 2 3 6 6 3 10 37 36 14 11 3 15 2 6 21 9 26 19 11 7 43 52 
21 38 3 5 10 37 27 7 29 37 7 58 4 5 27 15 11 48 47 7 5 22 3 40 9 13 25 8 41 48 60 39 1 22 14 49 38 44 8 46 45 31 20 48 62 3 14 22 5 7 37 53 
22 16 36 31 9 4 60 13 12 24 56 35 43 12 15 44 10 8 17 21 15 13 30 22 22 23 46 20 21 16 25 37 29 14 3 52 7 35 16 8 2 43 38 19 21 29 11 4 10 1 11 
23 5 16 11 23 23 3 12 35 13 34 41 4 2 18 36 19 7 8 15 5 46 8 11 39 22 47 48 10 26 55 38 17 13 50 57 41 5 15 37 2 14 35 66 18 11 6 18 48 50 
24 32 33 12 5 16 10 11 10 22 7 17 15 29 5 10 30 54 50 1 25 37 38 32 1 25 15 58 2 36 1 40 45 37 42 4 10 17 7 44 63 46 41 37 6 19 66 52 
25 2 8 37 13 43 9 16 52 48 31 47 40 40 29 12 50 33 11 8 21 24 2 10 31 57 19 22 13 27 3 2 24 32 49 40 2 9 27 17 6 14 28 8 49 13 
26 6 30 16 36 1 4 12 20 46 2 15 7 44 12 3 42 12 69 28 2 5 35 3 34 9 15 9 19 16 23 31 29 3 32 31 2 40 4 50 13 30 20 4 4 
27 12 21 47 20 14 6 53 32 21 15 18 31 32 52 5 6 31 20 5 66 6 25 63 5 9 28 2 35 43 3 25 38 11 3 1 27 27 52 19 8 31 4 63 
28 47 39 7 38 15 50 38 26 15 3 60 45 20 52 35 9 8 59 2 41 30 51 3 36 32 27 6 54 15 32 2 61 36 6 64 38 11 54 13 41 25 8 4 
29 3 16 21 20 19 1 43 14 18 32 35 46 25 34 24 5 19 15 2 34 2 15 7 26 17 51 22 17 10 12 3 8 17 50 1 8 61 39 22 30 14 19 
30 26 4 9 17 17 18 3 36 2 43 24 19 4 42 71 22 7 18 28 51 44 44 51 46 37 12 42 46 6 62 35 26 12 53 13 51 4 29 19 19 5 59 
31 20 2 22 1 25 34 7 51 17 54 19 27 33 18 5 39 27 25 4 16 31 31 26 70 19 26 10 43 19 15 12 51 9 53 13 21 17 1 45 4 27 18 
32 53 8 24 8 12 17 11 18 5 63 27 7 13 35 29 56 40 10 2 27 57 55 6 7 71 42 26 24 44 28 1 8 46 19 28 25 46 10 10 34 3 
33 2 18 24 49 15 44 34 44 13 39 13 36 25 37 31 16 4 57 3 63 50 5 43 14 43 2 9 38 12 3 14 5 58 8 33 33 19 57 5 17 
34 6 33 37 2 23 9 56 31 4 35 29 6 26 45 29 3 7 1 5 51 43 19 9 12 16 15 7 6 18 6 19 52 11 32 7 41 3 13 
35 64 7 19 14 7 23 1 2 65 42 45 46 22 32 29 38 34 26 62 20 28 46 9 56 10 18 39 11 27 38 62 23 22 30 60 11 11 3 
36 3 22 26 56 7 51 23 5 33 30 1 16 51 48 7 18 17 8 13 28 53 20 48 38 55 24 54 28 7 14 8 8 43 9 39 19 8 48 
37 21 25 21 34 60 12 9 40 5 33 4 44 24 14 3 1 42 59 22 10 58 20 44 23 30 24 16 39 54 38 24 55 19 21 40 
38 21 11 2 3 28 14 7 39 17 55 28 35 50 7 50 42 24 20 23 17 21 33 35 36 14 27 3 42 1 14 28 37 60 22 4 
39 14 47 13 28 4 3 40 38 45 18 33 8 4 44 19 6 23 31 21 44 1 13 56 35 2 3 2 37 54 6 36 16 29 12 2 
40 47 63 13 14 20 18 41 39 15 54 25 25 37 44 32 4 41 21 46 47 8 16 10 26 40 40 25 24 12 14 70 19 37 
41 10 47 45 5 56 40 65 23 42 40 18 13 18 56 48 54 17 8 21 17 28 42 23 19 16 2 42 5 10 4 24 28 34 
42 13 2 35 26 7 15 3 41 8 43 14 10 30 42 42 38 41 12 2 18 46 37 32 16 30 24 41 38 17 49 15 60 
43 55 16 25 50 29 57 12 7 17 61 22 49 5 30 42 20 10 34 5 33 57 9 61 46 33 31 55 27 36 16 22 20 
44 13 33 26 44 44 33 22 40 54 39 1 57 37 14 20 39 3 64 20 30 59 32 30 21 6 37 10 3 3 16 54 24 
45 41 52 47 5 11 55 19 39 35 5 54 48 1 14 28 34 11 13 51 13 9 60 19 9 24 21 48 56 2 31 64 
46 1 3 26 16 58 35 11 29 14 23 1 2 35 40 22 42 17 43 32 30 21 30 32 49 13 62 6 52 24 17 9 
47 41 39 28 27 40 17 45 5 19 11 25 21 19 56 9 49 62 15 23 56 40 13 17 53 59 14 2 57 9 10 16 
48 1 25 13 18 52 45 21 14 17 36 9 63 13 41 8 21 23 12 13 10 36 15 14 45 52 21 12 58 56 36 23 
49 51 33 20 3 58 43 18 18 13 47 7 51 51 2 61 21 17 53 25 57 3 11 46 16 56 7 42 4 9 25 
50 68 1 43 3 9 5 28 19 6 8 38 13 25 24 38 13 33 23 9 10 5 18 26 29 16 59 23 
51 49 6 52 55 36 10 31 62 12 8 36 8 57 60 49 34 28 49 45 30 29 59 30 31 5 30 
52 16 45 51 25 48 4 61 20 27 28 2 57 12 11 22 12 1 6 34 27 46 48 11 20 24 
53 32 16 3 60 7 27 13 1 13 4 8 53 53 58 55 36 18 15 47 49 59 17 31 30 21 
54 9 40 45 31 1 44 24 2 41 61 1 4 11 13 28 12 36 39 37 44 7 28 1 10 8 
55 43 1 18 51 45 5 38 14 9 11 19 5 32 23 6 53 43 36 64 67 1 37 19 
56 36 41 34 17 22 32 17 47 17 41 10 35 47 39 11 8 58 13 45 49 64 48 10 
57 20 43 15 11 9 51 44 62 32 33 52 25 43 9 23 13 11 49 4 47 33 10 
58 21 6 46 14 67 49 2 58 58 13 12 8 53 24 6 37 56 33 5 11 48 1 
59 20 8 6 4 1 28 18 5 37 44 51 12 47 53 6 50 30 
60 5 19 22 53 37 28 51 21 15 6 45 4 12 35 38 6 42 
61 15 11 66 1 43 52 14 54 49 3 43 15 28 29 4 17 
62 19 13 65 19 51 11 35 57 47 12 7 35 30 46 21 
63 12 18 40 32 13 48 33 18 11 27 24 70 27 
64 35 16 14 10 20 44 6 3 28 55 56 45 
65 62 41 35 7 6 14 
66 61 27 5 23 9 24 
67 15 58 11 8 55 11 
68 50 9 13 3 18 
69 9 26 6 15 6 
70 9 31 40 63 
71 30 32 2 
