77
75 72 70 70 70 69 69 68 67 66 66 66 65 64 61 61 61 61 60 59 59 58 57 57 55 54 53 51 51 50 48 48 46 45 45 43 43 41 40 40 39 38 37 36 36 35 34 34 34 32 29 28 27 26 24 23 23 23 19 19 18 17 14 14 13 12 10 9 9 8 8 6 6 5 4 3 2 0 
1 35 9 12 35 18 71 24 4 25 21 29 17 30 36 32 23 21 3 4 58 26 16 23 39 1 1 11 14 10 45 8 36 19 28 63 3 4 30 31 9 25 7 26 42 43 11 26 48 46 28 2 8 12 36 45 13 16 35 62 1 1 52 44 2 8 64 9 4 4 20 21 42 24 1 1 
2 57 4 26 10 40 3 27 33 74 19 10 44 13 12 28 70 25 9 5 28 21 35 8 7 22 7 23 47 12 16 11 37 9 62 31 44 66 22 17 62 20 4 65 24 19 55 1 23 8 9 11 13 10 25 11 35 3 19 6 9 1 6 49 38 28 30 14 20 46 16 21 46 
3 8 37 52 22 2 46 4 37 5 62 76 14 19 55 9 25 41 37 54 9 27 38 21 20 1 30 55 6 17 42 23 16 4 1 10 72 19 45 13 11 32 57 11 50 13 17 51 18 41 25 2 58 3 3 39 36 26 18 18 19 6 36 58 34 24 9 24 5 32 23 
4 2 27 69 11 71 3 8 41 17 26 1 56 26 42 45 8 32 7 6 22 45 32 17 1 11 7 6 36 17 56 27 10 25 74 3 8 1 29 34 31 9 7 5 25 7 24 32 2 11 45 10 7 44 13 6 27 12 29 15 27 60 1 1 49 26 51 33 6 38 6 
5 56 27 39 3 41 39 26 20 67 71 33 33 14 10 18 60 46 59 12 15 17 58 2 37 43 77 53 18 33 44 18 49 58 31 27 40 7 4 35 47 47 13 20 17 9 21 40 10 36 46 61 66 9 19 70 6 17 50 60 38 13 22 24 13 44 9 38 14 3 43 
6 40 33 38 6 6 38 13 10 29 11 13 36 15 9 10 4 25 6 6 48 4 46 3 12 13 16 45 7 47 30 9 33 13 55 19 29 20 37 18 51 6 6 17 21 42 56 4 69 24 2 33 18 28 11 5 2 34 3 6 6 23 10 16 24 14 46 4 17 4 
7 10 10 35 33 39 68 32 20 52 40 55 4 13 10 34 43 34 51 4 9 14 39 46 60 16 13 71 2 22 9 2 6 37 48 41 34 25 49 68 25 29 8 1 34 5 4 4 59 17 22 10 4 36 10 30 18 16 22 24 25 36 65 44 69 50 50 30 9 34 
8 3 29 18 10 10 15 11 4 31 75 47 48 16 11 66 4 31 25 57 59 31 9 33 27 33 43 29 2 1 34 44 45 4 32 31 27 29 55 34 7 17 21 22 22 19 35 32 60 69 42 2 1 26 56 23 37 67 17 49 36 28 1 42 43 55 15 33 22 
9 46 28 1 56 43 3 34 44 6 31 3 16 32 34 41 25 8 7 2 25 21 25 41 28 7 46 23 27 20 6 2 36 1 31 4 30 53 45 5 9 9 2 26 17 20 9 9 28 5 2 23 30 21 42 1 14 29 18 60 5 48 29 58 3 34 7 35 
10 7 7 55 2 8 8 6 26 34 16 33 24 38 21 46 2 23 6 7 33 31 18 5 20 27 27 47 19 44 34 4 1 17 18 11 3 52 21 21 56 32 23 21 4 7 24 22 7 75 2 5 38 26 59 28 30 18 14 61 24 24 6 28 18 20 39 
11 36 27 4 40 51 51 8 6 13 69 8 29 17 59 49 16 41 34 59 4 50 1 26 36 13 59 20 36 10 40 72 2 75 23 15 24 52 27 13 18 3 1 4 17 48 27 49 3 45 2 2 26 20 38 26 6 27 21 31 35 26 12 39 30 28 13 
12 54 76 23 45 22 49 19 12 12 14 1 17 52 58 21 37 30 49 64 16 49 2 26 30 53 54 5 30 45 12 12 19 23 6 44 2 23 66 16 56 22 14 49 22 41 31 16 1 55 18 49 61 53 56 4 62 67 17 66 19 31 22 19 60 11 41 
13 39 6 48 30 32 49 59 11 6 55 45 40 21 26 7 76 2 44 32 44 57 50 38 20 19 7 6 33 27 68 11 21 18 20 11 14 6 3 46 29 5 56 15 24 40 3 2 4 1 34 17 27 33 58 31 5 22 18 5 33 11 24 25 31 44 
14 54 28 19 52 50 34 12 48 17 3 27 72 23 28 49 15 41 56 5 36 24 54 36 7 45 44 25 1 15 37 47 38 43 38 16 45 38 42 13 48 29 43 12 30 55 31 50 57 16 45 56 22 16 17 33 10 27 51 9 6 41 2 5 18 
15 23 27 20 63 8 47 28 62 56 36 37 14 6 44 28 54 31 26 35 52 5 21 51 24 38 29 20 14 36 42 32 20 48 11 61 26 19 19 19 63 13 21 23 34 26 42 23 22 30 4 22 23 33 22 8 22 40 27 35 18 27 
16 42 51 28 10 32 18 8 52 70 9 26 12 26 11 16 16 35 35 1 35 40 20 7 44 46 27 53 6 3 2 23 23 14 12 21 19 34 22 56 12 17 26 33 47 14 7 1 33 27 14 30 26 29 30 28 6 68 33 17 37 2 
17 23 25 27 12 31 52 14 55 4 37 30 1 11 23 53 4 19 22 71 5 40 24 4 3 27 52 10 64 8 51 37 2 59 25 5 11 7 24 16 3 9 6 20 13 49 8 14 18 12 24 5 16 43 70 48 68 44 44 6 53 73 
18 8 52 45 38 1 30 16 24 39 34 10 5 35 45 65 23 35 25 5 30 10 38 24 5 33 13 11 50 59 37 19 50 24 6 23 3 37 12 47 7 19 24 22 70 6 17 10 37 3 54 3 9 40 13 40 41 15 60 10 61 14 
19 47 12 14 2 3 37 19 19 43 28 34 28 17 35 28 30 12 10 13 29 43 1 64 53 69 48 50 3 20 16 65 8 26 6 15 15 21 2 18 15 50 2 18 49 5 42 12 26 12 3 57 42 46 53 27 51 51 36 45 41 
20 50 15 47 27 25 5 7 31 70 60 3 68 50 43 44 10 36 29 30 57 16 13 15 11 31 9 35 31 15 38 56 13 19 2 61 5 41 33 6 22 46 21 17 9 11 29 24 47 30 21 52 58 1 22 45 2 10 54 49 
21 38 37 21 21 25 52 1 12 57 42 10 13 1 28 3 26 38 28 38 24 27 15 2 9 44 33 13 41 22 10 10 16 8 50 64 19 45 50 10 15 41 5 6 20 36 46 9 20 42 11 23 61 1 52 42 62 36 24 2 
22 39 30 12 3 31 56 63 26 63 34 23 34 4 37 25 17 39 22 22 2 7 45 35 58 21 38 53 8 8 2 12 61 12 41 16 7 20 10 7 15 43 24 18 14 35 36 15 67 12 20 38 15 8 15 13 5 45 31 
23 12 15 17 53 38 36 63 68 14 30 1 10 17 22 59 31 1 12 18 35 9 3 2 31 28 48 64 12 46 16 37 16 11 49 43 10 28 29 43 2 15 18 44 45 58 8 15 57 24 9 15 21 6 46 66 25 3 
24 50 35 27 10 1 38 56 41 55 18 39 45 30 30 21 14 25 17 15 42 61 25 18 11 45 34 27 54 29 4 2 17 40 13 18 10 33 6 22 18 23 20 7 43 17 25 10 10 56 6 1 5 51 3 21 13 3 
25 30 17 21 36 53 20 38 55 1 3 42 29 8 52 49 6 9 22 2 9 9 61 24 28 14 26 37 18 30 4 51 7 24 7 1 77 27 59 42 4 47 17 70 32 2 3 73 24 7 27 26 29 37 23 13 
26 36 48 2 10 53 5 64 4 22 4 71 13 32 16 21 15 16 38 12 47 65 1 39 51 42 28 11 25 54 47 35 15 53 19 1 59 1 29 54 16 8 9 11 10 15 11 34 19 16 3 38 11 4 25 
27 15 4 11 17 2 40 5 29 52 20 24 14 54 53 32 3 55 10 8 10 21 57 16 17 13 4 9 8 47 11 5 24 44 25 39 48 51 11 30 57 32 13 16 4 47 4 11 14 25 15 19 55 15 
28 14 9 30 16 15 61 30 14 49 31 19 15 21 21 37 2 19 46 31 19 2 46 48 66 26 47 25 9 1 23 34 31 55 53 65 23 1 50 67 39 9 10 30 6 8 40 16 38 2 10 11 
29 8 36 43 32 57 6 27 59 37 33 11 1 25 32 41 39 20 31 8 32 19 15 60 4 8 7 50 14 42 40 24 26 35 13 6 23 32 39 20 66 4 42 16 9 38 48 35 35 25 9 40 
30 22 25 32 28 13 37 18 23 41 17 28 1 12 51 24 70 3 24 12 49 34 12 20 19 36 34 40 25 6 58 18 1 9 14 33 7 27 49 28 15 10 9 16 20 32 16 2 11 7 47 
31 22 51 17 8 45 35 20 9 8 43 28 43 15 8 10 28 23 29 54 44 54 20 23 33 36 8 20 1 28 37 5 2 9 4 14 12 38 12 11 13 69 31 31 34 22 66 13 46 
32 30 43 29 13 16 7 32 32 42 42 40 1 4 29 26 27 9 4 13 44 40 41 29 43 8 15 72 10 3 8 4 49 39 63 29 25 36 41 27 54 40 36 30 34 67 44 45 3 
33 6 53 57 7 2 10 37 29 58 5 55 10 5 43 39 8 8 35 13 53 31 5 21 43 6 18 49 30 34 35 20 16 24 16 6 14 40 13 15 42 8 41 16 13 4 64 
34 14 61 10 9 22 37 22 7 9 66 7 18 11 48 30 19 56 10 40 30 8 7 57 28 8 24 4 7 16 33 60 15 13 26 63 6 51 32 3 34 34 31 9 7 73 
35 37 1 7 24 1 31 50 50 41 16 54 15 18 16 16 53 19 2 61 33 23 45 18 35 35 22 20 43 26 41 8 5 29 33 2 1 22 65 11 46 29 15 37 29 9 
36 26 11 29 23 25 15 6 1 39 20 14 14 57 30 4 38 58 11 40 1 15 11 31 9 49 43 37 51 7 1 21 5 32 57 32 8 3 22 7 3 21 39 19 
37 35 3 3 21 30 29 17 19 33 15 3 12 69 34 62 28 22 5 60 46 25 14 7 39 23 2 67 31 38 17 36 18 50 6 18 8 62 41 18 59 16 35 25 
38 21 49 6 23 6 18 10 25 24 3 44 21 26 21 13 36 15 39 44 14 18 14 20 14 50 37 22 75 10 11 31 47 26 5 22 2 28 29 5 4 65 
39 22 13 5 7 5 52 52 64 64 36 18 24 33 29 26 7 22 1 47 38 37 72 27 40 52 32 56 49 29 28 65 47 3 40 47 39 39 11 36 10 
40 6 2 27 11 72 32 7 13 62 47 42 32 16 54 17 34 30 36 58 11 29 5 42 44 39 24 13 5 32 45 33 39 28 40 40 15 18 18 29 43 
41 48 45 58 5 4 30 3 53 14 24 35 11 9 47 29 48 51 32 9 68 7 53 60 21 35 50 22 12 20 21 55 3 32 37 33 12 14 18 19 
42 16 44 62 32 25 4 32 46 21 40 26 51 3 24 52 55 15 73 14 29 1 25 40 53 8 6 15 8 29 9 19 21 33 1 21 19 50 50 
43 32 29 9 64 19 31 31 20 7 33 8 5 45 32 44 19 60 33 14 35 23 36 14 1 65 23 67 22 24 8 47 46 57 17 71 40 5 
44 42 9 15 38 2 13 20 62 13 32 54 16 10 14 31 21 12 43 8 38 5 2 27 40 4 47 23 1 50 74 32 5 7 17 17 13 
45 12 41 18 31 4 13 24 4 12 43 18 47 14 35 22 1 6 8 57 14 24 3 9 21 4 11 51 1 23 14 68 40 20 22 32 19 
46 9 3 59 42 10 55 48 5 49 28 7 28 6 16 37 9 23 62 13 1 20 5 21 47 43 35 19 23 6 2 57 66 2 31 54 
47 19 20 15 8 48 40 62 41 26 10 39 45 28 2 6 14 26 27 48 5 25 5 44 16 18 20 39 46 27 39 43 38 52 30 
48 26 41 49 13 14 8 55 47 50 58 46 6 34 41 28 7 23 61 15 47 19 14 51 50 1 27 49 11 53 53 29 66 9 17 
49 38 12 48 65 13 14 63 28 12 25 11 12 30 46 7 5 23 33 36 12 48 11 32 39 12 30 51 17 8 19 2 4 61 20 
50 20 24 14 57 35 35 48 51 20 13 11 64 19 38 29 18 21 41 48 21 18 37 3 28 14 19 44 5 42 42 7 7 
51 11 31 16 11 30 50 7 52 41 15 26 42 25 58 17 48 36 27 55 45 6 3 49 14 34 4 24 19 19 
52 3 14 18 27 17 12 39 21 16 39 7 54 25 51 15 69 17 42 10 60 11 57 60 39 1 20 21 47 
53 33 23 26 25 41 27 17 12 35 5 60 16 54 33 19 41 28 22 26 9 42 48 12 54 48 19 17 
54 12 14 27 3 52 15 35 12 14 31 44 40 26 53 31 24 26 56 59 61 74 32 53 18 20 46 
55 10 17 3 25 13 48 24 7 27 33 46 3 42 8 28 6 14 2 51 12 41 8 65 27 
56 5 22 9 15 4 24 14 59 34 4 20 12 10 16 13 54 39 8 6 60 14 12 24 
57 2 59 33 29 50 21 8 13 36 20 27 34 62 45 52 3 14 27 23 36 19 43 46 
58 41 63 60 12 33 48 1 5 74 36 30 40 22 51 5 73 23 64 3 20 13 3 9 
59 57 46 29 13 11 8 56 11 23 5 11 25 17 26 7 18 54 10 37 
60 58 20 5 7 37 53 29 43 41 52 52 8 34 56 4 5 12 9 18 
61 34 63 28 35 25 24 63 48 15 22 20 54 12 5 10 21 49 18 
62 42 3 15 65 40 37 47 44 46 63 57 2 2 1 37 12 21 
63 15 58 23 61 22 22 49 64 1 61 62 15 32 34 
64 26 39 39 43 12 63 50 19 23 17 21 58 1 33 
65 49 62 26 18 19 28 2 43 39 35 55 7 38 
66 8 34 28 12 2 5 29 12 48 23 46 31 
67 73 5 71 37 43 28 8 12 22 32 
68 23 7 20 41 13 7 45 16 17 
69 4 11 37 52 19 8 6 31 7 
70 16 20 30 2 25 18 5 17 
71 4 1 26 5 67 17 7 43 
72 14 40 32 11 39 3 
73 67 42 58 25 17 34 
74 2 58 4 54 44 
75 8 11 38 10 
76 12 3 13 
77 5 25 
