45
44 43 41 39 35 35 33 32 31 31 31 31 28 28 28 27 26 24 23 20 20 20 19 17 15 15 14 14 13 12 11 10 10 10 9 9 9 7 7 4 3 3 2 2 1 
1 45 44 43 42 41 40 39 38 37 36 35 34 33 33 31 30 29 28 27 26 25 24 23 22 21 20 19 18 17 16 15 14 13 12 11 10 9 8 7 6 5 4 3 2 
2 44 43 42 41 40 39 38 37 36 35 34 33 32 31 30 29 28 27 26 25 24 23 22 21 20 19 18 17 16 15 14 13 12 11 10 9 8 7 6 5 4 3 1 
3 42 41 40 39 38 37 36 35 34 33 32 31 30 29 28 27 27 26 24 23 22 21 20 19 18 17 16 15 14 13 12 11 10 9 8 7 6 5 4 1 2 
4 40 39 38 37 36 35 34 33 32 31 30 29 28 27 26 25 24 23 22 21 20 19 18 17 16 15 14 13 12 11 10 9 8 7 6 5 3 1 2 
5 36 36 34 33 32 31 30 30 28 27 26 25 24 23 22 21 20 19 18 17 16 15 14 13 12 11 10 9 8 7 6 4 3 1 2 
6 36 35 34 33 32 31 30 29 28 27 26 25 24 23 22 21 20 19 18 17 16 15 14 13 12 11 10 9 8 7 3 2 4 1 5 
7 37 35 32 31 30 29 28 28 26 25 24 23 22 21 20 19 18 17 16 15 14 13 12 11 10 9 8 5 1 2 4 3 6 
8 33 32 31 30 29 28 27 26 25 24 23 22 21 20 19 18 17 16 15 14 13 12 11 10 9 2 7 1 3 4 5 6 
9 32 31 30 29 28 27 26 25 24 23 22 21 20 19 18 17 16 15 14 13 12 11 10 3 6 2 1 4 5 7 8 
10 37 35 34 29 28 27 26 25 24 23 22 21 20 19 18 17 16 15 14 13 12 11 7 8 2 5 1 4 3 9 6 
11 32 31 30 29 28 27 26 25 24 23 22 21 20 19 18 17 16 15 14 13 12 6 1 8 5 9 3 10 7 2 4 
12 38 38 36 29 28 27 26 25 24 23 22 21 20 19 18 17 16 15 14 13 3 8 5 2 4 6 7 11 1 9 10 
13 38 34 32 26 25 24 23 22 21 20 19 18 17 16 15 14 11 3 10 7 1 12 9 2 8 4 5 6 
14 36 29 27 26 25 24 23 22 21 20 19 18 17 16 15 3 6 7 2 9 12 1 4 10 5 11 8 13 
15 37 37 33 27 25 24 23 22 21 20 19 18 17 16 7 8 2 11 13 3 9 14 6 4 12 1 10 5 
16 34 29 26 25 24 23 22 21 20 19 18 17 4 2 5 8 6 15 9 11 10 12 3 1 14 13 7 
17 34 33 31 30 23 22 21 20 19 18 10 2 11 4 5 3 9 6 12 13 15 1 16 7 14 8 
18 28 24 23 22 21 20 19 6 8 7 9 16 1 14 3 11 13 12 10 2 5 4 15 17 
19 39 37 22 21 20 18 4 10 8 15 16 3 14 7 1 2 6 9 12 13 5 17 11 
20 21 19 10 4 9 3 6 16 1 12 13 14 2 17 5 15 7 18 11 8 
21 20 6 11 1 8 17 16 9 15 13 10 14 12 18 2 5 19 3 7 4 
22 23 12 19 9 1 7 10 6 13 16 11 4 2 15 8 18 14 5 17 3 
23 16 7 3 5 22 17 10 13 6 11 14 9 2 15 4 12 18 8 1 
24 6 16 2 4 12 13 3 9 10 11 1 5 18 14 8 15 7 
25 15 11 10 1 7 4 12 5 13 6 8 2 9 16 14 
26 5 2 1 8 3 13 11 10 4 6 12 16 7 9 14 
27 2 6 15 8 12 3 3 9 4 14 1 11 10 5 
28 9 3 18 7 7 4 11 6 1 12 8 2 10 5 
29 6 14 16 8 9 3 12 7 2 11 1 4 10 
30 5 8 6 5 1 9 17 2 4 11 7 3 
31 11 17 1 4 7 5 6 9 8 3 2 
32 13 7 2 8 3 5 4 6 9 11 
33 1 2 1 15 17 3 8 5 4 6 
34 10 6 17 16 13 3 1 4 2 5 
35 39 39 10 7 3 1 6 4 2 
36 6 5 12 5 14 1 4 3 2 
37 10 7 19 15 15 3 1 4 2 
38 2 12 12 13 4 3 1 
39 35 35 4 19 1 2 3 
40 4 2 3 1 
41 2 1 3 
42 3 1 2 
43 2 1 
44 1 2 
45 1 
