87
85 80 79 79 78 78 78 77 76 76 76 73 73 72 71 71 71 70 69 69 68 67 66 66 64 64 62 61 61 60 59 59 58 56 55 54 52 52 52 52 50 50 49 49 49 48 47 45 44 44 43 39 38 38 37 37 36 35 33 31 31 31 29 27 25 24 24 24 23 23 22 20 18 18 18 15 14 14 13 10 6 5 5 5 4 3 2 
1 86 85 84 83 82 81 80 80 79 79 79 79 79 79 79 79 79 
2 81 80 
4 87 
5 85 81 
6 83 80 
8 85 82 
10 81 80 
12 84 80 
13 86 85 
16 84 
18 83 
22 86 81 
25 81 80 
27 82 
33 83 
35 84 
44 80 
45 80 80 
46 87 
63 82 82 
67 83 
77 84 
79 1 1 1 1 1 1 1 1 1 
80 10 6 25 44 45 45 12 1 2 1 
81 5 10 25 22 2 1 
82 63 63 27 8 1 
83 6 18 67 33 1 
84 16 77 12 35 1 
85 8 13 5 1 
86 13 22 1 
87 46 4 
