17
16 15 14 14 14 12 11 10 9 8 6 6 6 5 5 5 4 
1 17 15 13 12 11 8 6 4 2 2 
2 17 15 13 12 11 8 6 4 1 1 
3 17 15 13 12 11 8 6 4 
4 17 15 13 12 11 8 6 1 2 3 
5 17 15 13 12 11 8 6 
6 17 15 13 12 11 8 1 2 3 4 5 
7 17 15 13 12 11 8 
8 17 15 13 12 11 1 2 3 4 5 6 7 
9 17 15 13 12 11 
10 17 15 13 12 11 
11 17 15 13 12 1 2 3 4 5 6 7 8 9 10 
12 17 15 13 1 2 3 4 5 6 7 8 9 10 11 
13 17 15 1 2 3 4 5 6 7 8 9 10 11 12 
14 17 15 
15 17 1 2 3 4 5 6 7 8 9 10 11 12 13 14 
16 17 
17 1 2 3 4 5 6 7 8 9 10 11 12 13 14 15 16 
