46
45 43 40 37 37 36 36 36 35 33 32 31 30 29 29 28 27 27 25 25 23 23 23 22 21 20 19 18 18 17 17 17 16 12 11 11 10 9 8 7 7 6 5 4 4 3 
1 33 38 36 34 12 3 4 14 13 33 1 1 10 3 14 13 7 15 14 9 5 2 42 25 9 41 5 10 3 28 27 4 7 16 19 13 6 4 8 26 18 35 19 36 39 
2 26 9 12 7 29 3 4 24 9 4 3 7 8 3 32 18 32 21 35 29 1 26 12 10 5 31 20 5 7 11 22 8 8 8 15 31 21 37 9 16 14 12 20 
3 23 7 24 2 1 25 23 2 28 10 2 3 3 33 1 24 21 13 17 5 14 6 28 5 38 1 31 10 8 18 21 9 30 26 23 14 36 26 20 17 
4 7 16 18 26 14 9 1 2 38 21 2 23 12 19 21 30 18 17 7 9 9 24 21 33 1 24 4 4 11 22 28 8 20 1 17 22 11 
5 26 5 5 8 8 18 44 16 31 8 8 16 18 17 45 28 11 23 1 15 37 6 3 2 39 20 7 1 2 3 23 13 31 35 20 26 7 
6 6 6 32 45 19 33 15 30 14 20 15 26 33 6 6 17 5 31 3 11 9 39 24 12 16 21 41 24 14 24 26 1 29 30 27 37 
7 4 18 27 2 23 3 21 24 2 11 7 7 16 7 7 26 9 1 4 8 5 22 18 12 15 17 20 2 1 29 24 31 19 20 19 5 
8 18 5 5 20 26 5 31 5 2 14 33 37 16 16 42 26 21 39 30 9 7 22 10 30 21 2 2 2 3 4 13 10 1 32 12 25 
9 2 22 10 35 18 27 4 31 19 2 23 7 20 22 38 24 1 8 1 4 4 23 15 6 17 20 15 24 19 13 19 3 2 27 13 
10 19 9 13 14 3 1 35 15 18 12 18 30 2 27 8 17 12 1 36 20 3 20 29 20 31 20 35 8 29 31 22 11 28 
11 16 16 12 34 28 30 7 14 11 11 17 40 5 13 21 30 27 37 6 29 41 2 13 18 4 16 40 14 33 42 10 4 
12 41 23 2 32 11 1 22 12 12 37 4 10 2 15 26 7 10 12 12 6 29 12 12 25 16 31 22 15 26 8 2 
13 27 24 1 10 28 21 28 21 17 17 1 3 25 11 23 15 5 11 38 20 9 32 15 8 1 26 39 16 40 9 
14 15 4 28 1 10 8 11 1 22 6 36 25 1 3 20 38 31 27 26 22 25 6 16 3 11 18 18 15 2 
15 17 31 14 25 20 25 44 10 6 1 6 16 5 29 12 19 9 13 7 25 9 2 13 12 37 45 40 14 23 
16 4 11 32 23 11 5 36 7 5 22 44 24 36 36 8 8 15 21 17 25 22 6 12 1 14 11 2 13 
17 25 15 23 19 13 5 13 11 19 3 32 32 4 6 30 28 16 10 9 19 7 19 21 4 22 34 3 
18 7 4 8 9 5 29 5 28 10 2 10 46 4 19 7 19 29 11 29 27 22 3 14 1 14 38 19 
19 10 22 21 9 17 6 4 39 17 32 15 32 18 18 17 17 9 9 43 1 7 1 33 18 7 
20 29 8 15 9 6 14 27 2 5 9 7 10 25 10 39 10 10 13 21 4 5 7 3 23 2 
21 35 40 24 19 7 4 28 13 13 4 2 3 8 16 11 4 8 35 17 6 20 3 2 
22 25 19 9 12 31 16 28 9 14 34 8 34 7 16 14 2 4 18 28 12 17 4 10 
23 3 12 16 7 27 3 17 4 9 24 5 9 13 25 26 5 34 25 3 33 28 20 15 
24 3 21 30 13 27 2 7 33 16 3 23 9 34 4 6 4 9 6 6 7 27 27 
25 22 17 3 15 34 46 15 13 14 26 1 16 27 23 33 15 14 20 12 23 8 
26 5 2 4 8 7 6 8 25 2 12 14 23 31 3 6 12 13 1 3 5 
27 34 7 13 9 23 24 27 27 20 11 10 25 14 1 18 24 24 6 9 
28 14 11 21 13 13 3 18 22 32 5 17 3 1 4 22 43 23 10 
29 34 2 36 20 32 18 2 15 18 11 12 10 37 18 7 6 10 32 
30 34 24 41 11 30 30 4 6 10 8 11 17 37 8 3 34 6 
31 15 9 5 8 36 22 6 2 14 3 5 10 26 12 7 2 10 
32 16 12 6 35 29 28 2 2 17 19 17 19 13 32 32 8 29 
33 1 43 1 24 43 8 3 6 6 35 44 4 25 23 11 19 
34 27 30 29 1 11 25 24 22 22 23 30 17 
35 21 9 32 42 10 2 33 21 10 5 1 
36 41 1 29 31 16 16 16 14 10 3 1 
37 38 12 8 5 30 11 29 15 2 6 
38 1 37 4 45 9 14 3 13 18 
39 43 19 8 5 6 20 13 1 
40 41 21 42 11 11 15 13 
41 12 40 36 30 1 11 6 
42 35 40 8 1 46 11 
43 33 39 33 19 28 
44 5 16 15 33 
45 6 5 38 15 
46 25 18 42 
