27
25 25 25 24 22 21 19 19 19 19 18 17 17 14 14 14 13 12 9 9 8 8 7 6 4 4 2 
1 26 25 24 24 23 21 20 19 18 17 16 15 14 13 12 11 10 9 8 7 6 5 4 3 2 
2 26 25 24 23 22 21 20 19 18 17 16 15 14 13 12 11 10 9 8 7 6 5 4 3 1 
3 26 25 24 23 22 21 20 19 18 17 16 15 14 13 12 11 10 9 8 7 6 5 4 1 2 
4 25 24 23 22 21 20 20 18 18 16 15 14 13 12 11 10 9 8 7 6 5 3 1 2 
5 23 22 21 20 19 18 17 16 15 14 13 12 11 10 9 8 7 6 2 1 4 3 
6 22 21 20 19 18 17 16 15 14 13 12 11 10 9 8 7 2 5 3 4 1 
7 20 19 18 17 16 15 14 13 12 11 10 9 8 5 3 2 6 4 1 
8 20 19 18 17 16 15 14 13 12 11 10 9 4 1 5 2 3 6 7 
9 27 19 18 17 16 15 14 13 12 11 10 7 2 6 4 8 5 1 3 
10 23 22 18 17 16 15 14 13 12 11 1 9 3 4 8 6 7 5 2 
11 19 18 17 16 15 14 13 12 2 8 3 4 6 1 10 7 9 5 
12 22 17 16 15 14 13 3 8 5 2 11 6 1 7 10 9 4 
13 22 17 16 15 14 11 4 6 3 9 5 10 12 2 7 1 8 
14 23 10 8 9 2 7 4 5 1 6 11 3 12 13 
15 27 1 8 4 2 7 9 10 11 6 3 13 5 12 
16 21 13 1 5 6 4 9 10 11 7 2 8 12 3 
17 26 8 9 12 11 13 1 7 3 2 5 6 10 
18 11 7 4 1 4 5 6 10 8 3 9 2 
19 3 2 6 9 5 7 1 8 11 
20 5 1 4 4 7 6 8 3 2 
21 24 2 16 5 4 3 1 6 
22 13 10 12 5 6 4 2 3 
23 14 10 1 2 5 4 3 
24 4 21 1 1 3 2 
25 2 4 1 3 
26 17 2 3 1 
27 15 9 
