70
69 68 67 64 63 62 62 62 61 60 60 59 58 57 57 54 54 53 53 52 51 50 49 47 45 44 43 43 42 42 42 41 40 38 38 38 35 35 35 33 33 32 32 32 31 31 31 31 30 27 26 25 25 25 23 23 22 22 17 17 16 15 13 12 6 6 6 5 5 4 3 
1 70 68 66 62 60 58 57 56 54 52 51 49 47 45 44 40 39 37 36 34 32 30 28 25 22 20 18 17 15 14 13 11 9 6 6 6 5 5 5 5 5 5 4 4 4 4 4 4 3 3 3 3 3 3 3 3 2 2 2 2 2 2 2 
2 70 68 66 62 60 58 57 56 54 52 51 49 47 45 44 40 39 37 36 34 32 30 28 25 22 20 18 17 15 14 13 11 9 6 6 6 5 5 5 5 5 5 4 4 4 4 4 4 3 3 3 3 3 3 3 3 1 1 1 1 1 1 1 
3 70 68 66 62 60 58 57 56 54 52 51 49 47 45 44 40 39 37 36 34 32 30 28 25 22 20 18 17 15 14 13 11 9 6 6 6 5 5 5 5 5 5 4 4 4 4 4 4 1 2 1 2 1 2 1 2 1 2 1 2 1 2 1 2 
4 70 68 66 62 60 58 57 56 54 52 51 49 47 45 44 40 39 37 36 34 32 30 28 25 22 20 18 17 15 14 13 11 9 6 6 6 5 5 5 5 5 5 1 2 3 1 2 3 1 2 3 1 2 3 1 2 3 1 2 3 
5 70 68 66 62 60 58 57 56 54 52 51 49 47 45 44 40 39 37 36 34 32 30 28 25 22 20 18 17 15 14 13 11 9 6 6 6 1 2 3 4 1 2 3 4 1 2 3 4 1 2 3 4 1 2 3 4 1 2 3 4 
6 70 68 66 62 60 58 57 56 54 52 51 49 47 45 44 40 39 37 36 34 32 30 28 25 22 20 18 17 15 14 13 11 9 1 2 3 4 5 1 2 3 4 5 1 2 3 4 5 
7 70 68 66 62 60 58 57 56 54 52 51 49 47 45 44 40 39 37 36 34 32 30 28 25 22 20 18 17 15 14 13 11 9 
8 70 68 66 62 60 58 57 56 54 52 51 49 47 45 44 40 39 37 36 34 32 30 28 25 22 20 18 17 15 14 13 11 9 
9 70 68 66 62 60 58 57 56 54 52 51 49 47 45 44 40 39 37 36 34 32 30 28 25 22 20 18 17 15 14 13 11 1 2 3 4 5 6 7 8 
10 70 68 66 62 60 58 57 56 54 52 51 49 47 45 44 40 39 37 36 34 32 30 28 25 22 20 18 17 15 14 13 11 
11 70 68 66 62 60 58 57 56 54 52 51 49 47 45 44 40 39 37 36 34 32 30 28 25 22 20 18 17 15 14 13 1 2 3 4 5 6 7 8 9 10 
12 70 68 66 62 60 58 57 56 54 52 51 49 47 45 44 40 39 37 36 34 32 30 28 25 22 20 18 17 15 14 13 
13 70 68 66 62 60 58 57 56 54 52 51 49 47 45 44 40 39 37 36 34 32 30 28 25 22 20 18 17 15 14 1 2 3 4 5 6 7 8 9 10 11 12 
14 70 68 66 62 60 58 57 56 54 52 51 49 47 45 44 40 39 37 36 34 32 30 28 25 22 20 18 17 15 1 2 3 4 5 6 7 8 9 10 11 12 13 
15 70 68 66 62 60 58 57 56 54 52 51 49 47 45 44 40 39 37 36 34 32 30 28 25 22 20 18 17 1 2 3 4 5 6 7 8 9 10 11 12 13 14 
16 70 68 66 62 60 58 57 56 54 52 51 49 47 45 44 40 39 37 36 34 32 30 28 25 22 20 18 17 
17 70 68 66 62 60 58 57 56 54 52 51 49 47 45 44 40 39 37 36 34 32 30 28 25 22 20 18 1 2 3 4 5 6 7 8 9 10 11 12 13 14 15 16 
18 70 68 66 62 60 58 57 56 54 52 51 49 47 45 44 40 39 37 36 34 32 30 28 25 22 20 1 2 3 4 5 6 7 8 9 10 11 12 13 14 15 16 17 
19 70 68 66 62 60 58 57 56 54 52 51 49 47 45 44 40 39 37 36 34 32 30 28 25 22 20 
20 70 68 66 62 60 58 57 56 54 52 51 49 47 45 44 40 39 37 36 34 32 30 28 25 22 1 2 3 4 5 6 7 8 9 10 11 12 13 14 15 16 17 18 19 
21 70 68 66 62 60 58 57 56 54 52 51 49 47 45 44 40 39 37 36 34 32 30 28 25 22 
22 70 68 66 62 60 58 57 56 54 52 51 49 47 45 44 40 39 37 36 34 32 30 28 25 1 2 3 4 5 6 7 8 9 10 11 12 13 14 15 16 17 18 19 20 21 
23 70 68 66 62 60 58 57 56 54 52 51 49 47 45 44 40 39 37 36 34 32 30 28 25 
24 70 68 66 62 60 58 57 56 54 52 51 49 47 45 44 40 39 37 36 34 32 30 28 25 
25 70 68 66 62 60 58 57 56 54 52 51 49 47 45 44 40 39 37 36 34 32 30 28 1 2 3 4 5 6 7 8 9 10 11 12 13 14 15 16 17 18 19 20 21 22 23 24 
26 70 68 66 62 60 58 57 56 54 52 51 49 47 45 44 40 39 37 36 34 32 30 28 
27 70 68 66 62 60 58 57 56 54 52 51 49 47 45 44 40 39 37 36 34 32 30 28 
28 70 68 66 62 60 58 57 56 54 52 51 49 47 45 44 40 39 37 36 34 32 30 1 2 3 4 5 6 7 8 9 10 11 12 13 14 15 16 17 18 19 20 21 22 23 24 25 26 27 
29 70 68 66 62 60 58 57 56 54 52 51 49 47 45 44 40 39 37 36 34 32 30 
30 70 68 66 62 60 58 57 56 54 52 51 49 47 45 44 40 39 37 36 34 32 1 2 3 4 5 6 7 8 9 10 11 12 13 14 15 16 17 18 19 20 21 22 23 24 25 26 27 28 29 
31 70 68 66 62 60 58 57 56 54 52 51 49 47 45 44 40 39 37 36 34 32 
32 70 68 66 62 60 58 57 56 54 52 51 49 47 45 44 40 39 37 36 34 1 2 3 4 5 6 7 8 9 10 11 12 13 14 15 16 17 18 19 20 21 22 23 24 25 26 27 28 29 30 31 
33 70 68 66 62 60 58 57 56 54 52 51 49 47 45 44 40 39 37 36 34 
34 70 68 66 62 60 58 57 56 54 52 51 49 47 45 44 40 39 37 36 1 2 3 4 5 6 7 8 9 10 11 12 13 14 15 16 17 18 19 20 21 22 23 24 25 26 27 28 29 30 31 32 33 
35 70 68 66 62 60 58 57 56 54 52 51 49 47 45 44 40 39 37 36 
36 70 68 66 62 60 58 57 56 54 52 51 49 47 45 44 40 39 37 1 2 3 4 5 6 7 8 9 10 11 12 13 14 15 16 17 18 19 20 21 22 23 24 25 26 27 28 29 30 31 32 33 34 35 
37 70 68 66 62 60 58 57 56 54 52 51 49 47 45 44 40 39 1 2 3 4 5 6 7 8 9 10 11 12 13 14 15 16 17 18 19 20 21 22 23 24 25 26 27 28 29 30 31 32 33 34 35 36 
38 70 68 66 62 60 58 57 56 54 52 51 49 47 45 44 40 39 
39 70 68 66 62 60 58 57 56 54 52 51 49 47 45 44 40 1 2 3 4 5 6 7 8 9 10 11 12 13 14 15 16 17 18 19 20 21 22 23 24 25 26 27 28 29 30 31 32 33 34 35 36 37 38 
40 70 68 66 62 60 58 57 56 54 52 51 49 47 45 44 1 2 3 4 5 6 7 8 9 10 11 12 13 14 15 16 17 18 19 20 21 22 23 24 25 26 27 28 29 30 31 32 33 34 35 36 37 38 39 
41 70 68 66 62 60 58 57 56 54 52 51 49 47 45 44 
42 70 68 66 62 60 58 57 56 54 52 51 49 47 45 44 
43 70 68 66 62 60 58 57 56 54 52 51 49 47 45 44 
44 70 68 66 62 60 58 57 56 54 52 51 49 47 45 1 2 3 4 5 6 7 8 9 10 11 12 13 14 15 16 17 18 19 20 21 22 23 24 25 26 27 28 29 30 31 32 33 34 35 36 37 38 39 40 41 42 43 
45 70 68 66 62 60 58 57 56 54 52 51 49 47 1 2 3 4 5 6 7 8 9 10 11 12 13 14 15 16 17 18 19 20 21 22 23 24 25 26 27 28 29 30 31 32 33 34 35 36 37 38 39 40 41 42 43 44 
46 70 68 66 62 60 58 57 56 54 52 51 49 47 
47 70 68 66 62 60 58 57 56 54 52 51 49 1 2 3 4 5 6 7 8 9 10 11 12 13 14 15 16 17 18 19 20 21 22 23 24 25 26 27 28 29 30 31 32 33 34 35 36 37 38 39 40 41 42 43 44 45 46 
48 70 68 66 62 60 58 57 56 54 52 51 49 
49 70 68 66 62 60 58 57 56 54 52 51 1 2 3 4 5 6 7 8 9 10 11 12 13 14 15 16 17 18 19 20 21 22 23 24 25 26 27 28 29 30 31 32 33 34 35 36 37 38 39 40 41 42 43 44 45 46 47 48 
50 70 68 66 62 60 58 57 56 54 52 51 
51 70 68 66 62 60 58 57 56 54 52 1 2 3 4 5 6 7 8 9 10 11 12 13 14 15 16 17 18 19 20 21 22 23 24 25 26 27 28 29 30 31 32 33 34 35 36 37 38 39 40 41 42 43 44 45 46 47 48 49 50 
52 70 68 66 62 60 58 57 56 54 1 2 3 4 5 6 7 8 9 10 11 12 13 14 15 16 17 18 19 20 21 22 23 24 25 26 27 28 29 30 31 32 33 34 35 36 37 38 39 40 41 42 43 44 45 46 47 48 49 50 51 
53 70 68 66 62 60 58 57 56 54 
54 70 68 66 62 60 58 57 56 1 2 3 4 5 6 7 8 9 10 11 12 13 14 15 16 17 18 19 20 21 22 23 24 25 26 27 28 29 30 31 32 33 34 35 36 37 38 39 40 41 42 43 44 45 46 47 48 49 50 51 52 53 
55 70 68 66 62 60 58 57 56 
56 70 68 66 62 60 58 57 1 2 3 4 5 6 7 8 9 10 11 12 13 14 15 16 17 18 19 20 21 22 23 24 25 26 27 28 29 30 31 32 33 34 35 36 37 38 39 40 41 42 43 44 45 46 47 48 49 50 51 52 53 54 55 
57 70 68 66 62 60 58 1 2 3 4 5 6 7 8 9 10 11 12 13 14 15 16 17 18 19 20 21 22 23 24 25 26 27 28 29 30 31 32 33 34 35 36 37 38 39 40 41 42 43 44 45 46 47 48 49 50 51 52 53 54 55 56 
58 70 68 66 62 60 1 2 3 4 5 6 7 8 9 10 11 12 13 14 15 16 17 18 19 20 21 22 23 24 25 26 27 28 29 30 31 32 33 34 35 36 37 38 39 40 41 42 43 44 45 46 47 48 49 50 51 52 53 54 55 56 57 
59 70 68 66 62 60 
60 70 68 66 62 1 2 3 4 5 6 7 8 9 10 11 12 13 14 15 16 17 18 19 20 21 22 23 24 25 26 27 28 29 30 31 32 33 34 35 36 37 38 39 40 41 42 43 44 45 46 47 48 49 50 51 52 53 54 55 56 57 58 59 
61 70 68 66 62 
62 70 68 66 1 2 3 4 5 6 7 8 9 10 11 12 13 14 15 16 17 18 19 20 21 22 23 24 25 26 27 28 29 30 31 32 33 34 35 36 37 38 39 40 41 42 43 44 45 46 47 48 49 50 51 52 53 54 55 56 57 58 59 60 61 
63 70 68 66 
64 70 68 66 
65 70 68 66 
66 70 68 1 2 3 4 5 6 7 8 9 10 11 12 13 14 15 16 17 18 19 20 21 22 23 24 25 26 27 28 29 30 31 32 33 34 35 36 37 38 39 40 41 42 43 44 45 46 47 48 49 50 51 52 53 54 55 56 57 58 59 60 61 62 63 64 65 
67 70 68 
68 70 1 2 3 4 5 6 7 8 9 10 11 12 13 14 15 16 17 18 19 20 21 22 23 24 25 26 27 28 29 30 31 32 33 34 35 36 37 38 39 40 41 42 43 44 45 46 47 48 49 50 51 52 53 54 55 56 57 58 59 60 61 62 63 64 65 66 67 
69 70 
70 1 2 3 4 5 6 7 8 9 10 11 12 13 14 15 16 17 18 19 20 21 22 23 24 25 26 27 28 29 30 31 32 33 34 35 36 37 38 39 40 41 42 43 44 45 46 47 48 49 50 51 52 53 54 55 56 57 58 59 60 61 62 63 64 65 66 67 68 69 
