51
50 50 50 48 48 46 42 42 42 41 39 39 39 39 37 36 35 35 33 33 33 33 30 27 26 26 25 24 23 23 22 22 20 19 18 18 17 16 14 14 13 13 12 11 10 9 8 5 5 5 3 
1 51 50 49 46 45 42 37 36 35 33 30 29 28 27 24 22 20 19 16 15 14 13 9 5 3 2 2 2 2 2 2 2 2 2 2 2 
2 51 50 49 46 45 42 37 36 35 33 30 29 28 27 24 22 20 19 16 15 14 13 9 5 3 1 1 1 1 1 1 1 1 1 1 1 
3 51 50 49 46 45 42 37 36 35 33 30 29 28 27 24 22 20 19 16 15 14 13 9 5 1 2 
4 51 50 49 46 45 42 37 36 35 33 30 29 28 27 24 22 20 19 16 15 14 13 9 5 
5 51 50 49 46 45 42 37 36 35 33 30 29 28 27 24 22 20 19 16 15 14 13 9 1 2 3 4 
6 51 50 49 46 45 42 37 36 35 33 30 29 28 27 24 22 20 19 16 15 14 13 9 
7 51 50 49 46 45 42 37 36 35 33 30 29 28 27 24 22 20 19 16 15 14 13 9 
8 51 50 49 46 45 42 37 36 35 33 30 29 28 27 24 22 20 19 16 15 14 13 9 
9 51 50 49 46 45 42 37 36 35 33 30 29 28 27 24 22 20 19 16 15 14 13 1 2 3 4 5 6 7 8 
10 51 50 49 46 45 42 37 36 35 33 30 29 28 27 24 22 20 19 16 15 14 13 
11 51 50 49 46 45 42 37 36 35 33 30 29 28 27 24 22 20 19 16 15 14 13 
12 51 50 49 46 45 42 37 36 35 33 30 29 28 27 24 22 20 19 16 15 14 13 
13 51 50 49 46 45 42 37 36 35 33 30 29 28 27 24 22 20 19 16 15 14 1 2 3 4 5 6 7 8 9 10 11 12 
14 51 50 49 46 45 42 37 36 35 33 30 29 28 27 24 22 20 19 16 15 1 2 3 4 5 6 7 8 9 10 11 12 13 
15 51 50 49 46 45 42 37 36 35 33 30 29 28 27 24 22 20 19 16 1 2 3 4 5 6 7 8 9 10 11 12 13 14 
16 51 50 49 46 45 42 37 36 35 33 30 29 28 27 24 22 20 19 1 2 3 4 5 6 7 8 9 10 11 12 13 14 15 
17 51 50 49 46 45 42 37 36 35 33 30 29 28 27 24 22 20 19 
18 51 50 49 46 45 42 37 36 35 33 30 29 28 27 24 22 20 19 
19 51 50 49 46 45 42 37 36 35 33 30 29 28 27 24 22 20 1 2 3 4 5 6 7 8 9 10 11 12 13 14 15 16 17 18 
20 51 50 49 46 45 42 37 36 35 33 30 29 28 27 24 22 1 2 3 4 5 6 7 8 9 10 11 12 13 14 15 16 17 18 19 
21 51 50 49 46 45 42 37 36 35 33 30 29 28 27 24 22 
22 51 50 49 46 45 42 37 36 35 33 30 29 28 27 24 1 2 3 4 5 6 7 8 9 10 11 12 13 14 15 16 17 18 19 20 21 
23 51 50 49 46 45 42 37 36 35 33 30 29 28 27 24 
24 51 50 49 46 45 42 37 36 35 33 30 29 28 27 1 2 3 4 5 6 7 8 9 10 11 12 13 14 15 16 17 18 19 20 21 22 23 
25 51 50 49 46 45 42 37 36 35 33 30 29 28 27 
26 51 50 49 46 45 42 37 36 35 33 30 29 28 27 
27 51 50 49 46 45 42 37 36 35 33 30 29 28 1 2 3 4 5 6 7 8 9 10 11 12 13 14 15 16 17 18 19 20 21 22 23 24 25 26 
28 51 50 49 46 45 42 37 36 35 33 30 29 1 2 3 4 5 6 7 8 9 10 11 12 13 14 15 16 17 18 19 20 21 22 23 24 25 26 27 
29 51 50 49 46 45 42 37 36 35 33 30 1 2 3 4 5 6 7 8 9 10 11 12 13 14 15 16 17 18 19 20 21 22 23 24 25 26 27 28 
30 51 50 49 46 45 42 37 36 35 33 1 2 3 4 5 6 7 8 9 10 11 12 13 14 15 16 17 18 19 20 21 22 23 24 25 26 27 28 29 
31 51 50 49 46 45 42 37 36 35 33 
32 51 50 49 46 45 42 37 36 35 33 
33 51 50 49 46 45 42 37 36 35 1 2 3 4 5 6 7 8 9 10 11 12 13 14 15 16 17 18 19 20 21 22 23 24 25 26 27 28 29 30 31 32 
34 51 50 49 46 45 42 37 36 35 
35 51 50 49 46 45 42 37 36 1 2 3 4 5 6 7 8 9 10 11 12 13 14 15 16 17 18 19 20 21 22 23 24 25 26 27 28 29 30 31 32 33 34 
36 51 50 49 46 45 42 37 1 2 3 4 5 6 7 8 9 10 11 12 13 14 15 16 17 18 19 20 21 22 23 24 25 26 27 28 29 30 31 32 33 34 35 
37 51 50 49 46 45 42 1 2 3 4 5 6 7 8 9 10 11 12 13 14 15 16 17 18 19 20 21 22 23 24 25 26 27 28 29 30 31 32 33 34 35 36 
38 51 50 49 46 45 42 
39 51 50 49 46 45 42 
40 51 50 49 46 45 42 
41 51 50 49 46 45 42 
42 51 50 49 46 45 1 2 3 4 5 6 7 8 9 10 11 12 13 14 15 16 17 18 19 20 21 22 23 24 25 26 27 28 29 30 31 32 33 34 35 36 37 38 39 40 41 
43 51 50 49 46 45 
44 51 50 49 46 45 
45 51 50 49 46 1 2 3 4 5 6 7 8 9 10 11 12 13 14 15 16 17 18 19 20 21 22 23 24 25 26 27 28 29 30 31 32 33 34 35 36 37 38 39 40 41 42 43 44 
46 51 50 49 1 2 3 4 5 6 7 8 9 10 11 12 13 14 15 16 17 18 19 20 21 22 23 24 25 26 27 28 29 30 31 32 33 34 35 36 37 38 39 40 41 42 43 44 45 
47 51 50 49 
48 51 50 49 
49 51 50 1 2 3 4 5 6 7 8 9 10 11 12 13 14 15 16 17 18 19 20 21 22 23 24 25 26 27 28 29 30 31 32 33 34 35 36 37 38 39 40 41 42 43 44 45 46 47 48 
50 51 1 2 3 4 5 6 7 8 9 10 11 12 13 14 15 16 17 18 19 20 21 22 23 24 25 26 27 28 29 30 31 32 33 34 35 36 37 38 39 40 41 42 43 44 45 46 47 48 49 
51 1 2 3 4 5 6 7 8 9 10 11 12 13 14 15 16 17 18 19 20 21 22 23 24 25 26 27 28 29 30 31 32 33 34 35 36 37 38 39 40 41 42 43 44 45 46 47 48 49 50 
