21
18 18 18 18 18 15 15 14 14 14 13 13 11 10 10 9 8 4 3 2 1 0 
1 19 18 17 16 15 14 13 12 11 10 9 8 7 6 5 4 3 2 
2 20 18 17 16 15 14 13 12 11 10 9 8 7 6 5 4 3 1 
3 21 18 17 16 15 14 13 12 11 10 9 8 7 6 5 4 1 2 
4 19 18 17 16 15 14 13 12 11 10 9 8 7 6 5 3 2 1 
5 20 19 17 16 16 14 13 12 11 10 9 8 7 6 4 3 1 2 
6 16 15 14 13 12 11 10 9 8 7 2 3 1 5 4 
7 16 15 15 13 12 11 10 9 8 1 6 4 5 3 2 
8 17 14 13 12 11 10 9 7 4 1 3 5 6 2 
9 15 14 13 12 11 10 8 7 6 1 3 2 5 4 
10 15 14 13 12 11 8 9 3 6 2 5 1 4 7 
11 17 13 12 1 5 3 7 8 2 10 4 6 9 
12 16 15 5 7 1 2 11 3 10 4 9 6 8 
13 1 9 4 3 2 8 7 10 6 11 5 
14 17 9 10 3 2 1 5 6 4 8 
15 7 7 4 12 9 6 3 2 1 10 
16 2 5 12 5 7 6 3 4 1 
17 1 8 11 14 2 5 4 3 
18 3 2 1 4 
19 5 1 4 
20 5 2 
21 3 
