21
19 18 16 15 14 14 14 14 13 12 12 12 12 11 9 8 7 6 5 4 1 
1 7 5 4 16 3 11 6 7 5 18 2 7 2 11 18 19 1 1 4 
2 17 14 10 13 4 8 16 1 2 2 1 8 8 11 6 3 21 9 
3 16 16 12 6 1 5 20 7 10 6 8 11 2 17 14 14 
4 1 8 9 12 10 2 15 13 9 4 4 12 13 14 1 
5 6 19 1 12 5 5 3 1 8 18 10 16 17 13 
6 5 11 10 3 19 1 6 6 3 8 2 8 9 8 
7 1 11 11 11 15 1 12 3 14 1 12 15 8 12 
8 4 5 2 9 2 2 18 6 13 6 3 7 12 6 
9 4 17 13 11 4 8 6 14 15 13 2 16 17 
10 6 2 4 10 10 17 12 3 15 5 18 12 
11 7 6 14 7 7 9 1 1 2 14 3 20 
12 16 5 3 4 7 10 4 7 8 15 7 10 
13 15 2 9 14 20 4 14 4 8 17 9 5 
14 2 11 13 13 7 11 4 15 9 3 3 
15 20 13 7 4 10 7 14 9 12 
16 12 3 18 3 1 2 5 9 
17 2 9 10 13 5 3 9 
18 16 5 1 8 1 10 
19 5 19 19 6 1 
20 15 13 3 11 
21 2 
