90
87 86 85 83 83 81 80 79 79 79 78 76 76 75 70 70 70 69 69 68 68 67 66 65 64 64 63 63 62 62 62 61 61 60 59 58 57 54 53 53 51 51 50 49 49 48 48 46 46 45 45 43 43 43 41 41 39 36 32 32 31 30 30 28 26 24 23 22 22 20 19 19 18 16 16 16 14 14 13 13 12 11 11 10 9 6 6 4 1 1 
1 15 35 17 67 24 77 9 21 38 4 49 21 12 47 9 41 3 3 86 5 12 4 46 32 66 36 58 28 45 63 34 27 24 56 40 6 21 82 31 43 39 22 16 55 18 25 29 72 22 2 40 90 31 41 74 20 42 25 31 22 22 30 13 10 22 38 7 34 7 76 7 31 50 23 23 44 32 75 18 43 65 83 63 60 41 16 37 
2 67 21 50 13 9 58 27 5 18 30 34 36 35 48 56 34 43 44 29 22 15 6 50 74 49 34 75 38 52 1 11 4 56 35 19 55 39 29 27 4 20 55 41 29 41 12 41 11 14 13 56 15 21 9 14 69 42 59 23 22 17 28 39 10 19 21 33 60 82 44 14 46 42 5 21 5 28 21 16 47 38 37 25 25 38 21 
3 23 32 60 51 72 33 67 8 33 75 15 30 17 33 30 45 25 25 1 42 54 88 1 31 38 66 32 3 3 47 47 20 35 85 7 13 11 19 60 37 62 52 9 17 19 81 47 78 71 14 12 46 55 35 55 9 15 45 18 9 43 20 48 4 26 17 50 30 17 33 45 51 21 16 47 52 32 27 60 15 15 20 26 40 46 
4 82 14 11 1 59 48 46 44 44 61 29 87 42 24 13 24 28 53 63 1 11 18 38 27 37 42 40 62 10 30 13 9 4 4 35 34 2 48 68 10 6 25 52 2 17 40 67 13 49 59 26 25 7 10 8 42 3 10 23 23 71 18 13 15 37 5 8 8 77 12 38 43 86 26 58 4 4 25 62 51 56 74 49 
5 62 58 79 7 41 71 75 8 2 45 12 64 37 77 11 30 10 37 29 1 24 15 33 12 51 19 30 28 5 5 13 46 39 15 17 11 27 60 42 55 29 33 19 24 14 6 7 31 26 7 8 79 34 27 17 20 47 82 28 43 43 32 27 19 19 43 40 42 21 4 34 2 13 2 33 46 46 28 83 59 64 6 21 
6 51 68 21 33 28 44 54 84 28 12 33 23 34 48 40 77 6 6 10 2 85 74 13 70 37 71 26 1 39 26 38 26 60 21 17 25 25 25 38 50 41 34 83 37 7 4 15 32 5 23 42 54 24 9 61 38 14 33 51 33 13 25 19 7 39 68 39 16 49 51 6 6 9 12 25 5 26 18 14 27 12 
7 5 25 69 62 56 14 21 22 50 40 35 26 16 60 31 84 9 14 20 74 10 34 55 58 20 19 59 22 25 35 3 25 46 11 17 43 32 12 54 73 13 6 5 51 5 59 17 42 66 83 12 12 1 58 16 4 28 25 45 1 1 6 36 18 13 44 49 66 23 10 32 41 46 31 48 66 50 81 37 65 
8 10 42 10 5 25 3 32 9 23 18 33 12 30 62 9 28 15 83 21 65 18 66 44 54 58 17 15 22 38 65 9 45 12 25 27 21 43 46 8 8 5 26 25 41 60 44 21 26 78 66 27 56 34 24 19 55 35 8 8 4 16 13 25 45 33 62 14 28 37 4 4 25 49 10 33 39 71 37 11 
9 20 58 37 2 32 1 30 1 8 35 59 24 35 7 8 49 9 9 38 41 43 69 45 52 19 87 12 27 4 13 11 46 36 26 3 62 8 11 44 29 53 40 20 67 47 41 50 3 77 6 50 20 46 19 54 20 12 3 63 10 50 2 25 16 64 14 21 54 6 19 11 26 24 58 36 56 56 57 10 
10 20 26 8 22 78 8 10 10 65 41 69 52 11 23 48 36 5 17 7 19 51 6 12 86 57 44 58 18 56 21 79 4 22 37 33 16 28 40 79 4 57 87 30 47 23 44 1 23 79 23 43 15 13 47 4 9 22 48 19 12 26 4 15 16 32 11 2 19 10 10 62 7 18 8 53 28 49 31 9 
11 50 4 26 58 17 62 10 50 5 32 17 42 12 42 12 22 25 22 4 37 48 30 58 13 21 24 3 60 17 19 5 59 7 30 13 9 53 2 9 20 52 13 44 70 49 52 48 11 11 33 55 19 33 67 23 2 60 49 45 21 42 61 10 65 15 44 22 55 30 14 31 53 46 9 37 33 25 8 
12 40 56 24 27 5 1 33 42 17 47 49 36 27 64 23 11 73 6 8 11 23 20 1 37 5 43 10 21 40 15 21 64 9 49 41 31 22 8 56 7 28 76 43 71 3 27 58 7 19 7 33 2 9 33 10 53 23 26 36 46 17 39 64 37 16 6 34 4 21 49 24 49 55 29 16 6 
13 20 2 24 30 31 33 85 37 14 64 24 4 36 39 38 44 45 53 33 6 5 11 39 3 82 4 17 11 9 21 14 31 17 11 7 85 33 36 16 47 70 41 16 52 1 14 23 18 25 4 30 10 2 35 19 6 47 26 8 35 7 38 4 60 5 29 41 77 63 32 54 13 13 26 31 18 
14 52 4 17 26 37 36 7 41 39 13 38 48 61 45 36 7 26 29 37 23 71 76 23 27 51 18 88 62 69 35 31 41 42 54 13 42 24 19 31 15 21 16 5 3 21 13 50 74 2 6 21 60 2 39 21 16 69 9 23 8 32 2 26 11 31 45 25 20 51 32 29 46 6 14 14 
15 33 1 48 64 25 3 32 33 17 56 40 37 38 18 25 2 44 5 44 12 8 18 54 78 5 54 40 16 8 72 34 30 60 32 72 24 54 14 18 6 37 37 18 43 3 21 77 17 59 10 2 26 16 10 26 31 73 48 51 11 27 4 58 28 24 3 58 3 23 69 
16 30 20 38 21 41 39 72 20 17 79 22 38 7 19 59 43 46 18 81 16 16 34 56 54 27 15 24 29 1 34 23 37 33 41 10 25 14 13 18 13 76 33 7 39 36 49 36 84 34 8 15 35 10 6 9 14 53 84 3 21 19 19 12 2 73 73 42 69 12 1 
17 14 36 1 58 71 65 68 55 11 12 16 15 3 58 26 11 51 10 21 36 62 23 18 39 62 52 53 5 11 77 35 38 41 8 6 13 7 61 36 3 13 37 48 19 7 4 28 39 53 5 15 35 33 44 29 3 32 3 25 54 63 2 12 55 45 42 63 50 65 31 
18 44 2 33 51 39 46 24 8 28 39 27 15 34 48 54 19 17 33 4 57 15 21 29 27 10 14 16 28 8 50 68 21 48 1 28 72 58 53 15 63 16 64 26 15 13 78 22 25 71 3 34 21 59 45 7 59 4 48 47 47 1 10 57 22 54 55 80 13 6 
19 27 53 54 29 50 54 19 19 35 22 41 42 30 16 10 18 5 7 25 9 30 73 37 3 11 41 44 25 20 14 3 22 5 17 63 2 57 12 11 36 27 9 38 8 13 35 36 10 6 43 55 44 32 25 5 47 2 5 26 10 16 16 9 67 40 47 51 64 50 
20 9 28 10 13 31 16 24 39 16 37 33 40 76 58 12 7 45 7 40 3 45 35 35 49 70 32 52 22 71 42 29 44 52 19 35 37 11 29 9 1 63 27 42 28 2 32 79 9 5 9 3 21 81 70 48 41 44 24 46 63 29 57 40 14 28 65 3 49 
21 62 2 43 1 16 1 6 42 7 35 23 22 38 25 31 17 68 22 70 47 46 12 50 12 8 18 72 11 45 10 26 1 18 41 6 13 42 28 57 14 8 14 8 23 15 14 18 11 2 20 22 14 40 3 2 9 16 5 2 24 12 25 2 84 51 45 2 5 
22 24 71 22 22 45 35 10 30 51 52 30 49 7 32 19 40 16 21 85 38 44 2 21 11 11 62 32 55 32 7 28 20 49 78 10 1 8 1 68 12 43 19 43 39 1 1 33 57 1 18 71 43 10 31 27 21 44 2 29 71 68 11 31 25 18 44 54 
23 3 57 51 31 61 77 28 10 8 21 12 6 60 12 17 60 60 14 14 77 34 40 78 40 16 41 74 47 28 38 6 40 29 10 46 13 21 80 10 11 10 70 66 45 33 1 40 31 1 12 4 4 2 48 46 14 29 46 7 70 61 31 34 39 54 15 
24 22 32 13 1 26 48 12 20 51 18 37 13 39 4 4 36 9 5 27 36 37 48 68 1 11 46 49 16 28 57 29 31 27 15 14 48 5 57 66 75 26 30 6 67 68 47 25 8 51 38 45 84 68 20 53 21 15 67 12 9 33 60 51 39 26 
25 34 7 8 15 3 3 21 30 15 11 41 83 39 29 19 32 7 45 50 66 7 59 1 6 19 6 6 60 8 16 4 1 47 8 31 13 18 4 24 67 7 60 6 29 9 27 8 35 17 19 53 34 42 28 14 8 6 21 22 4 46 11 2 2 
26 10 50 14 11 24 61 34 32 30 17 7 39 59 32 49 39 14 51 40 6 21 73 6 6 48 9 30 48 35 5 24 8 8 18 30 39 32 4 27 51 55 13 15 10 3 66 15 67 12 40 73 19 31 14 72 31 4 40 9 43 13 3 6 24 
27 19 72 58 2 12 54 55 12 47 64 18 54 31 24 57 18 79 14 1 28 4 38 9 16 5 60 50 24 44 8 47 28 20 42 2 42 31 12 5 8 19 26 57 71 25 22 28 37 34 69 5 15 27 27 46 3 39 54 32 67 6 45 41 
28 20 29 36 64 23 33 6 18 6 34 32 87 40 4 31 8 41 53 1 5 64 50 27 22 18 43 59 87 24 18 36 39 51 10 21 23 43 12 27 20 37 44 17 55 70 7 5 27 2 37 8 15 36 36 25 39 2 65 39 10 5 20 31 
29 88 28 68 19 72 32 40 4 65 5 2 67 14 37 25 65 18 52 61 63 36 57 42 16 20 50 64 24 1 35 5 45 9 47 20 63 2 23 2 43 42 52 35 75 31 47 25 17 22 37 57 23 80 13 56 20 74 51 55 14 60 12 
30 63 51 16 22 13 9 2 67 22 3 26 3 68 30 30 5 19 83 40 53 25 8 48 40 61 39 45 5 11 19 61 30 30 4 11 15 53 26 46 36 31 53 1 58 10 56 24 26 46 13 32 31 40 3 65 11 49 67 83 32 30 30 
31 31 31 46 20 13 23 39 69 44 21 7 85 50 3 61 28 27 55 61 56 56 59 1 14 36 12 1 24 13 54 14 30 56 5 1 36 27 50 25 75 73 29 30 64 1 52 22 23 15 26 14 11 26 22 7 23 42 17 13 10 73 28 
32 24 51 3 45 65 9 8 38 15 22 26 29 11 26 51 28 32 32 3 1 63 46 22 25 22 20 56 61 15 7 50 60 51 6 60 74 59 20 26 68 64 30 39 17 42 10 19 32 32 5 14 1 3 56 7 41 27 57 14 13 30 
33 15 69 3 13 3 18 12 6 37 15 20 58 28 3 36 38 52 8 6 60 82 66 5 18 13 38 48 35 44 10 79 16 5 13 22 74 11 11 12 16 40 6 6 17 12 59 23 40 42 64 8 3 2 59 34 70 5 11 24 8 57 
34 69 25 45 52 2 26 62 62 73 2 28 6 53 18 7 52 1 23 16 2 57 39 43 45 15 40 16 35 72 4 6 64 53 78 80 5 45 35 1 18 45 8 52 54 47 35 16 47 27 39 33 5 25 12 68 41 51 41 23 82 
35 53 1 22 37 75 19 21 2 7 38 9 9 20 20 52 3 52 7 14 33 17 57 51 37 29 34 4 44 20 55 51 2 36 26 50 52 44 54 3 41 52 29 34 13 8 17 19 34 16 25 48 13 64 40 43 57 78 36 52 
36 58 17 28 14 2 53 12 33 10 13 39 24 17 14 66 53 24 49 1 69 38 72 86 29 60 31 28 9 17 53 65 38 30 85 35 40 13 31 76 19 65 16 42 16 19 56 7 49 12 41 28 28 40 52 35 63 9 54 
37 9 14 35 75 13 5 33 24 20 5 15 57 12 14 29 24 11 76 6 40 4 19 10 3 35 53 20 16 55 17 6 77 48 15 53 28 59 15 48 62 48 82 27 29 57 28 4 81 8 12 11 55 56 7 2 8 1 
38 76 16 1 54 32 14 16 50 35 33 21 60 15 22 3 13 62 9 4 54 33 72 36 69 79 27 59 2 47 17 6 8 6 36 64 23 39 46 75 78 49 49 49 1 6 19 58 24 13 46 77 4 2 2 
39 55 73 16 14 18 20 51 31 26 18 24 67 36 13 26 30 17 25 49 5 13 63 34 6 1 77 28 70 58 22 38 2 57 17 26 16 32 6 6 14 2 34 43 12 61 28 27 28 8 23 24 80 53 
40 12 20 7 22 29 15 41 30 46 30 28 6 12 65 20 45 37 26 57 46 4 1 23 15 34 23 1 10 9 36 23 81 52 47 4 33 55 43 30 33 23 26 21 54 44 5 35 36 50 26 20 19 3 
41 5 43 56 16 10 14 19 1 40 47 42 41 41 28 25 9 52 63 12 21 17 14 19 47 45 49 23 1 16 6 9 13 55 2 8 2 35 2 54 80 20 36 13 63 32 7 34 59 1 34 27 
42 44 8 21 55 12 19 63 11 3 11 4 41 46 50 84 4 29 86 20 43 14 53 14 21 58 5 64 1 20 27 27 76 78 7 6 29 36 11 4 33 2 32 77 5 17 2 25 55 70 31 16 
43 21 71 41 65 80 44 2 12 83 16 9 48 28 78 51 1 42 34 7 48 22 22 28 12 52 8 65 29 84 15 58 10 83 3 22 19 40 5 5 48 39 5 35 1 4 44 63 76 44 26 
44 42 18 61 56 43 4 4 6 67 31 2 22 15 53 13 15 10 8 33 71 20 19 35 9 27 82 11 35 28 62 10 8 17 53 19 22 20 1 2 40 7 11 50 46 43 43 22 50 56 
45 49 22 34 32 56 65 65 5 3 14 20 59 30 9 40 1 20 13 67 25 21 47 34 41 50 8 58 29 54 52 72 3 34 34 7 11 18 23 24 8 3 68 66 17 66 14 79 21 27 
46 31 18 70 4 73 40 21 1 42 71 32 16 5 40 47 7 24 9 30 61 8 3 38 23 52 30 9 49 69 57 12 23 38 55 23 20 2 27 44 11 5 7 5 62 25 14 3 67 
47 55 1 12 27 49 41 21 3 3 46 38 64 45 51 41 3 29 23 27 49 9 13 25 10 40 51 50 48 48 24 5 10 29 13 34 34 80 19 3 18 53 18 67 51 2 19 47 47 
48 15 64 24 4 10 2 14 68 30 6 18 11 61 24 43 33 81 18 26 66 43 4 24 17 37 26 11 37 47 47 37 10 52 3 43 35 48 48 80 15 23 20 18 61 73 7 
49 45 56 1 81 22 12 47 26 9 36 39 20 66 2 22 12 24 65 41 47 11 68 61 69 38 56 4 38 38 11 16 59 46 36 6 7 87 12 8 57 12 30 10 4 75 20 
50 11 2 26 19 7 11 38 67 31 69 42 2 21 81 80 28 25 18 29 57 75 45 27 6 32 9 35 31 51 47 81 9 14 62 9 1 3 44 61 40 17 7 55 44 19 
51 32 6 30 23 3 22 18 24 70 39 17 32 10 5 26 53 14 66 43 35 47 28 32 35 59 7 50 47 26 6 24 3 15 6 54 47 74 29 4 34 14 24 63 21 19 
52 14 34 22 10 54 33 17 34 9 29 35 41 20 35 2 3 20 11 69 43 11 45 13 35 4 40 46 35 29 34 48 31 57 74 56 3 36 62 58 35 58 61 66 
53 35 19 55 36 30 59 34 44 4 36 73 82 28 13 51 17 60 53 53 11 42 30 37 56 36 9 18 81 34 30 37 17 75 57 44 12 16 25 24 47 11 10 39 
54 19 57 19 38 27 54 54 52 6 3 27 18 15 38 15 8 16 14 74 31 73 15 7 45 35 6 9 41 34 64 17 40 51 9 55 56 55 27 18 13 23 36 22 
55 39 57 53 88 47 17 42 27 31 7 70 22 59 1 5 35 37 2 3 41 2 11 28 3 40 8 26 19 17 54 11 46 85 42 37 54 29 61 50 18 12 
56 45 12 49 41 7 59 44 15 2 89 31 57 10 31 1 32 16 61 53 12 56 56 62 2 31 30 49 8 2 36 69 65 52 29 32 54 37 4 9 9 44 
57 23 64 55 54 63 37 10 27 18 62 56 40 29 34 35 50 24 21 24 10 39 22 72 19 27 53 52 46 37 29 61 20 18 35 49 32 72 33 9 
58 9 5 36 2 27 17 11 62 64 33 17 20 7 10 1 11 8 18 42 45 39 78 30 12 43 7 60 38 79 15 4 15 61 9 52 52 
59 4 56 26 9 16 53 69 45 7 28 31 55 38 72 11 25 64 51 7 32 37 4 15 18 76 49 33 2 18 33 41 5 
60 3 7 38 33 23 23 23 66 70 53 11 3 36 6 27 15 5 25 32 32 8 11 14 25 58 83 2 13 3 24 1 29 
61 26 23 44 4 14 61 61 31 30 31 48 78 29 30 32 17 56 46 49 6 84 62 11 50 48 39 57 23 58 55 52 
62 21 5 7 58 11 34 34 81 17 8 38 22 17 57 14 4 3 9 56 44 37 50 61 70 8 10 68 52 4 46 
63 30 42 57 4 32 70 76 1 29 39 41 70 29 19 20 18 76 80 9 76 17 75 20 17 43 13 41 1 36 51 
64 66 57 48 15 28 5 58 13 12 27 28 12 47 29 59 42 38 34 18 32 31 33 54 9 35 12 5 19 
65 32 45 43 45 10 17 29 66 40 29 8 49 8 36 43 68 76 36 30 56 11 1 28 17 20 7 
66 64 72 65 3 36 33 60 1 80 49 25 8 51 48 24 7 8 23 26 45 7 45 7 52 
67 2 1 74 3 30 44 50 39 29 45 9 11 24 4 25 26 47 24 19 30 69 27 46 
68 6 29 17 30 48 21 24 18 22 4 49 65 73 24 32 72 6 45 24 22 62 34 
69 33 34 75 7 10 31 59 50 9 36 38 14 52 49 2 46 56 14 27 67 16 15 
70 51 74 46 21 63 55 6 20 60 39 63 11 13 28 23 62 20 23 33 42 
71 43 22 5 17 73 46 14 6 20 44 3 12 18 22 27 4 22 82 8 
72 27 3 16 29 66 21 38 36 59 15 1 18 34 15 45 57 68 26 57 
73 39 12 34 46 71 53 19 26 54 7 68 31 15 26 48 16 16 31 
74 67 70 7 85 2 6 54 23 1 32 33 14 52 29 51 4 
75 69 5 35 37 3 84 2 50 24 38 31 53 29 63 1 49 
76 38 20 14 63 37 79 12 42 36 65 63 16 59 1 63 43 
77 1 23 5 6 23 17 39 37 9 15 42 38 4 13 
78 10 61 15 43 22 23 3 42 58 34 38 8 18 35 
79 5 16 27 76 38 10 33 10 5 20 10 58 45 
80 43 66 86 50 34 23 63 41 48 47 29 18 39 
81 49 62 50 16 48 3 53 40 50 20 37 7 
82 4 33 53 1 13 44 5 37 2 71 34 
83 30 43 25 8 6 7 43 60 1 30 5 
84 6 7 75 42 43 61 16 24 16 21 
85 13 22 31 74 6 3 13 36 55 
86 1 10 80 36 42 4 
87 4 28 9 28 10 49 
88 29 55 3 14 
89 56 
90 1 
