55
54 53 52 51 50 49 49 48 48 46 45 45 44 44 43 42 41 40 39 37 36 36 36 35 33 33 32 32 31 30 28 27 26 25 25 24 22 22 22 20 19 18 18 18 17 16 15 15 12 11 10 9 9 7 4 3 
1 2 3 4 5 7 6 9 8 10 12 11 14 13 15 16 17 18 19 20 23 22 21 24 26 25 28 27 29 30 31 32 33 35 34 36 39 38 37 40 41 44 43 42 45 46 48 47 49 50 51 53 52 54 55 
2 1 
3 1 
4 1 
5 1 
6 1 
7 1 
8 1 
9 1 
10 1 
11 1 
12 1 
13 1 
14 1 
15 1 
16 1 
17 1 
18 1 
19 1 
20 1 
21 1 
22 1 
23 1 
24 1 
25 1 
26 1 
27 1 
28 1 
29 1 
30 1 
31 1 
32 1 
33 1 
34 1 
35 1 
36 1 
37 1 
38 1 
39 1 
40 1 
41 1 
42 1 
43 1 
44 1 
45 1 
46 1 
47 1 
48 1 
49 1 
50 1 
51 1 
52 1 
53 1 
54 1 
55 1 
