88
82 79 79 73 72 71 70 69 69 67 67 63 62 62 62 61 60 59 59 58 57 57 57 56 56 55 55 54 52 52 51 51 51 50 50 48 47 43 43 42 41 41 41 40 39 36 34 31 31 30 29 28 26 23 23 22 21 20 18 18 17 17 17 16 16 16 16 13 12 12 12 11 9 9 9 9 7 7 7 7 6 6 5 5 5 4 3 2 0 
1 21 38 26 32 51 51 41 18 4 51 29 15 22 34 38 16 42 35 18 2 9 64 7 56 6 25 12 62 1 1 17 39 42 45 56 74 53 7 36 41 3 54 49 44 38 35 60 9 16 37 4 26 10 20 15 5 17 37 47 18 64 5 15 66 67 70 42 54 63 34 31 32 1 1 33 5 30 8 5 3 23 18 
2 14 15 29 38 78 5 15 6 5 42 33 71 48 23 21 5 8 44 2 2 1 21 25 59 15 54 62 21 56 15 14 4 34 45 21 83 7 15 16 9 25 13 74 38 16 56 44 12 19 16 15 27 74 76 50 41 20 12 13 8 30 37 20 60 10 12 29 11 11 41 38 34 39 55 13 43 4 25 36 
3 25 26 10 54 21 82 7 47 47 26 82 23 77 40 17 47 27 35 11 3 3 9 5 28 37 49 27 40 22 31 46 49 12 42 44 28 1 52 47 36 19 5 9 48 60 17 30 14 37 26 13 5 30 16 42 35 39 25 18 27 16 32 7 20 31 15 9 42 12 20 65 6 37 50 7 1 28 11 41 
4 15 30 12 10 1 36 35 52 12 6 55 56 15 50 6 8 36 55 14 42 46 2 24 45 6 24 47 78 31 66 33 37 51 35 33 65 21 1 37 49 36 13 10 14 27 10 60 44 20 50 19 38 7 9 30 40 31 12 43 23 49 44 46 73 19 6 37 30 34 43 2 88 74 
5 7 56 25 2 18 7 42 2 17 23 48 20 2 25 53 21 3 44 36 26 20 31 47 17 11 23 34 32 15 11 57 3 27 22 55 24 7 6 44 23 49 20 11 58 35 49 3 65 44 1 8 1 25 29 11 54 46 33 15 52 9 83 1 29 6 1 56 26 15 84 52 21 
6 12 17 12 72 17 87 2 36 23 4 65 35 28 43 25 4 16 13 26 63 29 25 1 12 33 10 16 20 19 41 22 7 28 81 4 49 10 73 26 30 18 20 29 9 5 41 16 10 10 44 24 11 15 11 55 52 30 30 38 49 22 25 3 19 26 5 4 18 33 16 40 
7 10 5 28 20 5 55 3 35 20 34 48 37 45 40 1 20 34 22 43 11 37 1 6 85 24 36 29 80 2 61 58 44 16 11 47 28 42 18 13 5 19 11 15 23 23 43 4 85 32 3 9 24 42 50 32 44 10 11 10 3 11 58 16 73 38 56 38 38 27 23 
8 29 45 33 8 8 37 64 28 18 31 54 2 32 63 51 33 4 72 34 54 55 25 26 19 16 32 37 26 26 35 37 29 53 43 45 81 33 56 53 19 58 35 17 44 30 47 22 5 15 20 20 17 2 11 78 18 25 28 33 32 14 50 1 17 10 39 40 46 23 
9 28 12 30 28 23 15 45 59 23 59 17 13 25 29 24 1 24 10 50 41 3 42 35 12 30 13 60 46 38 11 12 21 40 22 43 63 13 72 2 19 3 23 1 14 6 75 13 63 39 25 23 65 16 22 28 21 17 4 7 27 3 65 44 5 36 24 21 31 35 
10 46 31 7 4 3 62 11 15 14 25 54 51 40 13 47 15 9 24 39 33 6 38 43 45 36 37 13 26 68 34 22 6 21 57 24 27 18 19 19 6 6 13 4 1 15 4 81 31 36 69 51 36 14 2 39 55 81 54 15 7 7 8 40 67 29 22 16 
11 10 68 18 34 18 23 66 32 34 50 3 51 35 39 51 7 16 22 26 65 5 29 40 9 35 5 16 18 41 7 61 12 66 15 29 26 7 5 39 17 48 6 41 24 25 52 6 17 36 5 8 48 14 24 20 2 34 2 35 24 31 7 7 27 3 69 50 
12 6 80 45 9 6 13 14 4 46 19 60 17 4 70 33 6 1 9 36 3 57 66 21 19 21 37 21 9 20 77 20 15 40 55 45 20 11 44 15 2 40 23 22 47 61 79 39 32 32 2 18 4 3 27 13 22 2 51 49 75 36 24 44 
13 13 13 12 14 55 20 50 23 15 85 36 20 10 23 9 33 6 40 32 28 35 34 52 31 36 10 9 28 42 52 63 43 42 9 35 24 47 2 19 7 9 4 10 32 77 53 3 49 62 2 32 41 12 80 38 14 63 33 2 50 24 45 
14 2 21 13 12 18 28 56 10 37 49 43 42 27 33 68 43 40 21 15 31 47 19 4 62 2 25 28 41 31 33 46 42 38 30 18 9 19 14 14 22 4 3 33 15 25 27 42 53 18 60 17 17 22 43 11 23 10 13 58 8 41 22 
15 4 2 40 2 10 35 24 54 55 9 1 13 4 33 26 10 2 28 14 2 67 52 15 15 74 26 2 5 12 39 43 26 31 17 36 27 40 11 36 12 30 2 7 14 10 54 1 24 6 8 1 21 43 3 75 5 43 31 10 27 5 68 
16 27 27 25 55 1 38 20 6 11 53 18 18 6 37 52 31 37 8 29 28 64 2 11 52 87 7 16 16 21 1 28 18 2 6 42 25 2 55 76 9 49 25 3 24 39 19 84 3 28 71 22 39 34 22 32 46 26 7 6 10 51 
17 6 86 27 22 75 12 6 45 81 37 5 9 3 20 22 20 44 26 40 43 21 45 28 1 5 24 21 22 46 18 43 19 46 15 21 18 38 3 11 37 8 54 1 9 11 14 8 14 76 40 50 31 42 66 63 39 65 8 23 34 
18 44 24 41 64 1 5 14 34 20 11 8 1 30 22 11 59 34 28 45 48 20 16 16 20 46 26 40 67 46 35 11 17 20 6 40 17 42 14 10 7 29 49 16 48 28 14 1 21 3 26 36 12 8 39 26 70 6 48 1 
19 12 56 35 22 68 24 68 43 27 39 39 14 57 6 51 33 49 50 8 23 43 63 12 86 50 3 47 41 17 13 9 10 10 48 14 28 7 46 8 2 32 41 20 19 19 65 41 16 4 35 24 68 46 29 56 6 41 4 52 
20 7 62 13 49 31 29 39 18 7 42 54 13 37 5 16 17 60 17 7 18 22 18 6 22 23 5 46 33 12 26 12 34 25 18 6 12 46 38 5 52 1 19 39 4 30 53 8 2 8 3 63 2 23 3 11 25 75 58 
21 31 62 1 14 3 80 61 2 2 75 5 14 2 17 31 30 12 12 39 22 12 2 17 28 9 40 10 38 63 29 16 17 66 24 4 48 44 57 47 23 18 9 15 76 35 28 55 46 35 65 46 67 50 9 55 5 39 
22 52 17 19 26 1 73 18 69 17 73 56 53 7 51 20 24 11 20 42 3 6 64 21 10 9 37 17 59 39 5 32 34 56 31 14 25 47 12 28 27 42 9 8 47 14 16 27 38 26 45 6 12 29 57 16 14 10 
23 43 25 36 6 9 13 9 5 3 26 84 48 45 11 2 13 41 25 46 20 34 60 71 5 19 64 48 72 51 29 9 49 78 5 42 12 9 7 57 64 37 21 77 34 7 28 14 4 20 31 35 45 8 17 1 30 7 
24 18 43 33 79 39 43 15 47 19 28 28 78 56 9 9 10 26 39 52 22 59 17 35 4 7 25 4 13 10 51 5 21 53 30 41 6 11 66 33 15 16 33 32 33 57 7 19 11 59 36 11 9 29 12 13 41 
25 3 5 52 51 23 47 16 10 59 31 35 6 36 5 9 2 6 1 23 27 8 14 37 26 24 41 58 2 36 20 34 16 22 9 14 36 16 36 35 28 11 3 5 42 30 79 48 28 6 8 27 20 40 26 50 2 
26 65 1 3 22 3 23 15 36 6 29 45 24 17 11 67 5 50 8 10 18 70 48 25 83 81 42 15 8 20 8 31 15 6 62 76 11 1 35 3 34 43 41 18 30 60 22 38 69 6 18 16 5 25 26 26 
27 45 54 43 17 16 16 49 61 30 44 33 3 14 30 19 64 36 25 3 28 48 44 53 29 53 5 66 29 10 46 15 40 31 2 4 62 14 41 22 32 36 3 72 68 9 22 12 45 82 25 29 15 11 35 7 
28 9 7 29 9 14 30 8 68 6 79 24 24 18 46 38 3 40 57 13 15 17 27 14 13 38 6 16 21 3 41 64 44 7 16 51 19 18 49 22 33 29 54 25 9 16 50 23 25 37 21 57 34 8 3 
29 8 38 2 34 28 20 1 9 26 6 51 78 60 32 41 11 16 41 7 27 8 53 63 54 23 21 27 45 6 18 30 11 45 31 28 5 35 48 60 58 66 22 19 37 2 43 30 27 5 24 10 61 
30 4 9 28 39 37 27 44 18 49 27 9 45 21 33 30 30 33 52 36 33 6 58 59 14 29 15 24 3 37 58 67 3 20 30 30 8 6 6 61 4 51 25 26 2 34 29 1 40 4 67 33 23 
31 21 10 58 20 25 32 38 8 63 35 14 21 13 5 3 16 14 32 26 31 31 4 15 55 70 22 71 27 29 33 10 71 3 4 38 17 32 68 54 31 31 52 66 23 1 15 60 11 56 33 9 
32 1 62 38 66 31 34 37 47 8 11 13 38 45 65 29 52 31 8 5 45 45 22 42 58 71 61 47 13 35 19 38 53 12 74 12 36 27 35 24 7 3 13 50 69 31 41 7 1 16 80 8 
33 71 8 24 76 45 43 15 2 27 13 14 8 10 60 12 57 6 46 60 19 40 30 38 20 40 30 14 30 4 8 4 68 14 28 31 24 36 24 50 24 5 55 74 50 44 8 1 13 6 31 30 
34 37 63 29 67 51 55 18 67 1 37 11 7 32 51 18 11 7 38 13 8 67 23 48 2 5 10 40 20 82 25 58 57 22 79 69 26 23 55 85 28 16 1 30 58 11 35 2 38 4 17 
35 4 70 19 15 40 7 6 49 1 25 3 11 68 62 31 9 13 24 8 11 18 13 1 4 5 26 32 8 47 25 3 32 58 64 29 19 21 47 44 21 41 61 42 11 23 34 64 44 27 9 
36 84 52 63 40 4 23 6 39 55 13 25 26 56 4 27 46 5 10 12 13 53 7 1 73 30 3 25 15 15 4 25 25 33 32 27 18 11 61 10 73 10 48 24 9 12 84 66 2 
37 34 66 47 8 30 17 14 34 32 7 59 20 61 40 44 16 43 61 10 3 37 37 63 7 16 25 46 12 8 8 22 4 1 4 17 3 30 41 23 55 1 2 28 40 29 3 4 
38 1 29 2 32 44 1 16 31 68 28 34 42 32 10 39 71 28 33 9 62 21 14 1 2 17 38 38 20 48 32 4 6 22 26 31 13 2 7 51 7 34 7 44 
39 24 39 39 30 20 71 36 50 54 10 11 24 19 19 72 38 1 56 21 15 22 11 9 52 20 12 16 3 47 51 16 79 42 10 53 18 17 61 44 2 8 46 21 
40 15 36 35 50 72 69 10 3 7 59 13 45 62 28 37 14 17 3 33 47 18 33 48 11 9 34 12 21 18 15 27 12 4 17 37 52 30 10 25 8 61 6 
41 18 1 43 23 9 6 29 14 29 1 25 28 41 41 67 51 19 11 47 6 45 24 19 11 27 37 2 19 26 44 13 32 35 83 19 2 14 59 3 45 24 
42 71 73 5 20 2 1 53 64 14 9 38 22 1 4 72 13 3 26 13 76 54 14 18 7 32 23 16 14 22 3 54 25 64 1 3 39 17 7 50 35 69 
43 24 23 27 24 33 62 74 6 57 14 19 41 7 14 10 17 37 52 19 13 9 15 8 17 48 43 43 26 7 46 15 45 14 4 15 45 45 29 59 4 2 
44 18 66 38 27 30 2 17 51 44 44 37 5 48 27 3 60 28 7 1 12 5 2 6 21 4 8 5 52 46 41 35 9 4 7 33 39 35 64 12 38 
45 27 12 8 53 33 80 17 9 7 23 71 70 18 26 40 10 32 17 1 30 4 2 8 12 29 32 32 29 41 56 53 43 22 27 43 43 23 13 41 
46 10 49 12 28 55 36 33 23 4 3 18 37 9 79 20 49 18 14 17 17 27 65 19 20 44 43 5 19 21 21 4 76 16 52 8 39 
47 59 59 37 25 3 3 24 32 10 53 3 14 5 40 3 4 19 13 7 41 32 22 12 35 21 8 50 83 1 22 49 39 35 50 
48 49 54 7 23 5 2 18 63 44 34 27 26 40 23 49 86 43 3 19 18 21 38 11 62 50 25 29 11 52 36 18 
49 46 48 20 27 35 14 87 30 51 3 19 3 53 46 6 48 1 23 18 4 5 28 5 16 13 47 56 6 4 56 12 
50 65 40 13 51 39 4 11 9 26 19 19 67 2 4 47 33 28 48 17 32 7 33 42 3 8 47 21 13 25 11 
51 1 1 34 25 1 50 10 34 11 8 29 44 22 11 49 19 41 23 24 85 62 4 28 30 39 10 12 38 16 
52 22 36 25 4 57 24 64 13 43 15 16 13 32 3 30 16 20 39 11 6 44 48 5 31 40 19 46 5 
53 45 42 53 53 47 22 5 60 16 57 1 36 49 27 27 8 29 8 24 13 56 32 20 14 45 39 
54 27 3 15 10 48 20 8 39 2 8 1 42 29 15 28 17 42 5 1 61 31 10 58 
55 13 34 7 15 4 16 36 46 4 8 12 5 31 16 37 69 6 34 33 21 10 2 21 
56 5 19 14 4 24 22 36 1 2 39 1 8 2 22 53 45 49 49 19 7 5 31 
57 52 70 43 33 28 19 53 72 12 10 5 59 34 62 21 23 82 24 28 22 69 
58 31 7 60 25 75 30 34 32 77 5 8 30 35 86 29 34 14 7 54 20 
59 47 47 71 25 9 9 37 18 40 2 24 78 22 30 57 24 43 41 
60 12 20 33 29 53 33 23 9 58 44 1 3 4 14 26 29 2 31 
61 27 21 37 37 7 11 32 12 30 36 54 61 61 35 39 40 29 
62 21 20 10 32 43 35 40 2 1 14 38 51 26 57 27 13 48 
63 34 36 31 8 6 48 37 19 13 9 29 21 9 20 1 17 13 
64 18 8 42 1 27 52 22 23 16 28 23 1 35 42 35 44 
65 26 50 6 67 11 32 46 4 67 9 5 19 9 3 21 17 
66 37 44 32 11 12 4 27 21 11 24 1 29 72 17 31 36 
67 34 34 65 26 34 15 18 41 50 65 73 30 1 21 10 30 
68 28 11 19 19 38 14 35 10 33 27 19 31 15 
69 40 22 82 34 77 55 10 26 32 42 11 57 
70 35 57 12 45 77 74 26 75 31 80 1 18 
71 42 33 59 39 2 45 23 38 32 31 31 16 
72 6 40 8 39 57 42 23 9 27 66 88 
73 42 22 22 36 6 67 36 4 7 
74 43 70 1 15 2 2 32 33 4 
75 17 21 58 9 70 76 15 12 20 
76 33 42 75 26 2 16 21 17 46 
77 3 70 12 58 13 69 23 
78 2 24 29 59 4 23 8 
79 24 28 46 34 12 25 39 
80 12 21 45 7 70 13 32 
81 17 6 26 8 10 10 
82 3 3 34 69 57 27 
83 26 2 47 41 5 
84 36 23 16 36 5 
85 13 7 51 7 34 
86 17 19 48 58 
87 6 49 16 
88 72 4 
