82
78 77 75 75 70 69 67 67 66 66 64 62 60 59 59 58 57 57 55 54 54 52 52 52 52 51 51 51 51 51 51 49 49 46 46 45 43 42 41 41 39 39 39 39 38 37 36 34 34 34 33 32 31 31 30 27 26 25 25 23 23 22 22 21 17 14 14 13 13 12 11 10 10 10 9 8 6 6 5 5 4 2 
1 79 78 77 77 76 76 76 76 76 76 
2 78 
3 81 
5 81 
6 82 81 
9 79 
11 79 77 
17 79 
18 77 
20 80 
24 77 
29 78 
37 82 
42 80 
45 80 80 
46 78 
48 77 
51 78 
52 81 
53 80 
60 79 78 
76 1 1 1 1 1 1 
77 24 18 1 11 48 1 
78 51 46 29 60 2 1 
79 9 11 17 60 1 
80 45 20 42 45 53 
81 3 5 6 52 
82 37 6 
