34
33 32 32 30 27 26 24 24 23 22 21 21 20 20 20 19 18 17 16 16 14 13 12 12 11 11 10 8 8 5 5 4 3 1 
1 34 32 31 28 24 22 19 18 16 14 12 11 9 8 7 5 4 3 3 3 2 2 2 2 2 2 
2 34 32 31 28 24 22 19 18 16 14 12 11 9 8 7 5 4 3 3 3 1 1 1 1 1 1 
3 34 32 31 28 24 22 19 18 16 14 12 11 9 8 7 5 4 1 2 1 2 1 2 
4 34 32 31 28 24 22 19 18 16 14 12 11 9 8 7 5 1 2 3 
5 34 32 31 28 24 22 19 18 16 14 12 11 9 8 7 1 2 3 4 
6 34 32 31 28 24 22 19 18 16 14 12 11 9 8 7 
7 34 32 31 28 24 22 19 18 16 14 12 11 9 8 1 2 3 4 5 6 
8 34 32 31 28 24 22 19 18 16 14 12 11 9 1 2 3 4 5 6 7 
9 34 32 31 28 24 22 19 18 16 14 12 11 1 2 3 4 5 6 7 8 
10 34 32 31 28 24 22 19 18 16 14 12 11 
11 34 32 31 28 24 22 19 18 16 14 12 1 2 3 4 5 6 7 8 9 10 
12 34 32 31 28 24 22 19 18 16 14 1 2 3 4 5 6 7 8 9 10 11 
13 34 32 31 28 24 22 19 18 16 14 
14 34 32 31 28 24 22 19 18 16 1 2 3 4 5 6 7 8 9 10 11 12 13 
15 34 32 31 28 24 22 19 18 16 
16 34 32 31 28 24 22 19 18 1 2 3 4 5 6 7 8 9 10 11 12 13 14 15 
17 34 32 31 28 24 22 19 18 
18 34 32 31 28 24 22 19 1 2 3 4 5 6 7 8 9 10 11 12 13 14 15 16 17 
19 34 32 31 28 24 22 1 2 3 4 5 6 7 8 9 10 11 12 13 14 15 16 17 18 
20 34 32 31 28 24 22 
21 34 32 31 28 24 22 
22 34 32 31 28 24 1 2 3 4 5 6 7 8 9 10 11 12 13 14 15 16 17 18 19 20 21 
23 34 32 31 28 24 
24 34 32 31 28 1 2 3 4 5 6 7 8 9 10 11 12 13 14 15 16 17 18 19 20 21 22 23 
25 34 32 31 28 
26 34 32 31 28 
27 34 32 31 28 
28 34 32 31 1 2 3 4 5 6 7 8 9 10 11 12 13 14 15 16 17 18 19 20 21 22 23 24 25 26 27 
29 34 32 31 
30 34 32 31 
31 34 32 1 2 3 4 5 6 7 8 9 10 11 12 13 14 15 16 17 18 19 20 21 22 23 24 25 26 27 28 29 30 
32 34 1 2 3 4 5 6 7 8 9 10 11 12 13 14 15 16 17 18 19 20 21 22 23 24 25 26 27 28 29 30 31 
33 34 
34 1 2 3 4 5 6 7 8 9 10 11 12 13 14 15 16 17 18 19 20 21 22 23 24 25 26 27 28 29 30 31 32 33 
