64
63 63 62 62 61 61 57 56 54 49 49 47 46 46 45 45 44 43 42 42 40 40 40 40 40 39 39 38 38 38 37 37 36 35 34 34 33 31 30 29 27 27 27 25 25 24 23 23 21 17 17 17 17 16 15 15 15 14 13 12 9 5 5 2 0 
1 20 15 2 23 20 59 22 8 3 9 8 29 33 23 12 7 10 33 14 10 10 60 34 48 7 7 57 33 4 9 12 3 31 20 34 43 33 34 11 9 1 1 8 19 26 8 34 21 13 53 15 41 42 2 27 38 35 13 26 13 9 50 23 
2 4 28 24 34 1 8 18 5 44 35 11 9 44 49 57 30 55 12 5 10 12 30 20 18 61 29 7 8 3 37 22 20 25 18 6 24 22 28 24 49 45 52 9 38 38 31 13 2 2 20 26 11 10 5 1 7 17 47 30 45 26 38 13 
3 33 47 19 36 46 33 1 10 50 9 10 2 39 26 56 4 14 56 32 6 51 33 8 39 48 28 21 12 58 17 1 10 40 24 6 29 41 21 4 35 5 48 54 7 35 27 51 46 20 5 20 14 8 5 36 26 20 36 18 46 49 29 
4 2 28 17 16 31 40 33 55 39 26 64 40 8 10 17 49 7 32 11 30 28 28 3 7 6 7 6 25 20 23 32 1 16 42 47 22 4 4 47 8 12 36 12 34 48 21 3 14 12 40 46 8 5 37 8 6 26 55 38 34 52 10 
5 14 34 16 49 2 9 33 2 58 18 26 13 16 7 18 27 53 28 47 6 9 54 10 43 5 5 28 7 14 14 30 55 15 6 18 63 17 16 40 49 32 3 19 28 21 15 26 31 44 23 2 3 4 39 41 3 48 17 7 8 26 
6 36 34 28 14 59 19 60 31 25 39 57 11 18 9 49 25 29 44 4 4 33 3 8 17 27 19 5 27 2 3 30 21 5 11 37 18 29 12 32 18 21 48 48 42 12 17 29 33 27 13 6 6 52 35 29 18 20 4 50 19 39 
7 41 24 27 52 15 38 41 49 45 16 15 16 4 25 1 8 49 24 36 2 5 25 1 1 4 4 37 13 34 37 40 17 31 5 37 31 32 41 24 56 22 11 26 8 10 25 3 59 2 40 9 24 54 14 20 5 15 
8 38 29 16 2 29 55 39 44 9 14 1 36 34 1 42 26 4 23 7 25 2 10 11 20 6 37 3 36 14 16 23 4 51 1 11 13 50 9 27 34 7 49 1 32 21 51 4 36 53 3 53 4 39 38 55 5 
9 43 10 23 58 55 5 43 29 32 8 2 1 47 3 24 23 21 24 6 12 14 37 16 28 57 37 1 26 15 5 54 29 14 9 9 22 21 1 2 8 42 43 31 47 28 47 28 7 37 1 17 19 19 52 
10 23 21 9 3 45 17 2 4 45 12 29 1 14 3 1 1 18 8 11 17 14 13 36 5 21 11 3 25 57 43 24 13 34 7 35 30 28 2 26 48 35 37 38 45 46 21 45 17 4 
11 34 46 42 34 51 2 28 25 6 53 4 27 8 10 21 28 44 26 52 29 14 51 39 10 21 61 31 39 13 25 26 1 49 6 8 7 14 34 44 2 20 38 63 29 19 37 20 59 36 
12 14 43 29 22 41 38 15 24 44 2 2 10 1 48 32 9 27 14 54 39 17 3 31 31 1 17 4 4 35 33 53 38 41 24 6 39 35 4 22 23 6 60 52 30 13 12 12 
13 51 54 25 39 15 27 52 32 47 22 24 25 25 50 5 18 7 26 10 11 23 39 8 18 18 10 42 2 27 48 21 1 35 20 41 6 41 1 29 1 16 16 15 12 53 2 
14 12 5 6 25 20 48 8 25 24 30 17 28 10 1 9 45 12 42 3 30 38 10 11 20 8 9 39 40 5 5 16 52 4 11 56 56 16 33 44 23 31 3 7 40 29 20 
15 33 1 51 7 20 13 26 26 12 28 21 38 7 59 17 22 42 29 60 35 35 43 34 9 24 5 44 50 46 29 52 5 30 45 1 60 46 16 48 19 16 22 23 7 13 
16 27 61 8 5 4 16 16 18 7 7 5 27 9 22 30 4 47 25 21 20 45 8 34 14 41 5 43 26 53 38 33 29 38 18 14 41 15 45 36 39 13 55 15 13 57 
17 4 25 44 37 21 37 25 35 22 19 10 4 61 14 41 15 10 23 6 20 12 58 3 7 12 35 17 17 5 38 21 36 6 40 26 2 48 25 60 23 5 9 25 10 
18 46 60 2 51 16 32 2 22 6 5 33 18 18 24 10 22 13 5 2 34 20 26 40 5 20 30 6 13 13 6 18 18 53 16 54 32 33 21 6 42 3 37 58 
19 61 3 6 26 64 41 32 31 26 17 25 24 21 36 33 20 6 38 27 26 40 48 43 40 23 53 28 31 56 19 19 5 1 25 32 11 15 45 9 9 47 6 
20 27 1 44 1 15 14 24 31 28 47 56 2 41 30 19 25 8 4 17 2 14 18 16 1 33 23 18 49 39 2 11 13 30 3 47 3 30 3 6 7 11 14 
21 10 52 44 17 24 15 36 34 9 19 60 28 46 35 11 27 56 3 35 51 10 16 11 9 22 6 3 4 33 38 6 5 8 17 1 13 43 18 10 43 
22 30 27 49 39 12 50 49 1 23 29 17 37 36 13 18 45 18 15 56 2 42 16 57 2 57 32 30 4 9 21 7 48 12 35 27 30 51 33 15 33 
23 10 31 35 1 9 24 50 22 39 8 9 1 50 40 29 32 31 4 17 13 19 8 20 44 24 43 46 29 33 12 23 23 5 14 17 62 15 45 43 1 
24 7 2 34 45 23 20 21 14 31 12 19 9 42 13 9 49 7 18 35 48 45 35 2 34 2 15 25 3 28 7 50 26 10 23 12 30 54 7 54 40 
25 35 35 17 13 14 17 14 19 30 11 6 7 13 13 8 44 6 7 63 56 20 34 4 26 2 16 11 24 10 32 19 7 26 61 17 34 46 37 43 17 
26 44 46 41 19 29 15 15 19 39 4 36 8 38 30 5 3 13 11 25 9 19 50 18 11 24 37 16 7 1 25 2 5 10 17 3 1 2 4 5 
27 16 7 20 22 58 34 37 59 13 35 28 41 27 27 12 11 16 5 21 6 36 19 41 6 57 49 8 13 32 22 42 3 1 6 52 63 45 47 36 
28 58 4 2 6 56 33 11 15 20 30 27 51 14 4 21 4 37 9 11 40 5 54 3 2 46 61 34 5 24 19 31 32 40 5 9 10 36 9 
29 8 12 8 32 9 26 22 1 38 38 10 23 2 6 15 11 35 37 48 38 9 34 3 42 6 40 15 16 34 23 45 6 11 52 6 13 14 3 
30 22 33 14 2 25 28 2 26 4 20 37 14 16 38 43 22 5 6 48 18 42 15 10 40 22 20 36 34 24 42 20 2 12 33 36 47 35 59 
31 23 35 41 4 20 24 19 37 6 32 47 31 31 44 23 39 12 34 12 60 1 11 7 7 19 37 28 48 45 2 9 5 43 14 38 45 42 
32 35 46 63 29 9 36 19 13 62 18 42 31 12 4 23 3 43 4 59 22 7 33 25 5 53 6 28 46 8 27 42 19 18 33 37 44 52 
33 3 15 30 28 5 4 3 1 1 18 19 1 6 3 45 46 1 20 32 12 21 16 41 23 14 36 55 6 22 18 57 32 59 54 30 22 
34 11 5 2 24 6 11 27 62 8 49 21 1 39 25 7 15 31 24 18 1 28 29 16 1 4 50 10 8 11 29 1 30 25 35 4 
35 25 32 25 31 23 2 41 17 27 21 24 15 15 29 21 24 47 17 12 51 3 12 10 22 3 59 13 46 10 1 6 34 47 30 
36 6 3 40 8 32 21 26 54 22 19 7 27 8 10 46 43 4 57 58 38 46 17 28 33 8 58 30 3 16 3 30 42 11 27 
37 17 17 27 37 37 37 37 22 31 50 9 44 2 30 28 7 8 9 29 7 7 59 31 6 26 56 10 4 9 25 32 18 11 
38 8 7 12 29 29 15 26 39 14 30 19 29 41 12 2 16 2 21 17 40 16 36 43 11 53 1 10 31 8 4 2 
39 53 13 22 8 26 4 23 51 55 6 38 55 3 34 48 3 12 31 58 11 11 14 13 12 20 54 5 8 16 6 
40 50 42 4 36 4 53 23 60 47 28 7 19 48 19 3 14 58 18 5 29 28 38 4 30 48 17 7 14 24 
41 7 31 26 12 7 52 35 19 44 27 17 20 27 38 7 16 3 60 12 41 41 33 13 1 16 13 5 
42 11 40 8 32 24 15 14 22 57 52 4 49 29 59 9 13 30 27 32 6 1 46 30 18 59 31 36 
43 12 9 9 52 15 43 43 32 5 30 19 36 1 10 16 57 9 23 38 21 44 31 25 23 60 21 46 
44 26 20 17 21 2 8 41 2 12 45 31 25 44 44 37 6 11 50 23 15 11 5 14 43 32 
45 24 10 7 10 44 61 22 14 24 33 46 16 2 31 50 15 29 10 2 16 19 27 10 31 23 
46 32 18 26 11 3 21 28 33 45 36 57 15 32 36 23 4 35 3 42 15 25 10 3 43 
47 55 3 20 9 13 31 49 40 5 4 16 35 58 4 9 9 20 62 2 35 27 30 19 
48 14 12 1 39 24 3 29 40 19 30 4 53 31 3 6 22 6 13 10 40 17 5 15 
49 22 5 22 7 2 34 4 47 7 24 6 2 42 27 11 5 8 20 56 54 3 
50 40 23 22 3 37 23 55 13 26 44 24 34 15 8 45 1 6 
51 13 55 15 11 18 39 28 3 11 21 8 35 3 8 22 51 51 
52 7 21 41 13 43 42 11 2 14 15 27 12 6 29 9 4 32 
53 39 56 11 40 5 58 19 48 12 16 32 18 1 38 8 8 13 
54 13 61 36 12 55 28 5 9 3 18 49 39 24 7 24 33 
55 47 51 9 8 4 2 39 39 50 54 5 33 16 4 8 
56 53 28 57 20 22 3 25 3 21 7 19 14 14 37 49 
57 56 2 6 42 1 9 22 27 22 10 36 46 43 33 16 
58 28 27 9 5 62 17 3 53 39 47 40 36 36 18 
59 1 6 27 15 32 37 42 35 7 42 33 11 30 
60 18 6 21 40 1 15 31 41 12 15 17 43 
61 19 16 54 2 17 45 11 28 25 
62 34 32 58 47 23 
63 32 25 5 11 27 
64 19 4 
