25
23 22 22 20 19 18 18 17 15 12 10 10 9 9 8 8 8 8 7 6 6 6 3 2 2 
1 24 23 22 21 20 19 18 17 16 16 14 13 12 11 10 9 8 7 6 5 4 3 2 
2 23 22 21 20 19 18 17 16 15 14 13 12 11 10 9 8 7 6 5 4 3 1 
3 23 22 21 20 19 19 18 17 15 14 13 12 11 10 9 8 7 6 5 4 2 1 
4 21 20 19 18 17 16 15 14 13 12 11 10 9 8 7 6 5 2 3 1 
5 22 21 19 18 16 15 14 13 12 11 10 9 8 7 6 4 1 3 2 
6 22 20 17 16 15 14 13 12 11 10 9 8 7 3 4 2 1 5 
7 20 18 17 16 15 14 13 12 11 10 9 8 3 4 2 1 6 5 
8 18 17 16 15 14 13 12 11 10 9 6 7 2 3 4 5 1 
9 19 15 14 13 12 11 10 6 5 2 3 8 4 7 1 
10 22 12 11 5 3 1 4 2 8 9 7 6 
11 6 4 8 3 5 1 9 2 7 10 
12 2 6 4 9 8 10 7 3 1 5 
13 2 7 5 8 9 4 3 1 6 
14 3 2 5 9 8 4 6 7 1 
15 4 7 9 2 6 8 5 3 
16 1 8 5 2 1 4 7 6 
17 25 3 2 7 1 4 8 6 
18 25 5 4 3 2 1 8 7 
19 3 3 9 5 2 4 1 
20 6 7 4 2 3 1 
21 24 5 3 4 2 1 
22 5 6 10 1 3 2 
23 2 1 3 
24 21 1 
25 17 18 
