98
97 95 92 90 90 89 88 87 86 85 84 83 82 81 79 77 74 74 72 72 71 70 70 68 66 66 64 62 62 62 59 58 55 53 52 51 48 47 47 47 47 45 44 43 42 42 42 41 41 41 40 40 40 39 39 38 38 36 36 35 34 34 32 31 31 30 28 28 27 26 25 24 20 20 19 19 19 16 16 15 15 14 14 13 12 11 9 9 8 8 8 7 7 7 6 3 2 1 
1 2 38 88 19 12 69 4 43 16 87 38 20 71 7 59 69 25 93 20 6 2 57 2 66 39 65 33 6 6 66 20 16 21 33 46 41 18 6 13 77 35 13 26 37 28 32 16 22 24 47 29 15 35 17 12 41 5 8 7 12 77 21 40 47 64 35 32 10 51 30 74 15 21 15 38 4 47 64 23 24 51 14 18 84 7 18 4 5 34 1 1 15 10 27 67 35 34 
2 1 74 15 30 87 49 40 78 36 41 92 23 66 71 51 20 3 49 16 23 38 30 13 10 9 1 24 53 9 1 25 39 70 70 51 19 46 73 37 19 54 19 11 4 36 16 86 57 49 29 12 2 2 29 6 30 67 24 16 17 9 63 63 61 3 48 15 63 19 30 22 33 4 23 21 36 55 56 68 20 29 7 35 40 2 2 12 3 41 45 65 28 73 43 39 
3 62 9 92 90 45 76 45 13 27 12 64 73 2 19 32 34 29 65 26 32 12 15 44 15 18 57 53 7 96 60 28 27 32 47 49 83 17 35 29 43 32 19 10 5 40 71 26 29 5 6 17 15 11 20 23 11 5 28 36 53 39 84 95 15 29 2 15 25 29 23 32 14 62 23 32 57 4 13 20 60 17 23 23 13 88 23 15 17 2 27 35 58 
4 39 5 1 62 6 58 32 30 57 62 41 26 14 36 85 7 23 36 14 45 56 10 5 71 67 5 15 69 9 21 70 62 31 2 27 14 25 49 41 38 8 20 27 5 6 31 45 16 21 37 14 19 56 36 6 29 38 7 62 81 26 81 17 24 21 1 2 3 19 70 68 16 11 1 47 14 12 61 13 25 41 18 21 9 33 81 45 23 26 32 
5 23 4 7 74 11 13 87 35 74 51 60 22 32 52 52 10 20 50 8 30 8 53 4 31 4 6 60 58 46 7 30 3 31 4 17 63 7 3 27 1 31 25 60 25 26 72 71 3 10 43 51 22 25 8 17 72 64 17 22 62 16 13 27 23 12 43 35 21 64 15 9 66 65 1 53 38 6 48 78 11 23 55 46 24 32 21 45 5 5 40 
6 69 24 56 32 75 58 11 14 4 28 52 26 46 46 19 37 38 61 1 76 33 83 74 39 74 52 1 1 5 55 26 1 90 27 23 8 8 51 13 20 11 27 4 18 18 37 16 21 39 21 19 3 10 42 22 4 2 15 10 14 14 6 6 11 14 20 55 42 69 21 19 66 16 46 28 8 44 53 70 40 55 32 28 56 5 44 35 20 10 
7 5 43 22 56 51 37 62 83 80 21 57 21 66 42 8 1 11 11 32 4 11 75 45 11 30 45 18 84 70 36 3 49 40 31 64 15 5 34 69 81 5 42 64 23 68 59 84 12 50 12 34 1 12 76 26 77 82 4 8 41 54 53 53 9 67 63 44 26 54 11 42 26 26 47 19 1 2 15 20 36 25 17 27 21 14 35 58 35 
8 86 32 75 49 19 11 9 7 22 45 15 20 73 15 31 36 11 54 5 5 13 96 49 43 9 23 61 10 41 6 38 6 49 13 32 72 28 4 12 21 31 28 52 51 77 53 42 27 10 13 1 24 16 21 53 20 55 55 7 39 79 48 5 48 34 56 18 79 20 61 6 25 42 33 15 8 8 51 41 54 29 48 33 76 50 17 81 
9 3 45 30 12 8 63 9 9 10 25 41 33 19 50 36 43 2 26 71 47 2 26 50 14 63 66 46 76 46 41 73 93 45 18 29 16 20 8 32 48 4 14 54 20 22 21 41 16 61 39 23 30 65 40 38 37 16 43 32 57 2 35 22 31 17 20 31 7 39 46 17 46 37 22 16 36 50 5 65 10 68 51 30 31 4 65 
10 53 39 58 15 29 49 30 69 12 70 17 68 9 30 25 44 15 21 2 5 25 16 13 4 54 23 71 20 24 31 18 71 40 19 33 8 47 50 64 14 32 22 3 58 68 34 28 33 6 27 8 6 73 52 5 51 56 47 44 27 71 1 17 38 80 18 90 12 37 23 20 40 20 9 24 15 52 11 1 91 66 60 30 6 25 
11 5 47 50 37 6 12 74 40 8 11 11 55 12 29 26 47 7 7 54 14 94 8 57 7 18 44 41 7 41 52 43 34 45 31 15 61 62 2 54 94 34 81 69 54 12 6 84 56 44 57 44 21 43 69 24 3 44 37 3 61 6 31 43 27 46 34 82 51 71 48 25 7 57 61 54 4 79 18 5 10 30 54 25 52 
12 1 58 11 22 53 9 10 37 11 30 3 45 48 69 81 19 38 85 67 16 20 91 50 58 3 75 69 44 76 19 16 25 28 43 28 11 8 41 46 93 74 53 59 22 13 2 1 70 7 7 77 40 28 89 1 52 7 82 49 28 86 44 46 19 10 5 39 27 24 77 31 40 70 28 16 4 49 48 2 37 59 25 93 
13 34 30 5 47 30 74 14 3 15 40 68 21 2 21 72 63 48 39 10 59 39 65 14 8 28 48 14 16 78 1 36 1 71 8 67 6 47 70 65 16 30 17 12 8 13 13 36 50 69 46 30 54 50 17 88 18 63 26 42 5 17 25 42 24 56 64 3 13 13 64 3 76 25 31 4 39 47 45 15 23 26 46 
14 26 85 6 29 27 15 61 36 22 13 38 43 4 33 11 4 48 23 43 23 9 59 17 66 56 18 44 13 57 13 9 55 17 25 67 10 60 27 4 58 35 4 14 14 48 6 19 6 76 16 41 6 17 14 14 31 51 80 19 25 48 25 72 3 51 17 44 29 1 20 31 23 39 26 61 4 32 57 60 7 35 
15 2 10 68 83 14 54 13 35 8 10 26 8 35 70 3 3 18 50 37 38 31 40 4 11 50 32 35 7 27 38 20 36 45 19 1 3 48 64 6 58 26 26 80 28 3 42 3 2 71 42 1 72 52 1 39 8 55 39 53 44 61 44 5 30 42 7 45 10 27 50 1 3 73 18 19 73 13 22 16 
16 97 30 78 1 86 43 45 46 50 22 2 17 27 12 10 21 66 55 25 48 66 53 20 1 9 47 12 44 13 91 2 9 73 1 13 73 6 33 4 71 47 29 9 8 14 2 79 22 84 38 37 40 73 6 5 46 56 9 45 72 28 4 35 17 16 16 22 12 22 53 24 47 32 22 36 48 15 
17 34 29 31 10 49 34 18 45 18 16 36 28 27 18 21 40 33 14 79 33 34 3 14 27 86 71 43 5 24 29 41 23 13 3 1 36 2 14 66 13 5 57 10 69 32 5 9 44 52 4 24 13 9 14 85 80 20 38 3 27 16 7 46 39 51 95 41 3 64 17 17 8 75 33 
18 30 64 20 71 59 25 79 24 71 31 17 32 17 29 56 11 25 73 17 7 15 3 24 14 9 10 72 1 70 51 70 18 18 6 6 65 27 43 71 40 92 37 64 85 58 66 34 29 43 31 22 19 13 25 19 8 34 59 66 74 10 1 61 60 45 1 11 20 51 54 15 19 4 65 
19 1 49 29 8 46 25 31 6 32 9 62 3 12 28 71 84 56 79 63 45 58 53 2 10 30 2 12 2 72 53 3 23 34 47 15 6 4 21 50 14 27 56 18 19 19 14 20 79 18 6 42 61 2 12 4 23 25 50 24 7 52 37 67 31 20 20 42 37 18 15 59 25 
20 67 33 28 18 24 1 44 70 48 2 24 8 1 41 12 5 45 33 10 22 16 1 74 9 31 55 30 9 89 6 4 23 15 42 28 3 20 20 52 38 76 8 6 19 29 9 8 85 39 14 17 68 3 56 23 2 64 10 62 10 37 7 18 19 19 32 44 24 6 41 35 33 
21 38 47 51 53 26 39 26 39 7 65 7 51 21 21 34 22 72 13 10 46 39 13 44 68 43 16 17 61 67 1 4 9 24 8 55 11 72 6 31 6 4 19 8 1 43 51 32 23 6 29 57 30 1 4 30 26 35 2 5 49 82 7 32 32 5 26 56 4 47 62 37 
22 48 7 46 12 60 65 5 30 14 66 8 16 21 74 25 68 55 27 20 72 33 50 52 24 37 36 42 42 60 52 30 28 9 10 26 74 1 36 60 83 48 12 25 6 59 16 5 18 25 51 48 9 30 5 68 31 2 9 50 60 16 16 16 41 74 72 77 15 78 29 
23 5 83 33 41 62 2 49 24 36 4 2 14 35 14 10 35 27 28 8 70 28 6 42 60 63 19 41 62 20 9 27 17 42 24 56 65 7 3 37 81 73 81 35 21 70 3 55 51 36 3 1 5 19 86 2 14 69 20 10 37 3 3 29 57 3 88 5 13 4 36 
24 6 43 83 46 20 18 39 23 20 56 2 92 24 24 76 18 10 39 22 34 21 31 17 41 26 23 1 28 36 35 11 44 8 2 47 40 36 66 50 47 37 35 61 48 17 4 13 66 58 1 41 12 33 19 32 38 41 10 91 49 16 5 45 58 52 20 41 45 
25 40 19 18 9 53 1 10 38 10 22 18 52 2 26 16 30 27 54 37 56 34 12 14 42 4 32 55 22 5 5 63 71 77 92 36 5 22 63 18 33 14 3 32 14 59 26 37 93 13 8 30 61 19 11 28 72 75 7 33 13 4 11 12 47 19 10 
26 14 57 34 21 21 56 43 34 4 11 32 6 69 54 45 15 45 51 3 9 9 25 60 6 31 38 52 49 51 50 1 22 53 24 3 59 31 29 5 73 7 50 15 15 59 4 13 55 25 40 21 27 27 7 75 61 7 7 14 50 30 43 21 13 42 4 
27 29 82 14 3 85 76 16 17 30 65 22 25 49 23 3 28 6 37 17 58 14 15 4 6 4 47 39 50 23 59 54 18 10 8 5 50 19 31 35 61 66 10 11 34 90 58 84 77 5 26 26 12 37 17 62 7 55 44 15 32 1 81 57 3 
28 20 69 6 45 17 19 82 69 49 73 75 83 3 36 67 23 13 23 27 36 22 12 12 8 1 48 8 57 24 10 37 20 54 28 28 12 3 73 12 91 77 15 56 53 56 6 42 40 40 53 25 16 94 70 6 12 67 57 95 97 51 2 
29 27 19 10 36 14 17 11 34 76 45 18 3 30 59 85 43 32 9 67 59 87 78 68 3 65 54 69 40 35 17 3 66 70 1 78 2 16 26 2 54 4 91 18 20 35 3 21 3 53 51 32 14 62 53 8 2 46 23 60 86 83 22 
30 18 16 13 2 13 10 9 22 4 12 56 41 10 30 30 2 29 55 80 27 7 33 35 5 59 31 25 70 91 19 49 20 22 5 85 9 13 42 58 75 49 2 42 13 55 30 30 1 22 21 88 2 21 25 58 40 15 26 59 9 11 10 
31 35 19 17 57 18 65 8 89 80 30 82 15 5 44 10 47 11 20 50 26 4 7 78 55 5 48 24 8 4 43 93 46 21 69 26 5 61 33 27 11 89 18 63 14 76 9 9 22 45 81 14 12 57 19 13 59 9 46 40 
32 6 8 55 42 4 5 26 18 37 19 7 3 39 71 71 3 29 87 3 9 15 10 3 8 25 1 78 33 9 65 60 76 48 50 47 66 1 21 17 25 3 29 3 24 64 6 75 14 20 21 75 21 16 27 5 43 64 4 
33 20 23 42 66 14 91 37 9 41 6 33 33 82 30 38 20 1 17 17 95 22 1 34 10 54 49 62 53 32 16 10 37 44 31 39 47 34 25 38 45 73 2 8 56 24 36 8 51 25 41 89 39 4 20 17 
34 17 62 13 26 89 46 26 17 29 21 3 68 35 44 51 11 36 17 33 40 25 35 24 62 11 19 49 7 10 7 42 18 88 67 27 43 33 11 8 40 18 72 59 34 34 36 95 1 40 36 54 69 1 
35 31 5 15 23 48 15 30 34 23 59 34 3 15 70 1 61 29 51 57 14 24 1 55 54 45 55 27 1 80 82 9 23 29 37 24 45 76 58 39 5 21 49 16 57 2 6 7 14 7 1 20 3 
36 29 2 14 67 68 71 4 23 17 4 8 9 38 7 34 63 28 22 28 51 2 13 62 15 67 22 61 24 13 4 17 24 3 25 40 79 23 34 2 9 33 94 7 80 48 73 34 16 47 67 23 
37 11 51 7 55 12 55 32 33 65 6 84 51 49 69 42 15 2 25 22 27 49 1 6 78 39 28 9 33 4 11 18 23 16 24 35 65 25 10 9 27 23 20 19 75 19 12 21 48 
38 21 1 67 47 70 14 1 6 2 12 65 25 36 33 58 15 38 38 59 43 26 8 76 63 15 4 53 57 9 20 4 68 16 60 33 60 10 1 17 24 5 66 76 94 77 50 49 
39 4 10 21 21 24 42 32 44 21 63 68 13 6 66 1 2 64 13 24 39 39 9 27 59 6 37 44 33 8 3 54 79 9 35 20 54 15 12 15 60 14 17 13 62 68 33 2 
40 25 65 63 64 2 11 13 58 58 17 78 15 43 60 10 41 7 34 3 29 72 9 18 77 12 46 1 24 46 34 16 36 53 26 28 28 6 46 12 30 10 70 34 56 2 31 5 
41 88 23 53 2 4 53 30 9 33 84 20 11 55 11 9 53 65 40 1 79 8 54 4 9 23 12 24 17 1 14 47 7 50 82 24 72 68 8 24 17 4 33 22 2 66 20 24 
42 32 33 81 7 39 49 37 22 22 47 23 25 23 30 8 7 20 72 62 6 30 34 44 62 42 42 6 15 19 15 67 49 13 8 13 28 59 7 62 15 58 56 19 48 26 
43 24 7 54 1 69 16 26 68 14 9 14 21 94 29 64 11 64 87 40 38 84 8 3 12 17 31 68 56 18 11 48 47 9 44 5 18 11 21 34 5 80 26 2 32 
44 63 72 20 10 39 45 11 21 61 69 3 34 12 14 31 16 11 44 44 11 49 39 45 11 24 33 42 43 67 10 12 57 17 6 14 7 15 15 27 6 20 92 52 
45 9 3 3 16 12 17 8 26 28 26 29 44 4 7 20 7 19 9 11 68 90 4 15 68 44 35 66 33 35 57 31 16 57 18 15 60 24 13 5 2 4 24 
46 22 19 24 16 34 6 6 88 21 86 9 9 2 1 5 60 12 31 13 64 40 11 55 40 6 12 16 9 9 40 83 57 29 17 80 60 5 58 31 13 56 78 
47 21 11 13 38 11 50 9 57 69 57 31 3 16 69 42 10 13 27 19 1 55 16 43 59 24 32 74 1 10 41 33 24 68 1 53 7 4 16 13 36 21 25 
48 59 22 12 20 14 13 35 16 65 9 13 28 31 53 22 15 56 43 98 51 14 32 63 8 8 22 2 14 82 24 11 60 8 71 36 5 12 42 16 52 37 
49 52 19 2 8 10 72 83 70 23 17 2 42 28 37 75 27 57 8 78 3 7 30 37 26 8 33 4 34 2 44 30 12 42 63 35 21 24 12 72 56 38 
50 65 11 16 47 9 63 5 9 12 15 22 52 15 31 10 26 27 54 80 13 54 7 66 19 27 32 26 72 13 24 41 52 19 22 9 26 77 15 8 77 38 
51 21 37 5 82 7 21 2 26 37 34 2 84 18 36 26 6 35 8 61 48 10 5 14 22 21 1 29 23 14 11 8 1 33 77 17 18 28 70 9 62 
52 49 90 5 6 5 75 25 73 11 71 6 86 62 50 22 55 69 22 26 74 8 62 58 20 12 10 96 17 15 50 77 66 19 56 10 54 24 44 48 11 
53 10 21 12 41 41 25 2 19 5 3 16 41 19 64 48 33 26 65 12 38 8 92 8 3 28 29 7 73 7 40 6 47 28 65 15 29 74 5 16 63 
54 64 61 43 15 26 74 11 8 89 10 84 25 33 2 41 9 11 11 29 58 50 27 28 35 50 29 13 39 60 7 39 7 8 11 77 52 18 34 11 
55 62 61 32 11 37 37 30 41 16 22 67 6 52 20 14 88 31 21 25 47 60 61 35 35 8 8 30 6 46 23 26 15 2 6 70 27 5 79 81 
56 6 7 26 30 24 75 18 59 4 19 75 14 87 25 11 43 23 48 4 19 10 60 28 8 28 16 13 33 20 2 42 6 52 40 72 49 21 46 
57 26 75 7 4 31 11 1 86 47 3 49 47 14 11 2 28 89 35 38 9 85 44 17 75 21 45 3 67 11 45 31 46 60 35 28 23 14 27 
58 10 6 12 68 59 4 67 40 40 12 38 74 19 5 27 14 54 10 30 52 15 18 76 27 35 30 24 62 64 42 46 24 58 58 7 3 
59 48 59 59 80 18 58 1 56 29 14 13 30 38 72 29 35 27 39 12 7 26 22 47 26 25 18 34 90 42 67 81 30 31 12 65 19 
60 22 5 78 26 5 3 40 60 60 46 22 14 23 94 78 22 55 5 32 56 38 54 38 48 3 18 39 61 57 22 45 46 14 29 10 
61 55 82 54 14 78 6 65 79 44 21 11 83 8 35 9 36 93 51 55 31 11 27 2 24 19 8 25 18 26 60 15 11 14 4 
62 55 3 34 67 23 4 7 4 19 90 63 52 11 4 34 23 33 66 36 42 52 63 42 4 5 3 29 42 58 20 27 39 51 21 
63 44 40 9 77 50 39 64 13 19 9 80 62 36 68 83 23 38 5 25 62 48 68 64 2 2 31 13 25 2 49 7 53 
64 54 18 40 3 63 39 43 43 10 53 7 68 7 15 18 65 46 1 63 5 1 13 5 32 20 13 58 64 64 17 32 
65 50 40 22 21 31 37 38 61 3 1 27 13 41 48 29 13 53 18 9 23 32 64 37 53 5 9 87 2 18 59 9 
66 7 2 22 33 39 1 16 9 14 1 16 62 29 69 50 77 18 24 27 32 17 45 6 18 24 52 5 38 10 41 
67 20 62 38 36 58 12 21 4 28 55 29 14 13 36 2 44 34 42 7 57 59 19 28 67 67 1 36 79 
68 15 58 36 43 10 13 34 39 21 22 63 45 29 64 43 10 7 45 38 63 47 22 41 4 20 2 9 39 
69 6 1 28 10 43 26 12 1 28 44 37 12 47 4 47 52 11 29 7 31 11 66 13 6 17 23 34 
70 85 38 49 10 20 15 2 2 7 30 23 18 4 18 35 13 29 12 23 6 4 28 55 12 40 51 
71 18 18 2 36 1 9 32 19 32 52 10 4 10 13 17 85 3 16 18 25 5 10 15 11 48 
72 44 49 21 13 22 18 59 19 8 40 21 42 5 50 5 15 14 34 41 25 16 49 56 22 
73 3 8 18 52 28 9 2 16 16 10 26 23 28 16 53 33 36 15 15 2 
74 2 5 11 13 5 54 22 6 6 58 20 52 22 12 47 1 18 75 53 22 
75 6 8 57 52 56 7 56 12 49 28 30 57 74 26 25 32 37 32 17 
76 3 27 29 6 9 24 12 38 32 14 20 7 79 31 58 35 13 8 38 
77 63 1 8 40 12 25 1 66 7 28 27 12 52 51 50 54 38 50 22 
78 16 2 61 40 60 49 29 13 31 32 60 29 37 5 22 46 
79 18 61 19 17 41 83 16 8 76 39 19 8 36 11 55 67 
80 59 7 30 31 63 50 82 35 14 15 10 17 43 36 46 
81 42 12 11 7 23 23 4 4 31 59 95 27 55 4 8 
82 27 61 51 28 33 31 80 7 12 35 41 11 48 21 
83 23 24 15 7 49 6 28 3 61 63 79 22 46 29 
84 41 37 19 7 51 54 43 11 7 16 3 27 1 
85 70 14 27 4 12 29 30 71 18 57 20 17 
86 8 16 57 46 52 17 2 12 23 87 29 
87 2 5 1 43 56 32 29 65 86 
88 41 1 46 55 34 13 30 3 23 
89 34 31 54 20 57 12 31 33 
90 52 3 62 6 45 27 10 59 
91 33 12 30 16 29 28 24 10 
92 3 2 24 53 18 25 44 
93 1 9 12 31 61 25 12 
94 11 43 11 60 28 36 38 
95 33 3 34 28 17 81 
96 3 8 52 
97 16 28 
98 48 
