30
28 28 27 26 25 25 24 22 20 19 17 17 17 16 16 13 13 13 12 12 11 10 10 9 8 5 4 4 3 2 
1 29 28 27 26 25 24 23 22 21 20 19 18 17 16 15 14 13 12 11 10 9 8 7 6 5 4 3 2 
2 29 28 27 26 25 24 23 22 21 20 19 18 17 16 15 14 13 12 11 10 9 8 7 6 5 4 3 1 
3 28 27 26 25 24 23 22 21 20 19 18 17 16 15 14 13 12 11 10 9 8 7 6 5 4 2 1 
4 28 26 25 24 23 22 21 20 19 18 17 16 15 14 13 12 11 10 9 8 7 6 5 1 3 2 
5 26 25 24 23 22 21 20 19 18 17 16 15 14 13 12 11 10 9 8 7 6 1 4 3 2 
6 27 25 24 23 22 21 20 19 18 17 16 15 14 13 12 11 10 9 8 7 1 3 2 4 5 
7 25 24 23 22 21 20 19 18 17 16 15 14 13 12 11 10 9 8 2 3 4 6 5 1 
8 23 22 21 20 19 18 17 16 16 14 13 12 11 10 9 6 7 1 5 2 3 4 
9 21 20 19 18 17 16 15 14 13 12 11 10 1 6 3 2 7 8 5 4 
10 20 19 18 17 16 15 14 13 12 11 3 4 5 9 1 2 8 7 6 
11 18 17 16 15 14 13 12 1 3 8 10 4 7 9 6 5 2 
12 19 17 16 15 14 13 1 7 11 10 8 9 6 3 4 5 2 
13 21 21 18 15 14 9 7 12 1 2 10 3 11 6 8 4 5 
14 30 20 15 5 6 1 10 12 8 4 3 7 11 2 13 9 
15 24 20 19 1 11 9 2 13 12 5 10 3 7 14 6 4 
16 11 8 8 12 1 2 4 10 6 9 3 7 5 
17 29 6 12 7 4 10 8 3 2 9 11 1 5 
18 30 1 4 6 9 7 13 3 8 11 10 5 2 
19 12 8 10 15 3 5 1 4 6 7 9 2 
20 9 2 3 4 14 15 8 6 5 10 1 7 
21 2 13 7 13 3 1 4 8 9 6 5 
22 23 23 5 6 1 7 2 4 8 3 
23 22 22 2 7 3 4 5 8 1 6 
24 25 15 7 6 2 5 4 3 1 
25 24 3 2 6 5 7 1 4 
26 2 1 5 3 4 
27 6 3 1 2 
28 4 1 2 3 
29 17 2 1 
30 14 18 
