68
63 62 61 61 61 58 58 58 56 54 50 50 49 49 49 49 48 46 46 46 44 44 43 42 40 40 40 39 38 37 36 35 34 30 30 30 28 27 26 26 26 26 26 24 24 24 23 22 22 20 19 18 15 14 14 14 14 13 12 12 10 9 8 8 6 3 3 2 
1 8 16 48 41 45 63 29 25 50 8 32 6 15 11 8 48 66 9 52 3 67 7 40 14 7 5 17 24 28 16 33 20 4 8 17 36 55 21 32 15 2 18 4 8 25 7 24 25 56 21 48 17 7 39 23 58 20 17 8 10 36 46 13 
2 54 34 7 58 46 45 40 42 8 26 16 6 23 32 3 15 3 29 15 40 50 4 8 51 5 33 5 22 19 1 53 7 25 33 13 21 42 10 52 55 16 37 54 31 6 37 11 4 22 37 3 3 30 4 6 17 5 8 37 44 6 41 
3 60 20 6 28 9 19 3 3 24 35 58 10 12 38 58 13 2 45 1 2 10 55 58 31 38 52 4 27 22 5 6 23 58 26 8 53 15 6 8 14 9 7 57 4 10 13 29 16 23 63 13 23 60 2 9 2 4 26 27 4 23 
4 14 10 30 7 6 18 27 14 51 51 57 12 39 28 8 19 49 7 6 64 32 65 26 16 23 2 5 7 10 47 38 1 3 7 31 14 5 36 26 11 1 7 6 37 5 14 28 5 50 26 26 12 3 49 46 2 46 25 2 3 3 
5 11 16 9 5 5 37 34 27 26 51 37 30 5 5 14 52 8 4 1 61 13 13 29 2 48 43 4 2 10 3 20 46 12 28 9 4 4 47 6 16 16 5 5 42 45 16 9 26 40 24 19 12 10 28 39 12 48 2 15 16 8 
6 51 35 22 65 3 14 50 12 4 39 12 20 1 2 27 45 9 29 4 9 57 31 23 20 39 28 9 24 33 53 51 3 47 52 48 4 7 19 39 33 15 5 21 3 15 37 36 25 19 13 2 14 36 7 2 44 2 32 
7 32 2 15 8 47 31 14 12 48 21 44 4 19 13 12 26 14 32 13 62 17 4 17 31 40 21 11 1 1 42 20 4 4 8 48 18 30 4 17 2 1 6 31 43 45 11 16 1 34 32 3 25 56 32 6 28 21 33 
8 1 28 7 57 17 49 2 30 1 17 34 38 1 24 12 4 9 14 11 5 15 47 2 22 25 12 1 7 27 45 3 1 62 41 30 11 15 51 29 12 3 18 49 42 19 66 15 1 27 43 41 15 2 27 26 14 21 5 
9 44 14 24 40 5 18 54 3 29 26 25 28 13 62 6 18 1 30 8 10 13 6 21 19 40 39 18 6 26 47 10 23 5 42 51 10 40 11 3 33 34 20 11 15 15 5 18 27 47 27 19 3 10 45 10 39 
10 47 20 38 57 4 28 39 3 22 19 17 9 10 10 23 3 43 40 57 4 20 17 27 5 28 21 10 10 13 9 18 31 28 40 11 35 9 30 2 11 38 55 3 1 45 46 47 5 47 33 9 39 9 16 
11 5 22 17 11 11 15 14 23 21 1 33 19 33 56 29 15 42 7 58 14 8 12 18 13 48 4 26 12 22 18 10 16 8 35 13 7 9 50 10 37 35 9 15 2 31 16 39 40 14 32 
12 18 40 7 63 6 44 6 45 19 7 21 4 3 16 8 44 15 31 26 24 11 21 36 8 59 47 18 18 25 33 30 18 5 11 36 14 24 17 8 47 4 32 21 17 5 53 5 19 16 52 
13 33 27 29 60 36 24 57 7 9 48 7 3 62 9 38 18 34 55 5 34 5 11 35 18 28 21 19 10 21 14 20 24 2 43 41 46 11 65 15 6 3 13 13 29 3 49 33 56 1 
14 30 9 15 43 21 20 7 4 6 46 29 11 48 4 17 28 43 7 55 5 11 49 1 8 17 52 46 4 50 17 23 13 25 4 12 47 38 22 3 15 33 39 6 15 26 11 29 24 8 
15 7 14 15 15 20 11 1 48 17 19 45 2 2 21 11 25 12 44 39 8 33 41 33 1 3 55 6 8 45 28 61 27 37 59 6 13 8 32 14 9 9 11 24 28 56 14 31 8 5 
16 28 17 20 1 26 50 17 5 59 40 22 2 17 25 44 12 46 4 37 37 52 26 1 58 21 26 17 35 20 11 5 5 7 46 2 5 19 3 23 62 59 11 12 33 35 5 16 16 10 
17 16 33 8 16 30 11 59 22 34 8 30 14 16 49 23 15 32 7 26 10 7 19 1 14 27 10 64 1 51 14 7 22 16 40 43 20 12 22 1 40 28 43 56 1 12 33 2 29 
18 12 49 9 4 20 29 48 44 36 9 65 29 24 18 18 13 34 47 49 23 9 11 30 12 12 13 7 1 19 10 12 56 27 11 51 55 27 8 34 31 21 47 9 18 18 33 
19 56 22 3 7 12 11 19 19 15 4 23 40 10 33 9 48 45 23 44 30 39 17 35 49 40 37 28 47 60 36 13 22 45 47 2 18 6 47 34 24 8 6 16 5 9 12 
20 10 21 23 16 3 14 25 15 24 18 6 33 41 26 37 56 60 23 44 6 27 30 7 24 10 31 1 5 35 34 13 35 36 17 16 46 68 22 25 9 1 43 50 44 50 50 
21 39 20 46 14 36 7 33 39 30 53 11 12 27 35 22 15 9 7 62 12 28 31 16 32 22 1 13 10 13 30 6 1 34 2 18 46 12 43 45 50 25 7 8 59 
22 11 6 16 19 17 50 41 33 55 27 31 10 25 21 53 29 23 8 31 30 30 27 3 21 19 2 28 17 11 30 42 38 17 14 20 39 32 50 62 41 2 37 23 37 
23 20 31 40 28 11 49 2 48 17 19 36 10 20 6 19 4 22 28 36 18 54 42 37 60 59 3 31 14 9 32 45 43 1 26 3 26 16 35 3 56 27 3 22 
24 49 9 13 20 3 8 28 32 56 33 67 18 51 32 12 31 49 1 20 6 27 29 26 54 1 13 12 19 24 24 47 41 5 60 15 26 50 52 42 29 14 61 
25 50 26 20 1 40 66 44 41 31 36 16 9 35 52 62 22 37 15 43 8 36 30 49 12 52 1 14 2 25 25 1 41 6 20 7 33 53 4 21 26 
26 42 42 16 25 32 2 39 5 9 20 7 29 26 26 29 17 67 4 12 16 9 4 3 30 24 16 29 11 41 4 4 34 23 5 23 24 14 25 3 8 
27 51 13 33 46 33 36 4 5 6 22 21 47 39 35 20 17 24 22 3 10 8 41 18 18 15 41 30 27 27 54 8 48 41 9 9 64 8 23 3 29 
28 38 16 8 3 10 23 35 14 60 9 24 4 42 23 1 6 21 60 43 19 36 49 10 13 22 10 5 4 44 38 15 41 17 42 38 15 5 7 44 
29 37 13 49 1 14 9 18 42 26 26 6 18 11 2 22 49 39 5 38 24 49 26 53 39 29 29 8 63 35 51 41 3 13 31 14 24 17 27 
30 14 17 30 30 4 21 43 8 17 5 9 19 20 22 18 25 22 32 12 45 26 7 21 8 22 43 10 35 38 27 50 58 33 43 54 2 34 
31 7 23 45 46 57 25 31 31 22 7 6 12 3 52 24 63 22 20 32 21 4 23 10 7 47 51 44 61 18 42 2 11 42 29 15 32 
32 68 7 50 55 26 1 24 2 7 17 43 41 4 24 31 30 21 54 1 38 23 64 53 40 7 15 12 22 7 54 36 54 31 11 6 
33 13 17 27 21 27 20 11 61 22 11 24 19 48 6 1 57 2 15 15 12 6 2 43 9 38 30 25 14 13 10 17 18 16 7 
34 2 35 51 49 5 17 8 35 55 13 18 13 63 45 20 42 19 41 37 21 7 18 9 52 26 57 53 30 50 36 
35 59 6 34 45 28 45 34 3 25 46 21 27 19 13 53 40 20 38 16 20 10 11 30 29 53 11 37 23 44 16 
36 54 21 13 27 25 18 23 37 61 45 23 12 25 28 1 43 19 4 44 12 39 20 43 38 6 55 1 6 32 34 
37 29 5 40 20 5 42 39 36 25 16 16 61 19 23 4 34 15 6 57 11 2 44 2 35 2 22 2 22 
38 28 10 39 8 42 53 3 54 13 44 63 3 53 4 29 32 35 28 14 22 36 30 10 33 28 43 60 
39 21 38 21 6 26 10 4 37 27 19 29 6 15 9 56 36 6 29 1 22 43 14 5 11 10 9 
40 12 9 2 46 16 25 23 37 19 7 2 1 9 64 51 10 19 35 10 17 32 17 9 5 60 11 
41 1 51 52 25 22 20 47 54 32 61 15 27 26 8 43 34 13 28 27 25 24 29 22 27 8 2 
42 26 50 26 2 29 38 37 28 51 11 7 45 23 9 34 22 8 2 5 31 64 28 52 31 24 55 
43 14 30 14 57 32 10 25 28 36 5 17 7 41 36 30 33 13 23 17 20 39 21 8 30 38 46 
44 9 7 12 25 51 16 18 12 64 20 38 19 15 36 48 28 31 20 37 46 35 2 6 28 
45 1 2 35 31 35 12 6 15 3 19 36 42 30 8 19 34 23 15 7 5 59 10 21 9 
46 21 2 27 59 40 14 31 58 35 16 14 5 20 13 16 21 4 10 44 4 65 1 43 47 
47 10 7 41 27 8 18 4 19 9 12 6 19 31 5 19 14 12 24 18 10 10 9 46 
48 1 58 7 14 15 18 23 1 13 19 33 11 5 7 44 6 54 56 1 60 27 5 
49 24 18 34 29 8 61 17 57 23 4 14 29 24 18 19 25 28 29 8 4 13 62 
50 42 25 6 16 32 1 22 58 2 14 4 11 30 20 20 22 20 24 21 34 
51 6 27 34 41 44 5 4 4 42 24 40 2 17 6 18 31 9 8 29 
52 41 25 1 5 31 16 3 14 6 53 25 65 2 34 42 24 12 64 
53 21 38 22 38 6 35 52 3 2 29 32 35 25 34 12 
54 2 36 9 41 38 23 32 24 48 27 2 32 30 32 
55 32 34 22 14 3 13 1 15 18 2 10 36 59 42 
56 19 20 24 11 39 18 48 1 58 17 7 15 23 13 
57 8 10 31 13 49 4 43 6 10 59 33 3 37 34 
58 2 48 3 46 50 3 11 3 16 3 56 1 30 
59 35 46 16 17 57 12 23 15 45 16 55 21 
60 3 13 28 20 28 19 23 48 24 3 40 38 
61 49 33 36 37 5 41 15 31 63 24 
62 9 25 7 13 21 8 22 16 49 
63 1 12 38 31 34 29 3 61 
64 44 4 40 17 32 42 27 52 
65 6 18 4 52 13 46 
66 25 1 8 
67 24 26 1 
68 32 20 
