36
35 31 29 28 26 25 24 22 22 20 18 17 17 13 13 13 13 12 11 11 10 10 10 8 7 6 5 5 4 4 4 4 3 3 2 1 
1 36 35 34 33 32 31 30 29 28 27 26 25 24 23 22 21 20 20 18 17 16 15 14 13 12 11 10 9 8 7 6 5 4 3 2 
2 32 31 30 29 28 27 26 25 24 23 22 21 20 19 18 17 16 15 14 13 12 11 10 9 8 7 6 5 4 3 1 
3 30 29 28 27 26 25 24 23 22 21 20 19 18 17 16 15 14 13 12 11 10 9 8 7 6 5 4 2 1 
4 29 28 27 26 25 24 23 22 21 20 19 18 18 16 15 14 13 12 11 10 9 8 7 6 5 1 3 2 
5 34 33 25 24 23 22 21 20 19 18 17 16 15 14 13 12 11 10 9 8 7 6 1 2 3 4 
6 28 25 24 23 22 21 20 19 18 17 16 15 14 13 12 11 10 9 8 7 1 4 3 2 5 
7 25 24 23 22 21 21 19 18 17 16 15 14 13 12 11 10 9 8 1 4 3 2 6 5 
8 31 22 21 20 19 18 17 16 15 14 13 12 11 10 9 6 2 7 1 5 4 3 
9 33 22 21 20 19 18 17 16 15 14 13 12 11 10 2 4 1 3 7 8 5 6 
10 23 20 19 18 17 16 15 14 13 12 11 9 7 2 5 8 6 3 4 1 
11 19 18 17 16 15 14 13 12 3 7 4 10 1 8 9 6 5 2 
12 23 17 16 15 14 13 10 5 4 1 11 7 6 8 9 2 3 
13 34 30 20 15 14 5 7 11 6 4 2 1 10 3 9 8 12 
14 5 13 7 3 11 2 9 4 8 10 6 1 12 
15 7 12 13 5 4 3 6 10 8 2 9 1 11 
16 23 5 1 8 7 6 4 3 2 11 12 9 10 
17 31 26 11 7 5 9 12 10 8 2 6 3 1 
18 4 9 4 3 6 2 11 7 8 10 1 5 
19 35 11 10 5 7 8 2 9 6 3 4 
20 13 1 4 1 6 9 3 5 2 8 10 
21 2 7 7 4 8 3 5 6 1 9 
22 32 2 6 1 5 9 8 3 4 7 
23 12 16 10 4 2 6 7 1 3 5 
24 26 1 4 6 2 7 3 5 
25 6 2 1 3 4 7 5 
26 17 24 4 1 3 2 
27 32 2 4 1 3 
28 6 2 3 1 4 
29 4 3 2 1 
30 13 2 1 3 
31 17 8 2 1 
32 22 1 27 2 
33 5 9 1 
34 13 5 1 
35 19 1 
36 1 
