75
70 70 69 69 68 67 67 67 67 66 66 66 65 64 64 62 60 59 58 58 57 56 55 55 54 54 51 51 51 51 49 49 49 47 46 43 42 42 40 40 40 40 37 37 35 33 30 29 27 27 27 27 26 24 24 21 20 20 19 19 19 17 17 16 16 14 14 11 9 8 8 8 6 4 1 0 0 
1 71 70 70 69 69 69 69 69 69 69 
2 72 70 
4 71 70 
5 70 
7 73 72 72 
10 73 
11 73 70 
12 72 71 70 
13 72 72 
15 71 70 
19 73 
20 71 
22 73 
24 74 
25 71 
26 73 
27 71 
29 75 
30 72 
31 71 
32 72 
33 74 
45 74 
53 74 
69 1 1 1 1 1 1 1 
70 12 11 15 4 5 1 2 1 
71 1 20 12 25 31 4 15 27 
72 7 12 7 30 32 13 13 2 
73 19 10 11 26 22 7 
74 45 24 33 53 
75 29 
