23
22 21 18 17 17 16 13 13 12 10 10 10 10 8 7 7 6 6 5 4 3 3 2 0 
1 23 22 21 20 19 18 17 16 15 14 13 12 11 10 9 8 7 6 5 4 3 2 
2 22 21 20 19 18 17 16 15 14 13 12 11 10 9 8 7 6 5 4 3 1 
3 19 18 17 16 15 14 13 12 11 10 9 8 7 6 5 4 1 2 
4 18 17 16 15 14 13 12 11 10 9 8 7 6 5 2 1 3 
5 18 17 16 15 14 13 12 11 10 9 8 7 6 1 4 2 3 
6 19 16 15 14 13 12 11 10 9 8 7 3 2 1 4 5 
7 19 13 12 11 10 9 8 4 1 2 5 3 6 
8 14 13 12 11 10 9 7 6 2 4 1 5 3 
9 18 12 11 10 5 1 6 2 7 4 3 8 
10 11 3 5 9 1 7 6 8 2 4 
11 5 6 7 8 9 4 10 1 3 2 
12 14 7 5 2 9 6 1 3 4 8 
13 20 15 4 3 5 1 6 7 8 2 
14 4 6 1 8 12 5 3 2 
15 13 2 1 6 3 4 5 
16 20 4 6 2 5 1 3 
17 21 2 4 1 3 5 
18 4 9 5 3 1 2 
19 6 7 1 3 2 
20 13 16 2 1 
21 17 2 1 
22 23 2 1 
23 1 22 
