34
33 30 29 29 26 25 22 22 20 19 19 18 18 17 17 17 15 15 15 15 14 13 11 10 10 9 9 6 4 3 3 3 3 1 
1 10 10 16 27 5 4 2 3 16 14 4 24 11 12 26 10 6 20 26 3 19 3 21 18 12 1 1 23 13 19 6 1 1 
2 19 1 24 8 28 21 13 17 26 18 5 15 22 6 31 2 2 4 7 4 8 4 12 3 23 14 10 4 25 21 
3 11 15 1 16 17 24 29 4 17 11 5 7 1 7 2 1 25 6 21 6 3 3 6 9 4 6 11 10 27 
4 8 1 5 27 10 27 9 14 7 3 2 1 33 12 8 2 27 19 2 12 25 11 16 2 3 6 32 15 23 
5 14 7 1 7 4 22 8 2 31 11 5 5 28 6 6 3 10 6 10 11 16 19 20 9 11 14 
6 24 10 16 12 2 26 25 5 5 1 26 8 5 9 28 15 3 3 9 3 4 23 3 1 7 
7 20 5 8 5 4 9 25 12 13 2 19 3 3 18 18 28 19 25 16 12 6 20 
8 13 4 10 7 2 5 11 17 11 10 4 2 17 21 6 18 20 14 14 20 16 16 
9 19 10 24 22 4 18 13 7 24 18 16 6 33 20 6 3 21 18 5 22 
10 1 1 8 9 20 4 10 10 6 8 21 1 26 5 15 5 2 3 13 
11 14 3 12 12 8 5 8 3 1 23 19 4 5 15 16 3 12 22 5 
12 11 11 14 6 7 4 16 1 2 4 18 1 15 17 7 12 12 11 
13 33 8 14 20 2 9 23 22 7 19 15 27 30 17 1 28 10 19 
14 13 5 30 19 11 24 22 4 15 1 12 26 2 8 8 32 5 
15 3 22 25 14 16 24 2 29 13 17 27 10 6 12 11 22 4 
16 1 1 3 15 6 20 12 9 28 20 19 4 7 11 5 8 8 
17 2 22 3 8 18 3 23 29 8 15 26 12 13 24 22 
18 20 9 21 2 17 9 18 18 8 7 7 12 1 9 20 
19 9 14 2 13 4 7 21 1 11 21 16 7 5 1 13 
20 7 18 25 10 13 16 16 1 8 9 5 8 18 23 7 
21 2 18 25 21 21 23 10 19 8 19 1 3 9 2 
22 30 14 9 15 5 17 13 2 27 15 9 11 17 
23 13 21 17 11 23 23 2 1 6 4 20 
24 6 14 9 2 3 15 1 9 32 17 
25 20 15 21 29 7 6 3 4 7 2 
26 31 2 6 1 10 14 1 6 17 
27 1 4 4 4 13 15 34 22 3 
28 2 16 5 7 6 13 
29 3 15 25 17 
30 14 22 13 
31 26 5 2 
32 24 4 14 
33 13 4 9 
34 27 
