85
83 77 76 76 76 76 76 74 73 72 72 70 70 69 69 69 68 68 67 67 66 65 64 63 63 63 61 61 60 60 56 54 54 52 52 51 49 47 46 44 44 44 44 43 43 42 42 41 41 39 37 36 35 35 34 32 31 28 25 25 22 22 22 21 21 21 21 20 20 19 19 19 19 18 16 16 15 15 14 12 10 8 8 8 4 0 0 0 
1 60 5 44 16 62 26 13 10 28 29 27 25 38 17 35 4 23 14 13 28 33 46 30 36 56 21 33 4 29 37 17 31 15 45 66 5 60 43 16 18 68 39 43 2 3 45 44 27 23 68 27 23 37 17 30 70 21 13 9 3 46 70 10 34 17 11 59 15 30 83 65 41 25 17 28 30 27 5 63 25 40 62 10 
2 19 20 36 39 19 74 67 16 12 29 9 57 27 10 26 1 18 19 39 27 47 21 43 63 14 3 9 42 68 15 11 25 68 56 31 30 41 5 12 48 8 14 27 60 17 2 2 33 4 15 17 55 8 66 33 4 7 57 55 15 14 58 34 10 10 53 70 32 15 10 7 14 64 4 42 41 62 
3 48 12 21 54 22 16 10 69 40 63 34 13 33 38 4 59 60 60 26 24 42 77 8 17 16 11 12 16 25 66 26 13 32 14 26 1 11 25 9 33 45 2 44 76 26 73 70 30 65 18 1 24 29 9 34 10 43 9 11 29 30 5 42 9 3 3 20 18 44 36 14 15 23 32 13 78 
4 72 13 8 31 39 78 23 1 37 15 79 67 3 26 52 12 1 26 40 23 63 11 6 22 80 39 19 13 15 17 18 71 60 28 37 7 59 21 33 29 51 50 13 50 43 54 67 30 33 65 36 2 81 48 37 30 2 7 51 17 23 5 6 54 57 47 17 19 53 13 41 16 2 9 8 8 
5 1 52 31 10 42 9 28 68 19 24 19 35 36 10 21 28 23 34 11 32 23 16 18 15 1 5 5 18 52 28 32 25 25 13 21 8 10 35 39 22 50 61 15 26 47 2 50 27 25 15 21 38 42 42 29 36 6 29 3 36 62 31 68 43 4 1 22 27 39 43 13 20 34 72 9 14 
6 51 70 28 35 43 82 80 56 15 36 82 20 10 9 9 16 25 31 16 57 28 28 49 66 42 21 40 4 48 13 34 11 72 14 24 14 16 16 31 10 38 37 34 50 10 73 17 54 58 12 50 71 39 7 21 39 33 20 8 24 5 11 31 57 8 26 36 8 83 52 4 43 50 6 6 27 
7 9 66 23 43 28 24 17 63 51 20 47 30 20 22 49 60 9 28 51 49 23 25 21 45 13 16 44 14 45 26 53 14 34 53 14 69 15 33 15 7 7 32 61 24 36 28 4 36 9 15 16 6 50 15 9 9 57 59 35 18 18 47 56 2 4 8 16 10 17 10 83 44 18 2 26 24 
8 33 9 25 4 22 9 22 55 30 14 67 45 52 52 22 30 73 13 3 55 37 31 65 55 24 67 10 45 57 11 46 45 42 28 5 23 34 33 41 20 57 64 47 36 65 31 85 2 49 23 15 31 17 27 6 2 33 12 6 15 6 52 84 28 7 19 27 23 56 14 4 9 4 11 
9 7 19 27 8 22 79 8 33 21 73 5 59 9 9 29 53 15 24 67 6 6 66 28 7 37 2 12 62 44 84 38 19 3 10 2 21 27 26 7 54 1 55 3 10 40 7 7 24 3 39 54 76 34 27 3 36 80 59 31 28 55 76 26 15 45 42 50 20 4 8 5 15 29 
10 5 42 1 57 34 50 3 28 47 38 33 16 5 33 6 32 44 22 72 45 19 57 2 37 8 14 40 60 40 9 5 50 38 11 74 6 25 12 26 6 20 15 18 22 1 32 9 46 34 3 16 12 12 55 77 20 74 19 45 2 2 7 77 7 2 53 82 13 23 1 10 10 
11 31 54 58 34 34 45 40 15 35 49 23 46 41 27 13 52 20 38 47 77 49 5 40 30 3 23 41 47 4 76 14 3 48 8 17 6 41 30 10 35 75 13 2 28 38 11 11 17 19 66 41 39 48 21 16 1 51 6 3 54 68 13 27 38 35 31 21 61 21 33 21 8 
12 66 3 20 53 31 21 19 54 46 51 15 37 2 4 35 24 43 30 3 9 48 42 45 39 52 31 23 29 31 76 67 15 47 34 75 45 10 17 29 18 44 25 67 2 64 6 23 75 29 28 41 27 19 10 10 30 18 8 61 46 21 52 75 26 41 17 18 70 27 49 
13 4 34 26 24 1 76 20 47 18 55 45 35 70 11 29 3 17 1 8 55 7 3 24 27 32 14 4 71 66 6 5 15 35 14 38 51 11 22 39 72 4 77 19 15 26 1 37 70 71 20 18 40 20 47 54 81 40 80 11 46 78 59 31 10 4 5 15 3 84 41 
14 26 43 19 46 56 46 40 1 15 75 8 74 33 17 29 44 23 18 68 19 41 85 44 7 30 10 3 13 11 30 64 39 63 7 13 7 2 6 6 22 35 43 39 46 23 2 30 33 59 25 49 16 2 36 44 20 14 14 36 3 2 8 45 42 25 58 35 5 33 
15 69 22 26 71 56 30 57 60 11 66 6 77 14 9 84 4 42 12 24 16 66 49 52 44 29 5 1 55 37 43 70 53 75 13 12 78 4 7 7 18 2 72 5 22 61 73 79 7 13 82 10 53 5 8 28 7 1 2 27 8 2 19 9 68 2 3 49 13 9 
16 37 66 22 23 3 1 25 46 57 43 30 10 51 42 46 50 6 2 32 15 43 5 3 6 37 3 7 64 29 1 33 53 28 31 6 6 71 29 32 24 27 71 56 17 20 35 11 7 60 16 16 24 24 10 32 14 45 7 80 18 77 39 41 58 28 4 54 70 25 
17 35 84 85 24 25 68 52 29 7 1 52 45 38 71 71 27 20 30 18 13 63 14 3 28 1 74 61 23 24 63 11 23 4 18 17 17 49 48 12 11 57 45 1 16 6 2 8 1 2 36 55 74 55 34 55 55 4 26 78 1 28 64 4 7 48 12 56 35 
18 22 29 69 13 80 34 22 17 34 14 22 21 5 28 5 41 1 28 22 2 49 4 17 15 26 32 29 33 12 28 3 23 26 65 54 48 44 23 10 46 25 34 38 47 32 13 12 51 7 7 70 24 49 22 48 27 51 27 16 36 42 3 49 12 7 80 36 52 
19 58 57 2 9 42 14 36 5 12 2 31 5 37 26 31 38 21 51 14 26 35 29 34 10 73 4 77 2 50 59 9 35 44 56 24 44 39 74 80 33 67 11 13 23 22 40 12 41 37 46 33 47 34 10 15 47 36 52 67 8 51 67 4 28 48 24 22 
20 35 24 12 25 2 30 53 13 60 21 20 20 36 69 6 7 32 46 17 7 11 32 63 47 47 38 26 64 35 72 51 21 45 44 37 77 73 46 63 47 20 20 8 31 43 38 16 10 72 6 13 13 58 10 25 23 22 53 34 3 14 9 40 60 5 22 29 
21 3 43 9 12 20 72 79 23 5 19 1 37 18 48 7 6 20 65 62 59 2 5 36 63 29 9 30 4 45 40 22 1 68 48 48 11 31 37 5 65 6 56 31 65 53 58 66 12 71 75 34 59 34 83 51 33 25 26 49 11 52 11 50 26 23 11 
22 18 16 9 81 15 8 3 8 22 22 18 29 60 62 47 39 8 7 10 46 26 24 60 18 52 31 40 4 18 78 46 79 60 42 40 40 48 14 35 23 5 13 41 75 15 48 21 49 19 10 53 42 48 27 78 31 18 20 5 62 30 42 34 19 20 
23 31 7 46 16 44 65 64 4 11 38 1 21 71 5 39 14 5 7 4 28 25 64 11 61 25 59 40 47 71 12 50 17 24 17 48 37 8 1 22 51 1 18 62 14 19 18 12 8 38 37 42 20 62 24 26 4 28 53 72 8 10 3 58 21 
24 45 20 76 17 13 32 7 45 5 24 24 61 9 15 3 26 27 22 53 12 40 30 51 34 8 13 28 40 17 23 6 51 29 82 19 26 7 30 16 37 47 37 3 29 57 58 37 62 16 16 63 6 9 31 52 18 43 23 59 7 19 32 64 
25 20 8 17 16 1 37 30 26 52 44 41 50 55 56 75 54 6 67 7 23 23 3 69 5 44 41 5 28 39 3 37 41 53 10 2 54 12 34 36 32 18 49 56 5 14 50 20 1 34 32 31 32 52 42 21 41 53 1 41 48 27 14 16 
26 33 49 14 28 15 13 1 57 19 25 34 54 75 71 3 4 24 43 22 20 4 19 48 55 31 3 2 52 7 3 46 54 29 38 39 18 44 24 9 10 3 5 13 18 32 34 32 57 43 39 6 17 23 57 12 9 30 21 46 7 21 29 78 
27 9 43 74 51 1 39 30 11 17 50 30 46 46 31 24 35 62 61 2 13 53 46 29 28 2 1 44 9 1 54 35 16 29 74 33 28 5 2 12 8 75 22 15 45 9 30 44 77 18 36 11 30 1 5 18 8 43 66 12 25 6 
28 83 6 68 33 26 7 40 5 1 29 10 32 82 5 1 9 7 39 17 23 18 6 6 57 5 18 45 24 29 27 25 16 8 69 32 4 11 82 47 7 18 27 44 74 12 15 41 65 43 29 8 61 31 9 1 17 50 23 16 19 36 
29 73 18 33 34 29 29 31 30 50 54 17 1 28 43 48 22 9 81 13 14 48 2 1 56 15 54 19 16 47 53 27 26 28 56 12 21 38 59 56 18 24 78 16 12 4 27 24 3 12 49 51 5 3 5 28 53 35 26 20 9 
30 31 20 29 15 38 50 45 50 8 16 25 27 84 41 7 17 27 8 1 11 12 33 54 24 80 14 14 57 69 46 11 72 21 44 41 71 24 3 1 37 2 14 4 65 12 1 4 3 49 27 35 1 26 27 51 46 22 38 51 49 
31 23 11 5 4 30 43 29 12 42 19 19 45 53 27 43 43 6 49 1 31 31 8 49 22 26 66 67 12 12 16 6 47 20 35 2 58 8 32 21 8 21 24 6 53 22 5 9 28 25 58 11 38 58 13 36 47 
32 58 43 65 24 34 28 20 10 33 20 16 5 37 59 64 5 3 13 50 34 35 18 28 38 63 7 78 16 49 56 72 61 26 25 31 49 26 43 10 18 16 56 79 25 46 54 68 68 25 2 42 41 3 24 
33 8 26 29 28 9 48 37 70 10 79 36 64 10 14 3 32 1 1 30 42 37 51 16 56 53 3 7 8 69 19 18 70 4 27 38 37 60 14 70 4 2 6 41 8 2 19 64 46 21 38 74 11 41 14 
34 13 11 11 36 29 10 42 32 18 3 26 77 53 5 18 61 40 19 24 38 35 61 32 7 6 75 12 39 8 6 25 26 68 18 48 1 10 3 25 19 49 17 9 21 21 2 41 20 62 22 58 5 
35 74 20 17 6 40 56 40 11 51 1 13 47 5 38 12 27 54 46 19 20 34 52 19 13 32 40 5 22 11 14 50 27 31 62 16 36 42 42 7 64 35 35 42 30 65 55 29 11 47 54 17 14 
36 34 47 2 45 19 6 20 33 5 48 1 66 62 46 51 71 41 72 40 66 69 21 55 48 7 7 8 49 25 83 47 35 4 5 17 82 5 6 67 9 19 27 18 14 38 3 14 18 31 28 51 
37 16 48 33 50 25 4 19 12 21 9 8 1 72 16 32 33 54 15 10 20 48 58 23 25 4 6 50 1 76 24 30 24 50 33 58 13 24 21 19 46 4 23 63 41 76 47 65 41 69 
38 73 30 1 10 63 23 17 35 19 11 3 20 69 34 9 26 53 42 13 44 43 10 41 40 29 32 6 59 11 20 33 18 57 5 49 23 42 69 81 11 36 38 38 31 33 30 60 
39 49 58 2 4 27 73 22 52 23 28 51 65 61 12 4 1 2 25 14 46 26 5 34 13 63 19 14 42 69 11 61 47 6 47 6 9 26 57 51 54 16 45 5 56 48 79 
40 53 49 49 28 35 11 35 45 14 3 55 11 4 34 24 22 23 6 10 36 24 22 10 22 35 38 62 44 53 21 79 58 19 43 13 9 64 13 57 41 50 41 1 20 
41 50 11 44 30 44 25 42 45 14 11 18 36 25 11 25 38 22 30 8 2 11 12 28 19 49 42 33 62 1 37 12 40 34 40 16 25 37 25 4 32 33 2 13 61 
42 19 72 5 10 81 31 34 16 15 3 41 33 6 12 58 50 47 22 8 38 2 39 54 35 22 5 5 35 41 3 47 23 38 44 35 45 25 18 9 32 22 61 14 2 
43 46 51 32 7 21 14 31 6 27 16 45 29 31 16 26 31 48 12 1 70 15 1 58 2 38 47 14 20 4 64 32 60 40 66 3 26 28 24 5 43 43 27 6 5 
44 68 23 1 59 41 41 78 25 10 14 15 59 14 7 9 25 20 44 44 73 1 55 38 3 19 46 27 26 40 30 19 12 18 28 52 68 77 58 42 27 14 3 7 
45 50 24 11 36 30 24 43 17 13 40 31 8 50 69 10 41 1 7 76 12 7 28 8 63 20 1 8 3 12 17 21 63 47 67 27 10 16 42 9 52 39 59 14 
46 23 43 16 14 14 11 12 47 16 20 27 27 73 1 22 72 35 36 26 27 22 39 8 56 30 44 20 14 71 18 1 10 37 19 55 12 33 32 50 13 30 26 
47 36 13 10 35 59 46 7 22 11 20 20 11 70 29 23 42 2 12 48 52 43 31 20 28 8 5 24 36 70 45 39 39 18 13 19 7 42 19 37 35 4 31 
48 3 37 33 29 36 29 52 21 43 58 26 72 12 6 11 37 23 22 54 47 36 63 17 22 69 18 2 21 11 21 83 34 22 54 4 57 18 17 39 25 19 
49 26 40 40 39 75 11 62 7 11 15 31 7 31 79 6 53 18 17 32 22 36 81 32 8 29 25 41 38 49 49 34 30 18 14 51 75 18 21 15 12 30 
50 45 41 29 30 10 30 37 73 16 27 25 45 55 42 84 32 23 19 10 5 37 35 6 4 4 37 5 79 70 6 7 25 46 28 40 72 9 6 21 
51 6 43 64 27 35 7 16 12 19 39 7 36 24 33 20 65 56 52 24 13 69 23 4 61 29 54 11 18 4 49 18 21 39 30 19 30 36 
52 5 58 17 17 73 11 25 8 8 64 79 39 4 48 15 22 5 12 26 35 51 47 63 64 44 24 12 8 6 19 25 45 74 76 21 18 
53 40 12 20 9 31 34 55 24 57 49 16 29 15 27 7 58 33 38 7 73 25 40 70 15 22 58 21 31 29 20 2 23 25 10 4 
54 11 3 29 12 78 26 74 25 60 29 83 35 30 37 26 67 48 27 25 9 18 6 4 42 51 48 13 9 11 32 4 39 66 35 16 
55 64 8 13 25 53 59 8 40 56 13 65 15 62 50 26 8 44 36 57 60 69 9 2 10 79 17 46 61 17 17 2 17 9 35 
56 57 15 35 61 6 14 56 56 64 25 1 68 29 55 33 29 46 51 19 29 2 32 16 25 21 32 7 84 39 8 58 17 
57 19 56 15 16 10 26 53 6 2 28 77 61 10 8 30 78 8 68 55 17 24 26 38 48 7 6 40 2 39 26 4 
58 19 11 32 52 39 48 42 53 43 37 62 31 40 6 37 24 53 21 20 44 2 31 16 31 34 56 23 14 
59 9 44 47 3 67 55 44 76 32 23 71 19 21 29 38 73 4 14 1 7 9 21 24 13 45 
60 1 85 15 20 22 3 3 66 7 54 74 22 1 10 22 4 55 33 2 16 43 74 71 20 38 
61 56 24 34 27 23 57 39 17 34 5 7 15 32 51 39 55 12 28 11 42 81 41 
62 1 22 49 36 27 55 9 76 21 58 40 23 35 24 41 5 23 22 75 34 1 2 
63 7 38 3 17 20 76 4 45 14 17 21 2 78 20 32 48 52 39 45 24 37 1 
64 51 23 55 33 56 52 20 23 16 32 14 8 52 12 43 40 35 33 17 2 24 
65 76 23 32 55 39 8 51 21 79 3 8 18 21 4 30 21 1 28 72 35 37 
66 12 7 16 15 9 60 15 36 1 3 6 31 13 36 11 75 43 2 21 54 27 
67 80 8 9 2 4 59 25 8 31 54 12 19 12 4 67 67 78 45 36 19 19 
68 44 28 17 5 56 14 71 1 2 1 2 57 21 34 44 11 5 32 32 15 
69 15 77 18 3 20 77 45 38 25 36 30 7 28 33 51 48 39 55 38 37 
70 6 33 13 43 47 15 3 33 53 1 47 13 50 1 33 18 2 12 16 
71 15 17 17 23 26 68 36 59 23 13 4 16 30 16 46 13 6 60 21 
72 4 42 21 46 10 37 48 20 36 6 15 30 13 32 20 65 50 23 5 
73 29 38 9 52 39 50 81 46 8 19 44 20 53 15 59 3 6 73 73 
74 35 27 80 14 2 54 60 17 10 19 27 28 60 10 17 80 52 33 
75 49 14 26 25 15 34 11 12 22 66 12 27 49 12 21 62 
76 65 24 13 63 45 59 62 11 12 3 37 81 9 9 37 52 
77 69 15 69 34 11 3 57 19 20 13 10 44 27 10 16 
78 4 54 44 22 15 63 29 32 57 67 22 17 13 3 26 
79 9 33 21 4 52 49 22 65 15 40 50 55 32 39 
80 6 74 18 67 30 4 19 13 9 74 16 18 
81 22 42 29 73 49 4 13 76 38 61 
82 6 6 28 24 28 15 36 10 
83 28 54 36 48 1 6 21 7 
84 17 30 15 9 50 56 8 13 
85 17 60 14 8 
