28
27 26 26 25 25 24 23 22 21 19 19 18 18 17 17 15 15 15 14 14 13 11 10 7 6 6 4 3 
1 28 27 26 25 24 23 22 21 20 19 18 17 16 15 14 14 12 11 10 9 8 7 6 5 4 3 2 
2 28 26 25 24 23 22 21 20 19 18 17 16 15 14 13 12 11 11 9 8 7 6 5 4 3 1 
3 27 26 25 24 23 22 21 20 19 18 17 16 15 14 13 12 11 10 9 8 7 6 5 4 2 1 
4 26 25 24 23 22 21 20 19 18 17 16 15 14 13 12 11 10 9 8 7 6 5 2 3 1 
5 28 25 24 23 22 21 20 19 18 17 16 15 14 13 13 12 10 9 8 7 6 3 4 1 2 
6 27 26 23 22 21 20 19 18 17 16 15 14 13 13 11 10 9 8 7 3 4 2 5 1 
7 24 23 22 21 20 19 18 17 16 15 14 13 12 11 10 9 8 4 1 2 6 5 3 
8 23 22 21 21 21 19 19 18 17 14 13 12 11 10 9 1 4 7 5 6 2 3 
9 26 21 20 19 18 17 16 15 14 13 12 11 10 8 4 3 6 7 5 1 2 
10 25 21 19 19 16 15 15 13 12 12 11 9 3 7 6 5 1 4 8 
11 24 22 18 17 16 15 14 13 12 2 2 10 9 1 4 7 6 8 3 
12 23 22 20 18 17 15 14 8 9 10 1 7 5 10 3 11 4 2 
13 20 20 18 17 15 14 10 6 6 9 5 5 11 2 8 4 7 3 
14 18 18 16 15 1 1 12 9 4 6 11 3 5 2 8 7 13 
15 27 17 16 10 12 6 2 7 10 14 3 11 13 1 4 5 9 
16 20 19 18 7 4 3 10 11 6 2 14 9 15 5 1 
17 21 20 7 4 11 8 12 13 1 15 9 3 6 2 5 
18 8 6 9 2 12 14 13 3 4 16 14 5 11 1 7 
19 20 10 10 16 4 8 6 8 7 3 1 5 2 9 
20 2 4 13 12 19 9 13 17 7 1 16 5 3 6 
21 8 2 7 8 1 17 8 10 4 5 3 6 9 
22 23 5 12 11 3 2 1 6 4 8 7 
23 12 22 6 4 1 5 7 3 8 2 
24 11 3 2 1 5 7 4 
25 1 10 5 2 3 4 
26 1 6 3 2 9 4 
27 15 6 3 1 
28 1 5 2 
