92
91 85 85 83 82 82 82 82 81 79 79 76 75 75 74 74 72 71 69 68 68 68 66 66 65 64 64 64 63 62 62 61 60 60 60 60 59 55 55 54 53 52 51 50 50 48 47 46 46 46 46 46 44 42 41 41 40 39 39 37 34 31 31 30 29 27 25 25 25 23 22 21 21 20 19 14 13 13 12 12 9 9 8 8 8 7 7 5 4 4 2 1 0 
1 92 91 90 89 88 87 86 85 85 84 84 84 84 84 84 84 
2 90 
3 89 88 85 
4 87 
5 87 86 
6 90 
7 86 
11 86 85 
13 87 86 
17 87 
26 90 
27 87 
31 88 
41 86 
45 89 
46 87 
50 91 
51 85 
54 86 
57 85 
59 88 
68 88 
73 85 
74 89 85 
84 1 1 1 1 1 1 1 
85 74 11 73 57 3 51 1 1 
86 13 41 5 54 11 7 1 
87 5 27 17 13 4 46 1 
88 68 3 59 31 1 
89 45 74 3 1 
90 26 2 6 1 
91 50 1 
92 1 
