82
79 76 75 75 75 74 74 72 71 69 68 67 65 64 63 63 61 60 58 56 56 55 54 53 51 51 51 49 49 49 46 44 43 43 41 40 39 39 38 38 38 35 34 34 34 31 31 30 30 30 28 27 27 27 27 27 26 26 25 22 21 21 21 20 19 16 14 14 13 12 9 9 8 8 6 5 5 5 3 2 1 1 
1 29 25 28 34 21 60 9 45 20 21 36 8 4 43 41 26 56 42 19 74 2 32 61 10 56 17 16 22 12 7 23 8 32 16 15 15 46 48 36 43 13 6 15 21 49 20 17 4 18 3 31 4 2 29 12 49 39 24 50 8 60 20 18 33 43 3 7 34 5 40 46 58 32 4 42 31 12 49 16 
2 10 55 37 43 3 78 22 20 7 21 26 42 17 32 39 57 3 44 23 52 1 17 59 30 28 19 21 30 23 9 14 30 16 14 8 57 58 24 30 30 11 6 24 20 40 44 39 33 13 48 40 33 23 43 5 1 55 18 15 4 42 35 38 7 13 18 28 4 45 58 8 6 35 12 14 33 
3 35 55 63 66 21 2 41 47 31 29 42 18 41 15 13 36 28 6 57 20 11 54 2 39 56 12 52 25 10 33 45 63 26 25 33 48 11 4 18 10 6 28 14 9 15 15 8 34 12 1 59 70 12 39 8 44 19 32 74 15 21 51 57 7 1 8 20 20 54 74 51 56 6 40 60 
4 42 7 9 35 59 7 16 41 63 19 1 65 37 21 47 9 20 53 60 18 45 33 6 7 30 35 14 6 16 3 52 23 17 37 6 37 14 22 24 1 25 54 4 4 5 25 10 1 42 30 6 21 45 12 24 21 2 19 18 44 21 39 20 2 48 24 67 14 11 5 59 1 27 36 32 
5 66 41 19 15 12 18 11 12 19 45 68 23 23 58 30 20 41 36 16 38 46 33 41 56 10 31 52 47 32 7 6 6 31 34 10 44 7 26 57 13 51 35 47 11 28 36 23 10 51 15 35 38 8 45 4 2 6 66 56 14 18 8 27 58 61 24 45 9 61 1 36 4 10 24 31 
6 43 30 29 34 49 66 25 10 71 3 26 7 33 53 36 11 8 19 54 41 14 4 24 31 5 5 4 56 64 52 37 7 53 9 61 4 3 1 43 2 16 16 15 31 79 62 14 38 24 71 7 13 5 8 4 22 37 56 10 60 16 26 10 53 18 23 23 33 63 12 38 3 2 13 
7 4 51 11 12 4 2 13 33 50 59 6 26 69 46 9 39 23 7 7 25 22 29 5 65 21 4 27 15 19 53 5 11 1 59 6 7 7 22 8 12 48 43 22 52 31 61 26 48 13 6 12 53 27 21 50 20 26 10 76 47 11 2 35 58 3 1 51 13 41 41 37 14 42 27 
8 14 67 24 16 11 25 1 15 47 70 39 44 48 42 6 46 9 27 18 26 12 54 20 35 28 36 23 16 13 1 39 43 21 2 45 38 59 7 41 29 48 3 43 61 22 38 5 67 24 25 53 77 3 46 6 35 29 25 57 33 50 1 5 52 3 73 40 13 2 46 49 33 
9 48 19 35 16 4 39 71 16 15 25 18 26 1 32 40 27 22 4 7 37 40 8 52 33 18 59 35 26 32 22 58 16 2 13 6 71 15 11 13 36 23 3 30 9 9 45 9 9 62 15 17 14 27 62 26 28 43 44 68 31 34 12 12 5 11 32 15 23 16 44 36 
10 75 11 2 46 68 40 41 32 21 43 32 6 47 22 22 54 13 24 14 40 5 3 12 53 1 25 5 41 37 46 11 33 14 18 19 22 49 3 5 19 28 38 78 23 17 10 10 42 4 35 18 44 25 6 18 7 47 47 53 6 28 19 68 18 28 30 61 5 35 
11 24 54 10 34 14 38 7 13 61 5 8 25 3 17 57 14 6 48 21 23 65 38 13 48 14 56 11 11 17 21 56 7 10 70 35 3 46 5 75 9 2 26 41 11 11 53 72 63 48 32 32 11 11 29 16 20 60 18 7 53 23 28 34 62 46 9 25 4 
12 24 5 17 7 80 51 28 5 61 43 46 32 29 49 70 3 16 74 10 49 8 14 50 32 31 53 1 14 29 60 46 19 13 7 29 19 24 13 25 23 29 7 3 3 34 25 1 4 29 18 26 50 9 42 33 9 22 26 6 39 48 39 50 12 12 1 2 
13 29 70 50 54 11 31 60 44 23 7 3 37 17 10 22 38 36 13 13 78 11 46 27 18 15 8 5 22 71 9 12 40 1 9 72 27 34 43 20 45 12 7 2 6 73 18 25 29 69 16 55 2 18 29 7 29 8 37 52 51 76 30 18 6 53 
14 43 8 29 24 11 35 29 25 65 55 23 34 40 68 58 29 73 35 30 11 10 6 16 27 59 19 12 38 11 4 12 2 34 16 10 27 2 52 3 4 50 33 6 22 17 9 76 37 16 21 69 15 21 5 57 45 30 46 50 4 66 7 24 2 
15 37 5 32 9 61 16 34 3 8 65 56 42 26 35 29 15 15 18 19 7 30 13 20 24 1 1 32 9 19 25 1 6 5 3 51 3 39 44 9 52 22 46 22 15 15 40 14 3 2 17 53 31 27 33 56 45 51 9 41 54 23 66 50 
16 9 40 73 25 9 23 4 15 19 8 40 5 46 30 28 41 46 21 12 19 14 20 38 49 56 4 1 9 8 1 14 71 20 32 2 34 32 6 6 31 33 20 57 46 42 45 40 66 18 14 11 6 24 20 62 13 29 23 49 25 9 1 23 
17 44 19 66 21 27 28 36 41 20 47 12 71 39 31 22 2 39 11 13 56 32 59 55 2 25 32 36 51 33 40 11 1 41 45 32 4 72 49 18 42 22 24 1 9 14 10 46 21 27 37 19 45 34 15 52 64 22 24 68 37 41 
18 67 9 5 25 22 3 62 31 22 62 47 58 28 4 43 8 62 9 32 13 15 33 41 39 10 3 19 63 17 36 1 64 53 10 16 13 50 10 65 2 12 11 57 5 58 6 4 1 22 28 13 2 72 31 10 62 27 13 28 36 
19 79 63 46 9 17 5 51 35 34 16 54 21 26 5 4 63 48 1 6 16 30 61 14 2 45 45 15 7 49 61 44 23 10 12 18 15 33 12 32 56 10 34 30 20 31 28 34 3 17 4 56 57 38 51 20 10 67 58 
20 26 64 54 50 17 51 67 2 23 24 1 27 38 3 41 5 63 4 32 31 58 52 16 8 81 15 16 20 20 22 47 13 2 19 1 16 48 70 38 23 44 11 22 7 16 60 26 1 29 4 19 3 3 36 34 30 
21 17 55 3 41 25 1 71 24 19 10 41 1 2 62 25 23 24 4 36 11 16 55 32 7 2 11 72 24 23 8 50 27 1 28 22 26 17 7 44 47 67 38 4 42 14 4 14 3 4 65 51 68 35 46 42 50 
22 39 34 2 18 28 33 10 17 9 10 18 65 13 32 77 7 9 69 30 1 13 35 10 20 7 70 7 17 4 37 8 21 15 14 26 56 6 15 63 20 54 29 45 26 18 28 12 34 61 29 17 29 24 41 31 
23 14 16 13 20 61 5 5 21 7 11 2 39 2 37 8 1 21 19 33 4 24 38 5 62 9 12 30 25 10 42 40 23 23 2 39 20 36 26 42 26 23 23 6 27 6 16 11 38 64 26 9 15 26 16 
24 11 14 27 12 8 43 21 20 60 44 21 34 57 10 80 6 37 21 60 15 55 69 2 72 40 23 65 12 2 17 4 6 8 75 4 16 1 30 55 63 57 29 5 29 4 65 17 30 22 55 14 45 5 
25 40 47 1 14 21 16 9 58 18 29 11 6 8 27 34 21 36 3 48 7 17 10 50 3 34 27 43 55 15 12 4 8 23 4 44 29 34 12 10 62 13 8 78 35 28 27 70 11 16 26 48 
26 20 56 42 26 26 9 37 19 37 6 73 2 1 7 55 59 15 8 48 9 5 3 68 55 35 39 33 11 7 21 36 64 9 22 23 31 7 6 54 23 35 12 20 22 45 51 12 23 25 51 23 
27 24 17 60 31 61 20 25 9 41 64 54 41 33 8 14 30 53 7 13 75 39 62 14 25 13 70 38 21 34 50 9 7 17 32 44 60 63 40 5 23 47 25 15 32 18 55 29 4 58 7 37 
28 17 35 1 30 12 31 46 22 47 53 3 43 60 16 34 18 32 38 2 8 61 49 5 55 3 59 30 10 21 19 32 9 59 58 29 36 66 39 25 64 18 22 10 2 11 40 10 43 18 
29 13 1 14 6 14 25 3 36 14 37 40 12 30 43 79 63 7 34 67 15 52 35 37 77 12 12 65 8 12 34 25 41 1 8 11 22 13 12 28 16 20 24 24 13 13 22 22 27 33 
30 40 6 47 28 47 68 36 14 5 44 29 32 16 33 37 56 19 27 22 2 2 38 4 15 58 33 2 33 45 2 2 28 19 9 23 34 31 4 45 62 24 14 47 10 24 40 20 43 13 
31 51 55 13 27 17 3 42 28 33 45 18 62 20 36 5 47 67 63 6 5 12 64 38 32 60 54 16 7 6 19 48 35 38 1 30 26 68 39 9 15 18 61 1 5 22 64 
32 15 10 9 10 12 34 43 55 2 30 20 17 22 17 5 1 9 18 21 28 55 50 33 12 56 1 16 31 15 17 19 16 47 27 28 11 11 3 42 27 1 42 9 4 
33 38 52 22 39 7 31 6 5 30 27 9 4 3 32 17 18 30 3 10 30 23 19 68 14 26 58 64 16 2 2 59 36 40 8 1 6 33 33 12 15 29 8 2 
34 11 6 1 22 14 19 15 32 38 25 54 24 28 29 43 53 5 25 14 42 16 13 42 19 3 27 30 29 19 25 12 65 59 40 17 9 11 1 22 20 43 45 51 
35 3 9 14 44 28 4 19 66 37 14 36 15 40 9 8 29 43 4 49 11 5 22 26 67 5 57 31 10 49 55 8 26 25 2 7 58 38 2 21 10 44 
36 17 40 29 1 3 44 68 30 41 6 5 21 35 13 31 25 59 49 17 8 1 5 37 9 18 72 72 26 52 23 33 52 28 39 20 44 5 4 9 18 
37 59 15 47 54 2 48 26 38 29 26 35 13 4 9 30 29 24 41 53 10 23 54 6 4 48 36 4 22 54 17 14 6 77 55 57 7 13 27 17 
38 57 11 42 33 38 38 37 34 20 5 13 47 63 16 11 28 14 30 39 52 31 8 44 23 27 10 5 8 6 45 31 20 21 2 55 19 23 6 35 
39 44 75 9 22 48 17 33 43 46 17 49 8 2 3 7 23 38 8 27 18 50 26 15 2 3 23 41 82 1 62 31 28 4 36 71 12 62 12 
40 30 25 16 10 69 36 14 29 9 66 16 9 10 42 35 64 17 62 57 67 62 13 24 2 16 23 63 2 33 15 34 27 28 8 1 30 3 41 
41 56 5 73 21 17 3 10 4 21 3 1 36 20 5 27 16 27 5 6 67 37 10 75 17 18 48 8 11 29 39 49 7 7 22 15 40 17 53 
42 4 38 26 3 31 44 2 1 8 15 40 66 58 34 34 17 16 52 54 23 10 4 23 21 65 51 2 53 12 32 56 32 1 7 21 
43 14 6 48 2 49 24 10 12 39 32 1 28 29 18 34 35 56 8 1 54 25 6 13 7 8 2 63 9 1 47 28 34 54 30 
44 39 17 35 44 44 13 42 36 24 30 8 2 5 19 53 47 38 49 2 51 15 25 21 3 20 10 27 9 4 65 36 51 9 35 
45 53 65 52 1 5 48 31 4 3 60 19 19 70 17 30 8 13 9 5 16 38 57 53 17 30 4 22 14 26 5 2 15 34 24 
46 19 10 28 58 12 50 39 7 5 16 16 8 13 60 10 1 12 11 16 17 8 15 69 46 46 51 14 11 1 8 21 
47 25 37 17 3 30 28 30 10 8 55 4 18 38 31 5 62 65 5 44 20 50 32 21 52 10 7 10 27 30 43 49 
48 9 43 37 39 45 19 8 11 25 26 11 3 1 7 41 37 8 31 7 20 49 2 11 48 48 56 4 12 67 25 
49 6 43 61 12 39 36 12 16 19 35 70 28 10 58 17 44 1 55 48 35 65 64 57 1 41 16 74 8 1 47 
50 55 13 20 56 46 7 64 59 12 32 69 25 39 21 14 54 27 47 53 66 18 7 8 1 54 12 14 12 15 21 
51 31 7 19 20 59 12 65 78 17 5 5 15 44 42 3 46 59 19 26 7 55 21 44 3 15 13 34 26 
52 69 33 57 45 3 9 5 2 20 29 63 38 6 4 14 7 65 15 42 36 36 47 17 8 60 54 13 
53 45 28 6 4 10 27 34 37 7 12 6 60 44 18 11 7 8 50 45 66 10 6 11 42 15 13 41 
54 11 37 20 13 19 3 34 10 27 6 8 37 43 31 66 50 4 42 37 22 26 50 66 3 52 43 15 
55 2 50 3 21 31 14 32 47 26 17 21 32 26 24 25 28 49 35 2 24 13 38 37 64 51 27 24 
56 41 26 50 15 1 64 17 3 5 30 1 43 11 32 16 6 57 11 19 22 5 6 19 48 15 42 3 
57 38 52 3 11 2 64 24 64 56 5 40 2 59 16 35 45 49 8 18 14 24 58 19 3 37 58 
58 25 14 46 5 60 20 18 9 30 42 2 49 33 64 63 28 18 5 57 35 7 1 57 2 27 19 
59 37 69 4 51 7 50 17 26 36 9 2 14 59 59 7 8 57 28 3 33 28 34 51 69 4 
60 73 27 1 13 24 28 4 58 45 46 24 69 12 53 31 6 11 27 20 1 52 3 
61 11 15 27 12 49 23 19 1 70 28 19 69 6 8 7 5 76 5 22 31 10 
62 64 21 18 31 18 18 47 40 27 40 23 6 9 9 25 39 30 16 11 18 39 
63 19 3 4 72 19 20 29 38 31 52 3 18 58 40 11 43 22 24 27 6 68 
64 20 62 50 56 57 27 57 40 31 6 33 18 58 26 49 28 55 17 23 31 
65 14 45 51 15 4 22 11 7 47 24 29 52 49 34 18 42 21 44 24 
66 5 17 3 35 6 40 42 54 16 50 5 53 28 54 14 15 
67 18 8 20 41 31 29 40 35 8 74 21 4 48 19 
68 10 14 36 5 30 26 33 76 9 31 10 21 17 63 
69 52 59 40 7 22 50 60 61 24 14 46 13 59 
70 13 8 12 45 61 11 49 22 27 20 3 25 
71 17 9 21 6 13 16 9 6 39 
72 63 21 17 24 13 36 36 11 18 
73 60 41 16 14 26 74 13 8 
74 1 12 73 67 3 77 3 49 
75 10 39 27 41 11 24 
76 68 14 7 61 13 
77 22 29 8 74 37 
78 2 51 13 10 25 
79 19 29 6 
80 12 24 
81 20 
82 39 
