86
84 82 82 81 80 79 78 77 76 76 75 74 73 72 71 70 70 69 68 68 66 65 63 62 61 61 60 60 58 58 58 58 57 56 56 53 52 52 50 50 48 48 48 47 46 45 44 44 41 41 40 39 37 37 37 36 35 34 34 32 32 30 29 29 28 28 27 25 24 23 21 21 20 17 17 15 15 11 11 10 9 9 8 7 4 4 
1 3 2 4 5 6 7 8 10 9 11 12 13 14 15 17 16 18 20 19 21 22 23 24 26 25 28 27 32 31 30 29 33 35 34 36 38 37 40 39 43 42 41 44 45 46 48 47 50 49 51 52 55 54 53 56 57 59 58 61 60 62 64 63 66 65 67 68 69 70 72 71 73 75 74 77 76 79 78 80 82 81 83 84 86 
2 1 
3 1 
4 1 
5 1 
6 1 
7 1 
8 1 
9 1 
10 1 
11 1 
12 1 
13 1 
14 1 
15 1 
16 1 
17 1 
18 1 
19 1 
20 1 
21 1 
22 1 
23 1 
24 1 
25 1 
26 1 
27 1 
28 1 
29 1 
30 1 
31 1 
32 1 
33 1 
34 1 
35 1 
36 1 
37 1 
38 1 
39 1 
40 1 
41 1 
42 1 
43 1 
44 1 
45 1 
46 1 
47 1 
48 1 
49 1 
50 1 
51 1 
52 1 
53 1 
54 1 
55 1 
56 1 
57 1 
58 1 
59 1 
60 1 
61 1 
62 1 
63 1 
64 1 
65 1 
66 1 
67 1 
68 1 
69 1 
70 1 
71 1 
72 1 
73 1 
74 1 
75 1 
76 1 
77 1 
78 1 
79 1 
80 1 
81 1 
82 1 
83 1 
84 1 
86 1 
