83
82 81 80 79 77 76 74 73 73 69 69 69 66 65 64 64 64 63 62 62 61 61 60 59 56 54 54 52 52 50 49 48 47 47 46 46 45 44 43 43 43 42 41 41 39 39 37 37 36 35 35 33 32 32 28 27 26 25 22 22 21 20 18 17 17 17 16 16 16 14 12 12 11 10 10 8 8 8 7 5 3 2 1 
1 2 3 4 5 6 7 9 8 12 11 10 13 14 17 16 15 18 20 19 22 21 23 24 25 27 26 29 28 30 31 32 34 33 36 35 37 38 41 40 39 42 44 43 46 45 48 47 49 51 50 52 54 53 55 56 57 58 60 59 61 62 63 66 65 64 69 68 67 70 72 71 73 75 74 78 77 76 79 80 81 82 83 
2 1 
3 1 
4 1 
5 1 
6 1 
7 1 
8 1 
9 1 
10 1 
11 1 
12 1 
13 1 
14 1 
15 1 
16 1 
17 1 
18 1 
19 1 
20 1 
21 1 
22 1 
23 1 
24 1 
25 1 
26 1 
27 1 
28 1 
29 1 
30 1 
31 1 
32 1 
33 1 
34 1 
35 1 
36 1 
37 1 
38 1 
39 1 
40 1 
41 1 
42 1 
43 1 
44 1 
45 1 
46 1 
47 1 
48 1 
49 1 
50 1 
51 1 
52 1 
53 1 
54 1 
55 1 
56 1 
57 1 
58 1 
59 1 
60 1 
61 1 
62 1 
63 1 
64 1 
65 1 
66 1 
67 1 
68 1 
69 1 
70 1 
71 1 
72 1 
73 1 
74 1 
75 1 
76 1 
77 1 
78 1 
79 1 
80 1 
81 1 
82 1 
83 1 
