84
83 77 76 76 76 76 76 74 73 72 72 70 70 69 69 69 68 68 67 67 66 65 64 63 63 63 61 61 60 60 56 54 54 52 52 51 49 47 46 44 44 44 44 43 43 42 42 41 41 39 37 36 35 35 34 32 31 28 25 25 22 22 22 21 21 21 21 20 20 19 19 19 19 18 16 16 15 15 14 12 10 8 8 8 4 0 0 0 
1 2 7 6 5 4 3 8 9 11 10 13 12 16 15 14 18 17 20 19 21 22 23 26 25 24 28 27 30 29 31 33 32 35 34 36 37 38 39 43 42 41 40 45 44 47 46 49 48 50 51 52 54 53 55 56 57 58 60 59 63 62 61 67 66 65 64 69 68 73 72 71 70 74 76 75 78 77 79 80 81 84 83 82 
2 1 
3 1 
4 1 
5 1 
6 1 
7 1 
8 1 
9 1 
10 1 
11 1 
12 1 
13 1 
14 1 
15 1 
16 1 
17 1 
18 1 
19 1 
20 1 
21 1 
22 1 
23 1 
24 1 
25 1 
26 1 
27 1 
28 1 
29 1 
30 1 
31 1 
32 1 
33 1 
34 1 
35 1 
36 1 
37 1 
38 1 
39 1 
40 1 
41 1 
42 1 
43 1 
44 1 
45 1 
46 1 
47 1 
48 1 
49 1 
50 1 
51 1 
52 1 
53 1 
54 1 
55 1 
56 1 
57 1 
58 1 
59 1 
60 1 
61 1 
62 1 
63 1 
64 1 
65 1 
66 1 
67 1 
68 1 
69 1 
70 1 
71 1 
72 1 
73 1 
74 1 
75 1 
76 1 
77 1 
78 1 
79 1 
80 1 
81 1 
82 1 
83 1 
84 1 
