97
94 94 93 92 89 87 86 85 84 83 83 83 82 82 81 81 80 79 78 75 73 72 72 71 71 70 67 67 65 62 61 60 60 60 59 59 59 58 55 55 55 54 54 53 53 53 52 51 50 48 48 47 46 45 44 43 42 42 42 39 39 39 38 38 38 38 37 35 34 34 30 28 28 26 25 24 21 21 20 19 19 18 18 16 15 13 13 11 7 7 6 5 5 5 3 3 2 
1 62 8 93 32 9 29 62 6 56 14 63 16 63 5 37 44 15 70 22 31 39 30 80 56 18 66 2 16 40 52 64 38 18 70 30 19 13 64 42 82 24 20 49 54 24 3 46 11 29 39 8 5 82 45 34 77 6 40 64 6 6 74 25 59 28 24 16 7 44 14 12 21 26 9 7 7 5 49 51 81 76 21 5 20 26 34 13 7 38 86 31 27 59 25 
2 15 24 5 23 80 47 3 17 42 50 83 65 3 56 17 86 30 5 19 33 58 1 7 78 54 11 14 14 3 5 2 2 38 41 21 34 23 7 33 4 36 27 14 47 45 22 25 37 70 15 15 49 10 34 42 3 51 14 53 37 30 82 69 3 22 26 46 33 30 59 42 21 58 27 29 59 7 26 66 24 69 28 9 60 64 47 8 38 6 45 43 30 11 37 
3 14 85 10 2 14 39 39 5 48 39 2 12 41 62 78 5 5 68 14 64 51 5 7 26 74 8 2 13 11 46 9 61 16 63 24 46 31 13 44 4 32 1 86 72 2 62 15 24 7 25 46 48 86 68 73 11 43 9 43 37 19 2 56 18 24 19 25 22 71 57 19 30 48 50 38 39 14 32 42 14 51 79 6 10 24 24 7 19 39 20 60 41 7 
4 34 20 64 37 24 24 9 42 7 6 22 40 8 10 9 7 28 75 7 50 83 60 41 90 14 62 57 58 44 18 29 2 46 41 8 91 3 20 15 8 60 29 7 35 34 14 28 27 49 17 23 45 61 59 31 47 65 22 63 9 16 68 20 26 54 54 22 37 90 47 56 60 41 28 70 70 35 76 42 91 5 14 13 17 71 66 9 33 54 11 29 60 
5 65 71 2 70 55 8 14 59 18 32 67 33 3 1 23 46 23 50 3 3 25 9 20 2 3 11 90 42 49 8 2 72 43 23 7 44 5 5 37 17 78 55 15 36 6 7 50 48 13 8 21 55 7 20 30 59 33 75 19 43 1 17 30 37 26 60 5 5 22 36 29 69 1 19 15 49 24 1 17 16 41 4 12 26 39 12 57 70 26 
6 27 28 1 9 10 4 11 12 58 33 14 69 59 36 44 68 80 13 82 62 78 30 46 68 52 24 5 15 74 60 73 25 9 32 22 41 42 18 35 12 50 64 40 7 26 33 43 11 25 45 52 6 6 29 1 85 30 1 1 64 44 40 26 66 13 52 18 7 62 70 25 39 53 66 15 62 38 3 62 2 32 24 12 30 13 35 68 
7 35 17 41 84 4 24 59 87 58 50 36 15 10 74 38 4 74 42 71 4 48 2 3 90 8 19 89 5 25 2 11 15 5 47 24 76 63 8 52 16 43 5 3 11 50 4 74 65 6 16 47 19 19 16 27 12 47 41 66 21 18 1 60 6 28 1 1 2 54 80 57 41 32 24 21 20 10 16 1 43 67 3 34 44 8 3 
8 1 15 5 10 12 36 15 58 56 4 59 81 52 71 7 57 77 26 3 5 29 30 23 23 9 11 67 89 40 33 64 13 4 5 7 83 50 13 36 17 25 4 58 67 32 37 25 78 79 1 86 29 23 41 60 22 60 35 57 50 73 37 56 75 36 85 24 80 45 81 44 12 11 36 17 58 2 94 70 54 17 20 28 46 7 
9 75 49 40 54 1 23 4 10 6 33 46 56 40 17 4 58 5 57 53 55 63 10 74 52 56 27 43 47 45 50 10 20 3 8 44 13 69 31 53 47 42 14 6 10 27 11 36 61 68 51 87 19 12 52 35 3 55 40 36 4 83 36 46 10 1 65 25 14 27 35 49 20 2 34 44 26 21 63 4 65 31 12 50 67 
10 54 35 3 9 8 15 17 37 6 15 22 55 34 7 11 4 13 25 16 9 39 24 32 30 9 23 16 19 32 69 18 40 37 32 2 18 9 43 32 80 74 15 11 35 52 72 14 18 10 10 36 22 61 55 83 75 19 9 28 16 64 29 62 54 45 26 22 93 24 55 3 67 12 14 7 22 72 31 29 64 31 57 71 
11 56 49 48 39 39 6 24 37 10 47 48 18 66 61 17 13 19 5 15 60 28 37 27 2 51 42 45 41 14 3 58 11 11 8 75 86 18 7 12 53 53 59 14 9 1 32 7 70 57 42 25 17 35 13 34 6 10 42 3 64 12 33 33 23 48 46 33 66 38 14 18 79 20 28 8 31 54 17 14 13 2 30 4 
12 74 54 28 75 76 50 19 35 25 8 40 3 6 26 42 69 20 32 14 87 77 16 24 17 45 20 19 21 86 70 11 30 27 23 66 50 58 6 9 17 63 48 51 35 21 11 80 87 7 69 13 18 30 1 49 82 39 13 73 26 49 82 53 8 17 68 30 15 47 21 10 43 5 19 56 18 5 87 6 9 12 12 85 
13 54 83 41 46 17 16 67 51 38 35 40 47 21 10 27 37 31 39 67 11 18 6 22 3 35 44 63 1 40 18 49 9 70 63 8 5 38 59 70 3 32 70 8 48 22 14 39 17 59 32 84 11 18 53 76 13 13 38 12 38 16 6 63 76 20 57 30 61 36 59 12 74 14 54 33 1 4 88 32 36 11 6 
14 22 50 23 3 5 16 37 61 3 1 52 38 6 44 73 3 53 4 12 2 2 21 61 11 35 68 16 83 88 21 29 2 42 18 72 9 63 33 11 84 13 44 34 2 4 18 44 65 19 10 89 25 23 15 1 60 67 11 77 13 3 9 57 23 3 38 45 19 57 87 53 10 34 4 11 27 27 58 60 15 31 41 
15 2 69 8 39 29 31 53 10 21 38 73 10 8 7 63 52 92 46 1 44 29 11 60 31 28 49 17 57 57 47 45 58 5 28 41 96 68 42 7 6 36 22 31 27 28 60 2 40 2 52 4 47 3 10 15 15 23 52 28 70 42 36 33 59 14 51 5 75 89 49 48 17 58 6 53 12 74 27 68 43 14 
16 67 24 14 82 31 13 34 23 74 77 1 65 47 76 82 35 66 58 53 75 1 34 10 43 79 60 36 37 12 26 14 10 30 25 34 3 66 57 37 54 83 60 77 64 59 35 7 21 7 61 26 40 7 42 90 13 61 54 1 4 20 45 33 42 10 45 42 73 21 79 27 5 20 30 7 37 43 40 68 72 43 
17 7 13 2 41 10 18 49 40 9 50 22 70 2 47 18 46 45 11 23 39 15 70 75 79 54 24 5 12 72 28 37 31 8 63 24 13 68 32 12 28 11 26 48 4 5 59 22 52 40 51 71 34 57 18 36 49 87 55 24 72 56 15 33 12 5 8 68 61 42 11 58 4 76 17 17 34 8 60 19 59 
18 75 50 5 51 91 17 48 17 93 42 11 52 22 1 72 13 18 18 47 20 69 44 1 31 57 4 62 13 34 11 34 51 37 14 26 93 81 57 10 44 10 56 21 25 6 68 14 39 13 39 45 3 10 72 12 59 7 6 40 41 35 17 26 48 33 73 23 69 39 11 32 31 68 28 55 12 63 54 32 
19 66 27 12 69 22 27 24 84 55 37 65 2 11 54 7 43 22 76 1 69 36 19 19 20 49 19 19 12 76 10 27 71 63 85 37 49 55 9 52 25 20 40 5 14 43 49 31 3 7 7 67 51 3 26 33 52 3 61 67 51 10 73 5 29 67 31 24 14 80 23 20 12 46 27 73 22 3 17 
20 45 4 32 43 49 26 65 59 48 5 12 60 43 18 51 82 76 71 46 78 19 9 21 33 12 1 67 45 34 4 25 28 5 61 52 23 53 19 38 23 42 25 47 41 42 27 38 16 4 13 30 22 25 78 44 11 9 1 61 7 36 28 19 16 27 41 44 46 63 8 3 23 46 29 35 
21 76 50 22 69 41 52 46 32 71 43 46 15 47 62 33 62 13 32 31 81 23 79 14 2 44 40 14 54 20 38 23 12 87 29 69 5 75 26 25 16 18 58 80 74 31 60 81 12 70 34 76 2 36 24 44 7 37 1 38 42 53 16 51 1 7 57 57 56 12 9 37 71 24 
22 14 21 25 52 51 73 10 32 65 4 53 19 17 67 38 32 1 61 18 31 25 55 13 54 34 19 57 30 42 49 73 2 42 15 46 32 66 44 66 13 6 32 38 67 32 8 2 17 4 53 10 3 84 30 5 28 57 4 20 64 28 10 24 62 37 10 19 64 74 35 29 63 
23 77 14 2 9 85 57 16 56 39 5 62 5 25 23 23 21 17 62 78 63 46 28 5 8 2 10 8 79 37 43 21 29 12 53 77 25 37 20 41 53 15 4 8 61 20 48 55 83 79 11 73 79 92 26 48 14 91 46 41 18 65 69 76 65 29 14 38 19 61 40 49 20 
24 2 4 60 4 92 16 7 69 71 11 45 71 29 32 19 77 49 35 44 60 10 17 74 12 43 36 6 55 1 49 7 3 68 26 43 1 56 77 77 56 84 17 3 55 30 52 32 33 39 3 21 27 1 84 17 8 2 22 5 7 63 10 19 75 3 48 3 6 45 31 21 
25 44 30 31 22 12 45 46 85 40 5 23 10 35 39 55 58 22 46 90 7 27 16 2 82 58 47 43 6 40 64 46 20 8 23 38 21 61 18 51 3 96 40 48 11 8 44 19 6 83 44 55 1 20 46 14 3 28 20 6 9 58 37 84 84 66 46 39 25 25 38 1 
26 52 58 12 36 49 20 48 65 54 72 3 8 56 73 49 16 45 34 40 24 18 55 26 26 32 42 66 21 85 6 45 17 77 16 48 2 56 66 5 53 6 19 23 32 68 43 4 18 1 60 67 2 10 88 30 36 12 1 40 67 50 64 27 46 47 9 5 35 5 38 
27 94 72 6 60 51 19 64 19 93 31 13 58 40 30 28 56 11 9 61 37 73 25 33 2 15 12 46 27 27 19 9 30 27 27 34 4 28 34 30 54 7 87 43 45 82 47 55 24 20 2 43 53 9 86 60 16 40 55 26 20 15 19 31 14 45 14 1 
28 29 45 45 65 35 37 6 12 38 35 4 81 52 27 11 15 66 39 23 52 35 15 28 28 76 15 17 55 35 79 68 20 48 29 84 52 4 31 27 17 28 28 45 32 15 41 1 25 57 22 7 71 10 37 75 37 38 66 22 4 2 11 18 20 66 33 8 
29 28 62 1 15 38 63 24 39 15 59 8 69 65 36 4 57 61 14 50 75 57 32 21 23 46 78 72 58 31 47 4 28 72 1 47 44 8 62 6 57 50 50 40 37 2 5 43 10 19 32 39 23 73 59 30 88 52 40 34 22 10 55 59 20 4 
30 59 25 71 49 55 39 1 2 55 27 32 58 1 8 10 22 6 97 16 66 84 30 30 46 12 36 58 81 27 5 81 81 24 34 54 2 6 27 39 5 2 66 22 38 3 12 48 20 13 67 26 31 37 29 12 16 76 2 38 11 76 6 
31 45 25 15 67 16 56 48 37 40 51 27 97 21 50 1 13 22 33 36 15 51 65 53 46 40 32 18 58 39 41 9 15 49 3 17 29 28 43 21 60 19 4 41 48 92 30 62 19 18 62 11 57 66 10 27 9 1 10 24 35 14 
32 62 34 38 1 20 5 21 75 22 76 41 24 21 22 52 12 30 36 83 10 31 29 47 34 10 51 22 13 46 3 10 26 6 10 11 22 8 48 63 17 13 22 24 28 78 26 80 36 29 7 3 18 49 78 66 50 6 13 18 41 
33 54 9 5 68 83 21 6 68 56 49 36 57 31 38 2 73 51 50 46 2 27 20 8 39 67 14 77 64 5 33 33 6 24 11 50 11 2 56 81 19 15 58 70 16 45 50 76 18 11 13 58 17 40 47 28 56 4 39 62 36 
34 4 42 32 46 43 16 10 41 69 39 59 16 50 45 59 22 64 34 34 2 46 18 16 18 26 32 44 20 2 55 70 14 4 27 51 42 71 11 27 30 1 74 34 34 21 44 17 63 76 37 88 38 9 1 58 14 29 17 7 53 
35 7 56 10 65 28 40 12 35 35 65 28 42 13 58 16 25 40 37 88 69 55 24 13 56 37 14 44 28 79 43 28 36 16 65 71 6 4 9 12 11 10 75 8 18 64 74 9 62 38 4 53 66 37 22 61 26 6 31 20 
36 45 38 7 8 45 26 48 64 70 36 36 33 31 6 32 66 42 16 24 19 29 2 5 15 64 84 30 35 8 9 73 42 9 50 62 70 21 10 15 65 9 32 5 17 54 8 13 94 63 48 26 50 8 20 58 65 13 71 33 
37 40 4 28 46 14 10 31 11 1 43 13 19 54 35 44 11 35 5 16 27 23 64 16 18 2 69 17 80 95 10 23 19 70 50 8 2 3 56 5 29 8 21 28 4 28 34 41 25 41 22 30 90 40 70 16 35 21 72 2 
38 32 54 48 28 36 15 42 88 29 13 7 14 22 33 72 1 67 67 2 21 38 38 40 41 13 82 69 64 56 25 22 64 96 20 13 13 20 30 39 21 11 28 3 73 62 34 23 60 14 35 6 2 25 61 1 30 89 26 
39 15 46 11 11 3 3 42 3 23 78 29 55 30 1 25 13 34 17 10 28 61 55 31 33 43 13 50 1 52 18 18 43 30 50 24 39 39 64 47 51 38 12 86 72 3 29 18 6 25 48 5 51 3 59 33 
40 9 37 35 77 12 9 4 17 31 13 25 52 27 35 1 31 69 21 13 59 8 66 38 26 41 25 15 10 43 71 50 25 6 69 19 16 1 9 45 80 6 29 17 18 53 53 26 27 64 33 37 29 48 16 23 
41 13 7 43 21 17 59 34 3 32 83 4 65 11 2 15 66 46 43 31 4 38 58 40 48 6 69 23 48 8 68 28 31 20 7 18 49 56 94 23 7 54 37 4 63 42 37 5 58 82 62 20 67 3 14 32 
42 34 4 2 38 51 64 39 35 12 18 7 46 36 5 11 22 55 15 1 14 60 22 48 9 65 26 2 6 59 11 36 34 11 47 83 16 20 2 15 20 55 16 82 16 21 74 3 41 4 17 73 73 43 66 
43 20 41 34 21 61 80 82 37 20 16 19 5 9 24 41 61 75 35 23 24 25 39 55 7 10 40 60 31 6 5 3 19 81 39 3 27 26 27 45 43 43 29 45 72 62 72 49 12 7 16 2 15 42 16 
44 52 25 47 78 55 14 1 51 15 6 37 51 24 18 86 5 4 13 57 21 35 9 52 54 60 83 85 34 3 18 22 14 25 14 29 25 57 6 54 21 34 1 67 44 44 20 58 8 9 65 20 7 76 
45 20 28 28 76 31 55 36 36 24 25 17 88 88 48 34 78 11 15 9 12 2 66 26 20 76 55 80 64 26 1 6 28 66 4 18 62 40 27 16 33 43 43 16 10 8 72 65 14 57 2 27 24 53 
46 13 39 34 37 9 21 21 5 25 15 17 42 25 65 20 23 31 3 53 6 33 41 85 34 4 30 3 27 29 22 32 25 67 1 3 2 25 61 9 11 68 23 62 47 70 68 61 25 26 19 20 20 8 
47 44 2 49 21 78 63 48 11 13 16 17 52 18 51 49 15 49 9 53 2 71 7 25 9 32 53 29 60 15 29 78 42 7 20 4 48 7 27 39 4 71 50 46 59 12 2 51 33 26 59 69 79 
48 75 38 60 11 31 18 3 47 36 11 26 20 54 7 65 45 52 5 42 63 13 28 41 32 3 12 25 17 41 26 73 47 52 23 85 11 23 31 3 30 18 15 59 36 61 24 40 39 49 74 61 
49 9 69 30 11 66 47 20 17 26 33 56 47 52 15 53 24 47 78 5 71 26 22 13 68 19 24 50 1 31 65 2 19 77 4 19 41 12 17 1 5 15 9 12 32 51 89 43 63 48 23 
50 14 21 18 12 7 2 17 61 5 31 4 34 58 33 64 9 65 56 29 49 5 8 12 65 7 57 37 6 40 59 52 39 61 29 29 39 36 33 8 33 3 47 26 36 32 63 9 62 
51 56 18 27 22 42 13 31 44 80 3 56 47 20 31 33 11 44 18 32 9 2 25 60 56 12 34 70 53 19 66 17 39 19 15 61 1 60 56 79 21 57 3 49 47 39 71 51 51 
52 44 68 21 22 26 14 54 40 81 15 47 18 8 32 28 49 1 9 48 28 6 44 77 7 59 15 20 9 19 50 28 65 39 24 6 15 64 10 48 17 19 6 72 82 29 64 54 
53 15 22 55 75 9 16 14 49 31 63 87 56 46 68 72 74 47 9 11 11 23 47 2 20 56 51 23 57 13 61 26 22 72 55 27 21 40 40 6 86 12 15 14 35 45 34 
54 13 10 38 9 54 54 12 33 86 74 87 52 26 48 65 37 2 19 69 22 17 58 21 44 16 1 60 30 27 44 16 4 36 4 7 10 41 13 65 11 8 73 4 18 52 
55 5 45 10 53 30 44 19 39 30 25 9 22 35 39 42 5 24 70 28 26 45 43 34 5 69 19 24 25 9 23 27 42 10 53 17 63 59 80 10 27 18 29 70 77 
56 51 35 11 1 9 31 23 8 2 33 1 49 51 27 9 26 35 53 50 24 24 83 38 18 51 69 53 37 3 26 33 79 8 41 51 17 4 84 62 79 21 12 33 
57 23 9 33 8 15 15 4 22 44 18 29 29 65 16 18 50 11 53 44 29 67 69 8 3 28 17 63 22 13 7 72 51 14 45 14 21 21 31 81 79 5 10 
58 7 8 26 6 9 35 27 16 25 2 30 68 50 4 15 11 54 31 25 69 41 59 30 29 8 12 71 21 33 2 25 75 44 79 15 33 36 8 34 41 17 14 
59 30 5 7 41 68 8 20 6 68 34 29 34 67 40 13 52 58 11 16 13 50 5 42 4 17 2 1 18 15 67 2 13 55 48 29 47 47 39 17 64 29 1 
60 24 27 48 20 4 15 11 16 24 44 42 85 15 16 6 47 54 4 43 51 21 31 8 5 8 7 14 26 51 4 27 38 74 2 64 17 3 14 4 
61 67 14 43 94 50 78 22 11 27 14 39 29 43 3 9 20 25 85 68 16 50 70 23 4 53 46 16 10 19 13 51 20 46 17 48 38 23 35 48 
62 1 32 29 1 21 21 3 23 23 66 4 63 6 95 18 67 3 66 77 29 45 36 6 10 46 38 43 35 31 31 22 56 81 6 6 41 33 75 50 
63 1 29 15 1 47 77 9 23 53 62 13 13 3 7 14 19 48 17 32 12 71 4 81 13 34 57 55 41 36 24 73 74 49 9 20 18 50 22 
64 4 27 42 36 3 1 34 50 1 69 37 8 36 82 16 25 38 6 33 45 11 38 52 1 6 39 84 10 35 22 2 26 40 60 52 22 10 59 
65 5 35 28 2 35 22 16 20 26 54 48 19 41 46 31 76 50 29 57 42 49 35 50 73 7 14 52 4 36 9 23 23 45 54 44 36 9 85 
66 19 49 16 75 11 1 62 36 28 41 30 45 16 40 22 12 22 26 62 45 26 51 30 7 6 11 28 2 71 6 71 25 28 31 32 35 4 42 
67 61 16 31 5 13 22 13 38 38 80 59 8 79 20 33 62 46 92 8 22 75 57 91 19 59 19 14 44 26 19 86 30 26 10 7 41 9 
68 52 72 59 33 33 3 59 6 58 14 53 6 15 49 24 28 9 17 18 3 61 41 87 26 4 46 18 12 46 17 81 15 16 75 6 
69 15 49 21 24 19 34 6 12 35 54 18 29 40 19 82 64 9 58 37 10 21 38 55 56 41 40 2 57 12 5 18 23 2 47 
70 73 5 17 36 1 80 74 17 1 13 55 12 2 13 13 34 37 11 77 51 21 61 36 15 33 6 4 4 46 37 8 5 55 78 
71 5 30 21 24 24 7 8 72 20 49 47 19 35 40 58 34 84 63 3 17 77 28 47 66 66 4 36 51 10 21 
72 27 68 88 26 18 71 38 5 53 17 14 29 3 29 10 53 18 81 52 17 57 39 43 45 43 10 16 37 
73 70 15 22 14 33 26 22 27 6 74 84 36 65 3 48 23 8 19 18 12 16 38 29 63 19 54 42 42 
74 12 16 54 7 7 70 9 3 24 53 6 73 10 7 21 34 1 13 42 35 83 60 15 63 22 48 
75 48 9 18 12 32 53 4 66 16 17 11 29 43 21 5 67 35 10 8 28 15 58 24 68 62 
76 21 45 12 32 16 20 19 65 19 28 7 45 13 21 13 34 33 23 1 4 30 17 30 44 
77 23 40 16 24 63 8 12 52 16 23 24 24 70 33 26 49 62 1 71 14 55 
78 44 47 89 3 39 61 2 45 23 49 6 20 5 29 88 47 8 32 20 32 70 
79 83 21 17 16 35 23 67 28 8 56 23 23 51 16 11 58 3 56 57 47 
80 2 43 70 51 1 6 91 67 37 10 45 21 12 40 32 7 55 8 19 
81 52 8 28 21 18 30 30 30 21 43 33 63 72 1 8 62 57 68 85 
82 16 43 16 20 6 69 1 25 64 38 1 2 27 12 42 52 12 41 
83 13 79 2 33 41 4 32 14 44 16 8 56 25 42 23 9 10 74 
84 7 19 30 36 24 14 73 28 13 71 22 24 64 56 25 25 
85 3 23 25 46 60 44 19 26 61 6 48 8 81 65 12 
86 54 2 44 11 12 3 3 8 39 67 27 53 1 
87 7 54 53 12 21 95 9 12 27 68 17 14 12 
88 38 72 45 45 35 14 78 34 26 29 13 
89 78 7 8 14 15 49 38 
90 4 25 7 5 16 4 37 
91 18 80 4 67 23 4 
92 24 15 67 23 31 
93 1 27 18 18 10 
94 27 61 41 36 8 
95 62 37 87 
96 15 25 38 
97 31 30 
