32
31 31 31 30 28 26 26 25 24 23 22 22 21 21 20 20 19 19 19 17 16 15 14 14 12 12 11 9 7 6 4 3 0 
1 32 31 30 28 25 22 21 19 17 15 13 12 10 9 7 6 4 4 3 3 3 3 2 2 2 2 
2 32 31 30 28 25 22 21 19 17 15 13 12 10 9 7 6 4 4 3 3 3 3 1 1 1 1 
3 32 31 30 28 25 22 21 19 17 15 13 12 10 9 7 6 4 4 1 2 1 2 1 2 1 2 
4 32 31 30 28 25 22 21 19 17 15 13 12 10 9 7 6 1 2 3 1 2 3 
5 32 31 30 28 25 22 21 19 17 15 13 12 10 9 7 6 
6 32 31 30 28 25 22 21 19 17 15 13 12 10 9 7 1 2 3 4 5 
7 32 31 30 28 25 22 21 19 17 15 13 12 10 9 1 2 3 4 5 6 
8 32 31 30 28 25 22 21 19 17 15 13 12 10 9 
9 32 31 30 28 25 22 21 19 17 15 13 12 10 1 2 3 4 5 6 7 8 
10 32 31 30 28 25 22 21 19 17 15 13 12 1 2 3 4 5 6 7 8 9 
11 32 31 30 28 25 22 21 19 17 15 13 12 
12 32 31 30 28 25 22 21 19 17 15 13 1 2 3 4 5 6 7 8 9 10 11 
13 32 31 30 28 25 22 21 19 17 15 1 2 3 4 5 6 7 8 9 10 11 12 
14 32 31 30 28 25 22 21 19 17 15 
15 32 31 30 28 25 22 21 19 17 1 2 3 4 5 6 7 8 9 10 11 12 13 14 
16 32 31 30 28 25 22 21 19 17 
17 32 31 30 28 25 22 21 19 1 2 3 4 5 6 7 8 9 10 11 12 13 14 15 16 
18 32 31 30 28 25 22 21 19 
19 32 31 30 28 25 22 21 1 2 3 4 5 6 7 8 9 10 11 12 13 14 15 16 17 18 
20 32 31 30 28 25 22 21 
21 32 31 30 28 25 22 1 2 3 4 5 6 7 8 9 10 11 12 13 14 15 16 17 18 19 20 
22 32 31 30 28 25 1 2 3 4 5 6 7 8 9 10 11 12 13 14 15 16 17 18 19 20 21 
23 32 31 30 28 25 
24 32 31 30 28 25 
25 32 31 30 28 1 2 3 4 5 6 7 8 9 10 11 12 13 14 15 16 17 18 19 20 21 22 23 24 
26 32 31 30 28 
27 32 31 30 28 
28 32 31 30 1 2 3 4 5 6 7 8 9 10 11 12 13 14 15 16 17 18 19 20 21 22 23 24 25 26 27 
29 32 31 30 
30 32 31 1 2 3 4 5 6 7 8 9 10 11 12 13 14 15 16 17 18 19 20 21 22 23 24 25 26 27 28 29 
31 32 1 2 3 4 5 6 7 8 9 10 11 12 13 14 15 16 17 18 19 20 21 22 23 24 25 26 27 28 29 30 
32 1 2 3 4 5 6 7 8 9 10 11 12 13 14 15 16 17 18 19 20 21 22 23 24 25 26 27 28 29 30 31 
