39
36 35 34 31 30 29 28 28 28 27 27 27 27 26 25 24 21 21 20 20 19 18 17 17 16 13 13 9 7 6 6 5 4 4 4 3 2 2 1 
1 37 36 35 34 33 32 31 30 29 28 27 26 25 24 23 22 21 20 19 18 17 16 15 14 13 12 11 10 9 8 7 6 5 4 3 2 
2 36 35 34 33 32 31 30 29 28 27 26 25 24 23 22 21 20 19 18 17 16 15 14 13 12 11 10 9 8 7 6 5 4 3 1 
3 39 34 33 32 31 30 30 28 27 26 25 24 23 22 21 20 19 18 17 16 15 14 13 12 11 10 9 8 7 6 5 4 1 2 
4 32 31 30 29 28 27 26 25 24 23 22 21 20 19 18 17 16 15 14 13 12 11 10 9 8 7 6 5 1 3 2 
5 35 31 29 28 27 26 25 24 23 22 21 20 19 18 17 16 15 14 13 12 11 10 9 8 7 6 4 1 3 2 
6 35 29 28 27 26 25 24 23 22 21 20 19 18 17 16 15 14 13 12 11 10 9 8 7 4 5 3 2 1 
7 29 28 27 27 25 24 23 22 21 20 19 18 17 16 15 14 13 12 11 10 9 8 6 5 2 1 4 3 
8 31 30 27 26 25 24 23 22 21 20 19 18 17 16 15 14 13 12 11 10 9 3 1 5 7 4 6 2 
9 29 28 27 26 25 24 23 22 21 20 19 18 17 16 15 14 13 12 11 10 2 8 7 3 5 6 1 4 
10 34 32 26 25 24 23 22 21 20 19 18 17 16 15 14 13 12 11 6 1 5 7 2 4 9 8 3 
11 38 37 36 25 24 23 22 21 20 19 18 17 16 15 14 13 12 9 2 5 1 4 6 8 7 3 10 
12 33 27 26 25 24 23 22 21 20 19 18 17 16 15 14 13 9 11 7 8 5 4 2 6 1 3 10 
13 28 27 26 25 24 23 22 21 20 19 18 17 16 15 14 7 9 2 12 5 8 6 11 1 3 10 4 
14 27 26 25 24 23 22 21 20 19 18 17 16 15 13 2 7 1 8 4 11 10 12 5 6 9 3 
15 26 25 24 23 22 21 20 19 18 17 16 5 2 1 7 14 4 6 8 13 3 12 10 9 11 
16 25 24 23 22 21 20 19 18 17 1 11 3 14 4 12 13 8 10 7 2 5 6 15 9 
17 22 21 20 19 18 10 14 15 8 2 5 13 9 16 12 4 6 11 3 1 7 
18 22 21 20 19 16 9 10 17 6 8 4 2 7 11 13 15 3 14 5 12 1 
19 24 20 5 3 2 7 18 11 14 10 17 13 4 9 12 1 8 15 6 16 
20 21 17 16 1 3 10 15 6 2 4 13 18 5 12 8 7 11 19 9 14 
21 7 2 18 5 13 1 15 6 12 11 14 17 3 9 20 10 8 4 16 
22 10 5 15 9 4 7 8 1 12 6 16 13 11 3 14 17 18 2 
23 38 11 13 9 7 5 16 12 1 15 14 2 8 3 10 6 4 
24 7 8 13 5 15 19 14 12 16 6 3 9 11 2 10 4 1 
25 14 1 8 6 9 5 16 11 10 3 7 4 2 12 13 15 
26 4 6 1 5 12 8 3 9 15 2 13 14 10 
27 12 8 13 7 7 9 6 2 5 3 1 14 4 
28 9 13 7 1 6 5 2 4 3 
29 4 5 9 2 1 7 6 
30 3 8 4 2 3 1 
31 5 8 1 3 4 2 
32 10 2 1 3 4 
33 3 2 12 1 
34 10 3 1 2 
35 6 5 2 1 
36 11 2 1 
37 11 1 
38 23 11 
39 3 
