44
43 42 42 41 38 38 36 35 33 32 32 28 28 24 24 23 23 22 20 20 20 20 19 19 18 18 17 15 14 14 13 12 11 10 9 8 8 8 8 5 5 5 3 1 
1 44 43 42 41 40 39 38 37 36 35 34 33 32 31 30 29 28 27 26 25 24 23 22 21 20 19 18 17 16 15 14 13 12 11 10 9 8 7 6 5 4 3 2 
2 43 42 41 40 39 38 37 36 35 34 33 32 31 30 29 28 27 26 25 24 23 22 21 20 19 18 17 16 15 14 13 12 11 10 9 8 7 6 5 4 3 1 
3 43 42 41 40 39 38 37 36 35 34 33 32 31 30 29 28 27 26 25 24 23 22 21 20 19 18 17 16 15 14 13 12 11 10 9 8 7 6 5 4 1 2 
4 42 41 40 39 38 37 36 35 34 33 32 31 30 29 28 27 26 25 24 23 22 21 20 19 18 17 16 15 14 13 12 11 10 9 8 7 6 5 3 1 2 
5 39 38 37 36 35 34 33 32 31 30 29 28 27 26 25 24 23 22 21 20 19 18 17 16 15 14 13 12 11 10 9 8 7 6 2 4 3 1 
6 39 38 37 36 35 34 33 32 31 30 29 28 27 26 25 24 23 22 21 21 20 18 17 16 15 14 13 12 11 10 9 8 7 2 4 1 3 5 
7 37 36 35 34 33 32 31 30 29 28 27 26 25 24 23 22 21 20 19 18 17 16 15 14 13 12 11 10 9 8 5 3 1 6 2 4 
8 36 35 34 33 32 31 30 29 28 27 26 25 24 23 22 21 20 19 18 17 16 15 14 13 12 11 10 9 7 2 3 6 1 4 5 
9 34 33 32 31 30 29 28 27 26 25 24 23 22 21 20 19 18 17 16 15 14 13 12 11 10 6 8 4 5 3 7 1 2 
10 33 32 32 30 29 28 27 26 25 24 23 22 21 20 19 18 17 16 15 14 13 12 11 4 1 2 7 9 5 3 6 8 
11 38 32 31 30 30 29 27 26 25 25 23 22 21 20 19 18 17 16 15 14 13 12 9 4 8 7 10 6 1 3 5 2 
12 35 29 28 26 25 24 23 22 21 20 19 18 17 16 15 14 13 8 7 2 1 9 6 5 3 4 11 10 
13 29 28 27 26 25 24 23 22 21 20 19 18 17 16 15 14 9 3 1 7 12 11 2 6 8 10 5 4 
14 39 26 23 22 21 20 19 18 17 16 15 13 7 11 4 8 2 10 6 3 1 12 9 5 
15 34 28 25 24 21 20 19 18 17 16 14 3 13 6 9 10 7 12 8 2 1 5 4 11 
16 25 23 22 21 20 19 18 17 8 10 5 13 1 7 9 12 2 15 4 11 6 14 3 
17 38 37 29 26 20 19 18 10 16 2 3 1 14 4 12 7 9 8 13 15 11 6 5 
18 27 24 22 20 19 14 1 17 5 10 15 11 16 12 3 2 9 6 7 4 13 8 
19 26 22 21 10 11 2 17 3 1 15 8 18 5 13 4 9 14 12 7 16 
20 42 26 1 6 16 15 3 9 4 2 8 11 13 10 7 14 18 5 17 12 
21 26 24 10 13 19 1 6 11 6 5 9 16 3 15 4 8 7 2 12 14 
22 31 31 23 19 18 10 5 12 13 3 4 8 14 11 16 7 9 6 2 1 
23 40 39 24 4 11 16 22 12 2 7 10 3 9 13 5 14 8 1 6 
24 41 30 28 23 15 18 12 4 21 7 8 3 6 1 13 10 9 5 2 
25 27 27 6 11 11 2 9 13 10 8 15 16 7 4 12 3 1 5 
26 14 6 19 4 10 21 20 13 1 17 5 12 11 2 7 9 8 3 
27 33 30 13 18 25 25 1 5 11 9 6 10 7 3 8 2 4 
28 31 8 24 12 1 2 15 13 9 7 4 6 5 3 10 
29 12 11 4 17 8 1 7 2 10 5 6 13 9 3 
30 2 27 11 6 11 7 24 9 1 3 5 4 8 10 
31 9 22 22 28 11 3 2 6 8 4 5 1 7 
32 10 11 10 8 4 9 2 5 7 1 3 6 
33 27 5 9 10 8 3 6 7 4 2 1 
34 5 15 2 1 3 7 9 6 8 4 
35 12 5 1 7 8 2 4 3 6 
36 8 6 5 4 7 2 1 3 
37 17 1 4 5 2 3 7 6 
38 17 11 6 1 3 2 4 5 
39 23 1 14 3 5 4 6 2 
40 23 4 1 2 3 
41 24 1 3 2 4 
42 20 4 2 1 3 
43 1 3 2 
44 1 
