34
33 32 32 30 27 26 24 24 23 22 21 21 20 20 20 19 18 17 16 16 14 13 12 12 11 11 10 8 8 5 5 4 3 1 
1 34 33 32 31 30 29 28 27 26 25 24 23 22 21 20 19 18 17 16 15 14 13 12 11 10 9 8 7 6 5 4 3 2 
2 33 32 31 30 29 28 27 26 25 24 23 22 21 20 19 18 17 16 15 14 13 12 11 10 9 8 8 6 5 4 3 1 
3 33 32 31 30 29 28 27 26 25 24 24 22 21 20 20 19 18 16 16 14 13 12 11 10 9 8 7 7 5 4 2 1 
4 31 30 29 28 27 26 25 24 23 22 22 20 19 18 17 16 15 14 13 12 12 11 10 9 8 6 5 1 3 2 
5 28 27 26 25 24 23 22 21 20 19 19 17 16 15 14 13 12 12 11 10 8 7 6 1 3 2 4 
6 28 26 25 24 23 22 22 20 19 18 18 17 15 14 13 12 11 10 9 8 7 7 1 4 2 5 
7 25 24 23 22 21 20 19 18 18 17 15 14 13 12 11 10 9 9 6 6 3 3 1 5 
8 29 27 26 24 23 20 19 18 18 17 16 15 13 12 11 10 9 1 6 4 2 3 2 5 
9 29 23 22 21 20 19 18 17 16 15 15 14 14 11 10 4 8 2 7 3 7 1 6 
10 27 26 21 20 19 18 17 16 16 14 13 12 11 5 6 7 1 3 9 4 8 2 
11 26 21 20 19 18 17 16 15 15 15 13 9 4 5 3 2 8 10 7 6 1 
12 22 21 20 19 18 17 16 15 14 13 6 7 5 1 3 5 4 4 2 10 8 
13 29 22 19 18 17 16 15 14 14 10 2 11 4 7 1 12 3 8 5 6 
14 28 27 26 25 24 23 17 4 13 9 9 10 7 13 2 3 5 6 12 1 
15 21 20 19 18 17 16 11 7 1 5 9 11 9 12 11 8 4 2 6 13 
16 24 23 18 17 17 5 3 2 10 8 10 3 12 15 11 4 1 13 9 
17 32 23 11 16 4 7 6 8 16 14 13 9 2 12 1 15 5 10 
18 13 3 2 6 8 11 9 6 8 12 7 10 7 1 16 4 15 
19 27 5 3 5 10 4 13 6 11 1 2 7 12 8 9 15 
20 21 21 9 3 12 3 8 6 1 4 10 2 5 11 7 15 
21 29 22 20 20 3 12 9 10 1 7 5 15 2 11 
22 6 4 4 13 1 7 6 21 12 9 5 2 3 
23 25 14 8 1 16 9 17 7 2 4 6 5 
24 26 16 5 4 6 8 14 3 1 3 2 7 
25 28 27 5 23 14 2 4 6 3 1 7 
26 5 1 11 10 2 14 8 24 4 6 3 
27 25 14 19 10 5 3 8 2 4 1 
28 1 6 25 14 5 3 2 4 
29 13 8 21 9 1 3 4 2 
30 31 3 1 4 2 
31 30 4 2 1 3 
32 1 17 2 3 
33 2 3 1 
34 1 
