51
50 50 50 48 48 46 42 42 42 41 39 39 39 39 37 36 35 35 33 33 33 33 30 27 26 26 25 24 23 23 22 22 20 19 18 18 17 16 14 14 13 13 12 11 10 9 8 5 5 5 3 
1 15 4 26 6 12 43 5 6 11 29 12 11 31 13 2 39 28 18 38 17 5 4 17 38 29 3 5 8 11 7 7 28 37 5 21 35 2 23 19 6 10 26 19 10 16 41 21 18 6 20 
2 20 6 20 12 22 9 5 28 32 17 14 32 1 28 22 36 16 5 8 43 13 23 3 32 22 9 6 42 16 8 29 4 29 26 33 17 37 1 37 2 2 30 39 14 19 34 28 19 16 19 
3 23 13 4 14 47 14 17 27 11 14 6 16 8 18 10 10 10 30 42 15 19 16 19 46 2 20 1 32 50 11 12 25 17 8 11 13 20 24 34 42 6 12 7 10 15 13 3 3 17 6 
4 1 37 3 24 33 8 22 17 20 39 5 47 14 15 1 15 21 21 29 7 34 11 9 32 34 16 23 36 6 12 4 4 5 16 2 43 23 46 45 27 10 32 8 31 16 20 7 9 
5 35 31 2 5 5 32 38 14 7 31 1 49 29 23 4 22 34 9 17 20 12 1 2 7 18 21 10 1 39 13 24 1 38 4 38 22 13 27 9 30 38 35 8 7 10 46 17 18 
6 2 32 14 40 1 10 1 37 41 3 19 17 14 32 28 7 7 28 27 18 4 2 10 13 14 17 26 10 10 10 12 17 8 24 1 28 3 15 11 19 9 1 35 7 3 11 
7 18 18 31 35 36 5 20 25 11 41 27 32 14 5 48 4 22 6 6 24 8 1 1 17 19 8 20 50 36 34 16 5 3 27 25 4 19 28 6 19 31 13 
8 32 18 4 33 28 10 35 3 22 19 19 15 20 13 2 26 7 1 17 10 40 2 9 7 3 41 42 15 6 11 4 43 24 24 5 33 36 20 9 47 12 22 
9 11 2 14 13 18 26 22 5 18 13 17 12 41 10 49 13 15 22 4 12 39 12 20 2 44 8 12 22 30 13 26 48 5 15 10 31 46 6 11 8 4 13 
10 40 10 10 35 6 23 8 12 3 20 30 27 3 3 10 10 11 9 5 25 8 18 6 14 36 40 6 6 6 51 4 1 9 1 27 29 12 44 3 5 32 
11 9 28 21 3 1 16 7 16 1 22 29 31 35 35 10 20 4 12 19 1 3 3 21 39 15 8 25 23 18 13 13 46 39 6 49 9 21 24 6 
12 2 21 36 26 39 1 15 18 1 10 14 5 30 15 9 31 33 18 11 9 23 9 13 4 34 3 9 32 15 22 6 16 40 3 10 46 16 15 8 
13 29 3 9 1 27 45 43 26 9 18 16 8 9 2 12 14 5 6 21 19 20 32 3 9 5 21 13 13 38 44 20 11 11 24 3 25 9 7 24 
14 20 34 9 6 3 5 18 40 3 2 3 22 15 21 12 4 24 6 7 29 44 44 16 16 13 29 6 19 10 25 50 2 25 30 37 16 41 28 24 
15 1 42 24 12 45 19 14 23 20 8 4 42 4 12 3 9 16 19 12 40 8 19 9 47 11 19 22 47 20 38 25 38 6 3 12 24 22 
16 37 24 28 11 11 21 3 22 2 13 3 14 15 4 14 2 20 30 4 33 21 20 46 17 28 12 22 1 24 7 12 4 2 14 34 35 
17 42 3 43 4 2 37 25 49 5 6 1 1 9 41 27 8 30 7 6 3 30 17 17 2 16 35 6 34 39 5 23 24 20 30 3 
18 30 29 7 7 8 9 14 19 21 41 33 12 3 1 9 13 48 5 12 24 27 22 6 25 10 50 21 21 45 33 11 22 1 30 5 
19 18 25 15 35 6 8 8 38 3 47 3 11 39 36 27 14 33 36 13 7 15 1 15 27 15 1 2 23 6 2 7 7 2 
20 2 2 14 36 27 7 31 4 5 10 15 8 23 27 33 11 9 3 42 16 13 7 16 3 45 13 15 8 37 4 37 17 1 
21 12 11 18 30 16 14 22 21 21 21 21 4 4 5 51 13 38 11 16 1 18 44 31 18 25 21 21 13 31 34 1 33 11 
22 2 39 4 23 14 11 16 9 5 26 2 8 22 22 21 27 7 9 45 18 33 35 2 25 9 5 12 23 16 15 18 15 8 
23 30 28 3 22 34 10 25 5 44 32 15 20 46 32 12 2 4 27 23 23 41 44 51 4 1 22 11 19 17 35 
24 33 4 15 25 16 39 14 37 18 36 7 32 5 3 6 29 8 8 38 34 16 13 15 17 11 14 13 
25 24 27 19 7 23 17 45 39 45 35 10 28 18 22 3 41 14 21 11 28 15 14 7 13 43 37 
26 27 1 12 9 28 22 33 13 8 27 6 2 32 9 26 26 32 33 33 28 26 26 1 29 40 29 
27 26 20 34 25 3 7 13 31 10 41 20 22 6 17 18 23 19 26 38 4 5 19 10 34 7 
28 11 23 2 16 8 2 26 1 43 6 6 25 30 1 44 16 26 6 33 25 2 7 43 14 
29 18 13 1 5 34 11 14 41 1 4 29 29 36 14 2 2 42 24 43 10 26 26 38 
30 18 42 23 30 30 21 35 12 10 42 3 28 17 44 16 17 9 5 2 14 17 37 18 
31 5 7 36 5 20 1 33 27 11 38 48 12 40 40 40 21 32 21 9 4 47 7 
32 6 8 5 2 2 7 23 6 4 23 24 2 3 13 12 36 26 26 4 31 10 44 
33 34 24 36 4 8 18 31 26 20 12 22 19 16 2 26 26 18 28 8 21 
34 33 14 27 23 29 5 47 4 4 12 45 7 3 17 24 27 2 21 16 
35 5 10 7 8 19 30 11 11 25 43 22 1 17 5 6 16 23 41 
36 12 33 20 31 7 2 36 36 24 4 29 19 19 10 32 7 8 49 
37 16 4 6 17 39 38 24 1 2 2 40 20 20 14 30 25 40 
38 5 19 1 31 1 37 5 5 21 27 5 13 15 24 15 29 
39 22 12 24 4 1 25 37 9 19 5 11 2 11 17 
40 10 6 14 46 31 31 8 31 10 15 37 12 26 37 
41 18 6 7 29 27 9 17 23 25 8 1 14 35 
42 30 17 15 15 30 3 2 42 42 20 29 8 3 
43 1 17 13 45 28 2 35 4 8 29 28 25 
44 23 14 14 30 9 23 28 21 13 10 32 
45 15 25 13 43 25 22 34 4 20 18 
46 40 23 3 4 16 12 11 5 9 
47 3 4 34 19 15 15 8 31 
48 31 18 7 9 50 
49 5 17 9 11 36 
50 3 18 14 7 48 
51 21 23 10 
