32
31 29 29 27 25 23 23 23 20 20 19 16 15 14 14 14 13 12 12 12 12 11 10 9 8 4 4 3 3 3 2 2 0 0 0 
1 32 31 30 29 28 27 26 25 24 23 22 21 20 19 18 17 16 15 14 13 12 11 10 9 8 7 6 5 4 3 2 
2 32 31 28 27 27 25 24 23 22 21 20 19 18 17 16 15 14 13 12 11 10 9 8 7 6 5 4 3 1 
3 30 29 28 27 26 25 24 23 22 21 20 19 18 17 16 15 14 13 12 11 10 9 8 7 6 5 4 2 1 
4 30 29 26 25 24 23 22 21 20 19 18 17 16 15 14 13 12 11 10 9 8 7 6 5 2 1 3 
5 26 25 24 23 22 21 20 19 18 17 16 15 14 13 12 11 10 9 8 7 6 2 4 1 3 
6 24 23 22 21 20 19 18 17 16 15 14 13 12 11 10 9 8 7 4 5 2 3 1 
7 24 23 22 21 20 19 18 17 16 15 14 13 12 11 10 9 8 3 6 4 1 5 2 
8 24 23 22 21 20 19 18 17 16 15 14 13 12 11 10 9 5 7 1 3 4 6 2 
9 25 20 19 18 17 16 15 14 13 12 11 10 4 6 2 1 3 5 7 8 
10 21 20 19 18 17 16 15 14 13 12 11 4 9 2 6 7 1 5 8 3 
11 23 22 21 20 17 15 15 14 13 6 9 5 4 2 3 7 8 10 1 
12 24 22 16 16 14 13 2 7 3 5 1 10 6 8 9 4 
13 19 17 16 8 6 2 5 12 11 7 10 9 1 4 3 
14 25 22 10 11 6 12 9 4 1 7 3 5 2 8 
15 23 18 11 4 11 5 1 3 8 7 9 10 6 2 
16 20 5 12 13 12 2 10 9 3 8 7 4 1 6 
17 21 10 7 4 13 11 6 5 8 2 9 1 3 
18 25 15 9 1 6 8 3 10 7 2 5 4 
19 21 13 2 9 1 3 10 5 4 6 8 7 
20 16 11 4 9 2 6 1 5 8 10 7 3 
21 11 2 3 6 8 19 17 7 1 5 10 4 
22 1 14 11 12 7 4 3 5 2 6 8 
23 2 8 11 6 3 15 5 7 1 4 
24 12 6 7 5 8 2 3 1 4 
25 14 2 9 18 1 3 5 4 
26 1 4 3 5 
27 2 1 3 2 
28 1 3 2 
29 3 4 1 
30 4 1 3 
31 2 1 
32 2 1 
