23
22 21 18 17 17 16 13 13 12 10 10 10 10 8 7 7 6 6 5 4 3 3 2 0 
1 23 21 17 15 14 12 8 7 5 2 2 2 2 2 2 2 
2 23 21 17 15 14 12 8 7 5 1 1 1 1 1 1 1 
3 23 21 17 15 14 12 8 7 5 
4 23 21 17 15 14 12 8 7 5 
5 23 21 17 15 14 12 8 7 1 2 3 4 
6 23 21 17 15 14 12 8 7 
7 23 21 17 15 14 12 8 1 2 3 4 5 6 
8 23 21 17 15 14 12 1 2 3 4 5 6 7 
9 23 21 17 15 14 12 
10 23 21 17 15 14 12 
11 23 21 17 15 14 12 
12 23 21 17 15 14 1 2 3 4 5 6 7 8 9 10 11 
13 23 21 17 15 14 
14 23 21 17 15 1 2 3 4 5 6 7 8 9 10 11 12 13 
15 23 21 17 1 2 3 4 5 6 7 8 9 10 11 12 13 14 
16 23 21 17 
17 23 21 1 2 3 4 5 6 7 8 9 10 11 12 13 14 15 16 
18 23 21 
19 23 21 
20 23 21 
21 23 1 2 3 4 5 6 7 8 9 10 11 12 13 14 15 16 17 18 19 20 
22 23 
23 1 2 3 4 5 6 7 8 9 10 11 12 13 14 15 16 17 18 19 20 21 22 
