30
29 28 26 26 26 26 21 20 19 19 18 17 16 16 15 14 13 13 12 12 11 10 9 8 7 7 6 5 4 3 1 1 
1 30 28 25 24 23 22 16 14 12 11 9 7 5 4 3 3 3 2 2 2 2 2 2 2 
2 30 28 25 24 23 22 16 14 12 11 9 7 5 4 3 3 3 1 1 1 1 1 1 1 
3 30 28 25 24 23 22 16 14 12 11 9 7 5 4 1 2 1 2 1 2 
4 30 28 25 24 23 22 16 14 12 11 9 7 5 1 2 3 
5 30 28 25 24 23 22 16 14 12 11 9 7 1 2 3 4 
6 30 28 25 24 23 22 16 14 12 11 9 7 
7 30 28 25 24 23 22 16 14 12 11 9 1 2 3 4 5 6 
8 30 28 25 24 23 22 16 14 12 11 9 
9 30 28 25 24 23 22 16 14 12 11 1 2 3 4 5 6 7 8 
10 30 28 25 24 23 22 16 14 12 11 
11 30 28 25 24 23 22 16 14 12 1 2 3 4 5 6 7 8 9 10 
12 30 28 25 24 23 22 16 14 1 2 3 4 5 6 7 8 9 10 11 
13 30 28 25 24 23 22 16 14 
14 30 28 25 24 23 22 16 1 2 3 4 5 6 7 8 9 10 11 12 13 
15 30 28 25 24 23 22 16 
16 30 28 25 24 23 22 1 2 3 4 5 6 7 8 9 10 11 12 13 14 15 
17 30 28 25 24 23 22 
18 30 28 25 24 23 22 
19 30 28 25 24 23 22 
20 30 28 25 24 23 22 
21 30 28 25 24 23 22 
22 30 28 25 24 23 1 2 3 4 5 6 7 8 9 10 11 12 13 14 15 16 17 18 19 20 21 
23 30 28 25 24 1 2 3 4 5 6 7 8 9 10 11 12 13 14 15 16 17 18 19 20 21 22 
24 30 28 25 1 2 3 4 5 6 7 8 9 10 11 12 13 14 15 16 17 18 19 20 21 22 23 
25 30 28 1 2 3 4 5 6 7 8 9 10 11 12 13 14 15 16 17 18 19 20 21 22 23 24 
26 30 28 
27 30 28 
28 30 1 2 3 4 5 6 7 8 9 10 11 12 13 14 15 16 17 18 19 20 21 22 23 24 25 26 27 
29 30 
30 1 2 3 4 5 6 7 8 9 10 11 12 13 14 15 16 17 18 19 20 21 22 23 24 25 26 27 28 29 
