31
29 29 28 27 24 24 23 20 20 20 18 18 17 16 16 15 15 14 14 12 11 10 10 9 8 8 7 5 4 2 1 
1 30 29 28 27 26 25 24 23 22 21 20 19 18 17 16 15 15 13 12 11 10 9 8 7 6 5 4 3 2 
2 30 29 28 27 26 25 24 23 22 21 20 19 18 17 16 15 14 13 12 11 10 9 8 7 6 5 4 3 1 
3 31 29 27 26 25 24 23 22 21 20 19 18 18 17 17 15 13 13 11 10 9 8 7 6 5 4 1 2 
4 28 27 26 26 24 23 22 21 20 19 18 17 16 15 14 13 12 11 10 9 8 7 6 5 2 3 1 
5 25 25 24 22 21 20 19 18 17 16 15 14 13 12 11 10 9 8 7 6 4 3 1 2 
6 25 24 23 22 21 20 19 18 17 16 15 14 13 12 11 10 9 8 7 4 1 5 2 3 
7 26 23 23 23 20 19 18 17 16 15 14 13 13 11 10 9 8 3 1 4 5 2 6 
8 21 20 19 18 17 16 15 14 13 12 12 10 9 3 4 2 5 7 6 1 
9 28 22 19 18 17 16 15 14 13 12 11 10 5 8 2 4 7 6 1 3 
10 21 20 19 18 17 17 16 15 14 12 11 4 3 2 5 6 7 1 9 8 
11 19 18 18 16 15 14 13 12 12 7 3 2 4 6 1 10 9 5 
12 21 21 19 17 15 14 14 11 11 10 8 9 4 8 1 5 6 2 
13 27 26 23 18 14 9 6 7 3 3 2 7 1 5 8 4 11 
14 28 25 24 15 10 4 8 12 11 12 13 7 9 2 5 6 
15 27 16 3 1 8 10 1 14 9 11 6 7 5 4 12 2 
16 25 24 22 19 9 10 5 1 4 2 11 6 8 7 15 
17 22 19 10 3 5 2 3 9 10 12 7 8 4 1 6 
18 13 3 8 6 11 4 3 11 2 7 9 1 10 5 
19 12 16 11 17 3 2 9 7 8 4 1 10 5 6 
20 27 23 22 8 2 10 4 5 1 6 3 7 
21 24 10 12 12 3 6 2 1 4 5 8 
22 9 17 20 16 3 5 4 6 1 2 
23 3 13 2 7 4 7 7 20 1 6 
24 6 1 5 14 16 21 2 3 4 
25 14 5 5 16 3 2 1 6 
26 29 4 2 13 7 4 3 1 
27 13 15 1 20 3 4 2 
28 9 14 4 1 2 
29 1 3 26 2 
30 1 2 
31 3 
