94
93 92 89 89 89 86 85 85 84 82 81 81 81 78 77 77 76 76 75 75 69 69 68 68 68 66 65 60 60 59 59 58 57 57 55 55 54 54 53 50 50 49 48 48 47 47 46 46 46 45 44 44 39 38 38 37 36 35 35 35 35 35 31 31 30 28 27 27 27 26 26 26 25 25 25 22 21 20 19 19 19 16 16 15 12 12 11 11 9 9 5 5 4 2 2 1 
1 94 92 88 87 86 82 80 79 77 74 72 71 70 66 64 63 61 60 58 57 50 49 47 46 45 42 40 34 33 31 30 28 26 25 22 21 19 18 16 12 11 9 7 6 5 5 5 5 5 4 4 4 4 4 4 4 4 4 4 4 3 3 3 3 3 3 3 3 3 3 3 2 2 2 2 2 2 2 2 2 2 2 2 
2 94 92 88 87 86 82 80 79 77 74 72 71 70 66 64 63 61 60 58 57 50 49 47 46 45 42 40 34 33 31 30 28 26 25 22 21 19 18 16 12 11 9 7 6 5 5 5 5 5 4 4 4 4 4 4 4 4 4 4 4 3 3 3 3 3 3 3 3 3 3 3 1 1 1 1 1 1 1 1 1 1 1 1 
3 94 92 88 87 86 82 80 79 77 74 72 71 70 66 64 63 61 60 58 57 50 49 47 46 45 42 40 34 33 31 30 28 26 25 22 21 19 18 16 12 11 9 7 6 5 5 5 5 5 4 4 4 4 4 4 4 4 4 4 4 1 2 1 2 1 2 1 2 1 2 1 2 1 2 1 2 1 2 1 2 1 2 
4 94 92 88 87 86 82 80 79 77 74 72 71 70 66 64 63 61 60 58 57 50 49 47 46 45 42 40 34 33 31 30 28 26 25 22 21 19 18 16 12 11 9 7 6 5 5 5 5 5 1 2 3 1 2 3 1 2 3 1 2 3 1 2 3 1 2 3 1 2 3 1 2 3 1 2 3 1 2 3 1 2 3 
5 94 92 88 87 86 82 80 79 77 74 72 71 70 66 64 63 61 60 58 57 50 49 47 46 45 42 40 34 33 31 30 28 26 25 22 21 19 18 16 12 11 9 7 6 1 2 3 4 1 2 3 4 1 2 3 4 1 2 3 4 1 2 3 4 
6 94 92 88 87 86 82 80 79 77 74 72 71 70 66 64 63 61 60 58 57 50 49 47 46 45 42 40 34 33 31 30 28 26 25 22 21 19 18 16 12 11 9 7 1 2 3 4 5 
7 94 92 88 87 86 82 80 79 77 74 72 71 70 66 64 63 61 60 58 57 50 49 47 46 45 42 40 34 33 31 30 28 26 25 22 21 19 18 16 12 11 9 1 2 3 4 5 6 
8 94 92 88 87 86 82 80 79 77 74 72 71 70 66 64 63 61 60 58 57 50 49 47 46 45 42 40 34 33 31 30 28 26 25 22 21 19 18 16 12 11 9 
9 94 92 88 87 86 82 80 79 77 74 72 71 70 66 64 63 61 60 58 57 50 49 47 46 45 42 40 34 33 31 30 28 26 25 22 21 19 18 16 12 11 1 2 3 4 5 6 7 8 
10 94 92 88 87 86 82 80 79 77 74 72 71 70 66 64 63 61 60 58 57 50 49 47 46 45 42 40 34 33 31 30 28 26 25 22 21 19 18 16 12 11 
11 94 92 88 87 86 82 80 79 77 74 72 71 70 66 64 63 61 60 58 57 50 49 47 46 45 42 40 34 33 31 30 28 26 25 22 21 19 18 16 12 1 2 3 4 5 6 7 8 9 10 
12 94 92 88 87 86 82 80 79 77 74 72 71 70 66 64 63 61 60 58 57 50 49 47 46 45 42 40 34 33 31 30 28 26 25 22 21 19 18 16 1 2 3 4 5 6 7 8 9 10 11 
13 94 92 88 87 86 82 80 79 77 74 72 71 70 66 64 63 61 60 58 57 50 49 47 46 45 42 40 34 33 31 30 28 26 25 22 21 19 18 16 
14 94 92 88 87 86 82 80 79 77 74 72 71 70 66 64 63 61 60 58 57 50 49 47 46 45 42 40 34 33 31 30 28 26 25 22 21 19 18 16 
15 94 92 88 87 86 82 80 79 77 74 72 71 70 66 64 63 61 60 58 57 50 49 47 46 45 42 40 34 33 31 30 28 26 25 22 21 19 18 16 
16 94 92 88 87 86 82 80 79 77 74 72 71 70 66 64 63 61 60 58 57 50 49 47 46 45 42 40 34 33 31 30 28 26 25 22 21 19 18 1 2 3 4 5 6 7 8 9 10 11 12 13 14 15 
17 94 92 88 87 86 82 80 79 77 74 72 71 70 66 64 63 61 60 58 57 50 49 47 46 45 42 40 34 33 31 30 28 26 25 22 21 19 18 
18 94 92 88 87 86 82 80 79 77 74 72 71 70 66 64 63 61 60 58 57 50 49 47 46 45 42 40 34 33 31 30 28 26 25 22 21 19 1 2 3 4 5 6 7 8 9 10 11 12 13 14 15 16 17 
19 94 92 88 87 86 82 80 79 77 74 72 71 70 66 64 63 61 60 58 57 50 49 47 46 45 42 40 34 33 31 30 28 26 25 22 21 1 2 3 4 5 6 7 8 9 10 11 12 13 14 15 16 17 18 
20 94 92 88 87 86 82 80 79 77 74 72 71 70 66 64 63 61 60 58 57 50 49 47 46 45 42 40 34 33 31 30 28 26 25 22 21 
21 94 92 88 87 86 82 80 79 77 74 72 71 70 66 64 63 61 60 58 57 50 49 47 46 45 42 40 34 33 31 30 28 26 25 22 1 2 3 4 5 6 7 8 9 10 11 12 13 14 15 16 17 18 19 20 
22 94 92 88 87 86 82 80 79 77 74 72 71 70 66 64 63 61 60 58 57 50 49 47 46 45 42 40 34 33 31 30 28 26 25 1 2 3 4 5 6 7 8 9 10 11 12 13 14 15 16 17 18 19 20 21 
23 94 92 88 87 86 82 80 79 77 74 72 71 70 66 64 63 61 60 58 57 50 49 47 46 45 42 40 34 33 31 30 28 26 25 
24 94 92 88 87 86 82 80 79 77 74 72 71 70 66 64 63 61 60 58 57 50 49 47 46 45 42 40 34 33 31 30 28 26 25 
25 94 92 88 87 86 82 80 79 77 74 72 71 70 66 64 63 61 60 58 57 50 49 47 46 45 42 40 34 33 31 30 28 26 1 2 3 4 5 6 7 8 9 10 11 12 13 14 15 16 17 18 19 20 21 22 23 24 
26 94 92 88 87 86 82 80 79 77 74 72 71 70 66 64 63 61 60 58 57 50 49 47 46 45 42 40 34 33 31 30 28 1 2 3 4 5 6 7 8 9 10 11 12 13 14 15 16 17 18 19 20 21 22 23 24 25 
27 94 92 88 87 86 82 80 79 77 74 72 71 70 66 64 63 61 60 58 57 50 49 47 46 45 42 40 34 33 31 30 28 
28 94 92 88 87 86 82 80 79 77 74 72 71 70 66 64 63 61 60 58 57 50 49 47 46 45 42 40 34 33 31 30 1 2 3 4 5 6 7 8 9 10 11 12 13 14 15 16 17 18 19 20 21 22 23 24 25 26 27 
29 94 92 88 87 86 82 80 79 77 74 72 71 70 66 64 63 61 60 58 57 50 49 47 46 45 42 40 34 33 31 30 
30 94 92 88 87 86 82 80 79 77 74 72 71 70 66 64 63 61 60 58 57 50 49 47 46 45 42 40 34 33 31 1 2 3 4 5 6 7 8 9 10 11 12 13 14 15 16 17 18 19 20 21 22 23 24 25 26 27 28 29 
31 94 92 88 87 86 82 80 79 77 74 72 71 70 66 64 63 61 60 58 57 50 49 47 46 45 42 40 34 33 1 2 3 4 5 6 7 8 9 10 11 12 13 14 15 16 17 18 19 20 21 22 23 24 25 26 27 28 29 30 
32 94 92 88 87 86 82 80 79 77 74 72 71 70 66 64 63 61 60 58 57 50 49 47 46 45 42 40 34 33 
33 94 92 88 87 86 82 80 79 77 74 72 71 70 66 64 63 61 60 58 57 50 49 47 46 45 42 40 34 1 2 3 4 5 6 7 8 9 10 11 12 13 14 15 16 17 18 19 20 21 22 23 24 25 26 27 28 29 30 31 32 
34 94 92 88 87 86 82 80 79 77 74 72 71 70 66 64 63 61 60 58 57 50 49 47 46 45 42 40 1 2 3 4 5 6 7 8 9 10 11 12 13 14 15 16 17 18 19 20 21 22 23 24 25 26 27 28 29 30 31 32 33 
35 94 92 88 87 86 82 80 79 77 74 72 71 70 66 64 63 61 60 58 57 50 49 47 46 45 42 40 
36 94 92 88 87 86 82 80 79 77 74 72 71 70 66 64 63 61 60 58 57 50 49 47 46 45 42 40 
37 94 92 88 87 86 82 80 79 77 74 72 71 70 66 64 63 61 60 58 57 50 49 47 46 45 42 40 
38 94 92 88 87 86 82 80 79 77 74 72 71 70 66 64 63 61 60 58 57 50 49 47 46 45 42 40 
39 94 92 88 87 86 82 80 79 77 74 72 71 70 66 64 63 61 60 58 57 50 49 47 46 45 42 40 
40 94 92 88 87 86 82 80 79 77 74 72 71 70 66 64 63 61 60 58 57 50 49 47 46 45 42 1 2 3 4 5 6 7 8 9 10 11 12 13 14 15 16 17 18 19 20 21 22 23 24 25 26 27 28 29 30 31 32 33 34 35 36 37 38 39 
41 94 92 88 87 86 82 80 79 77 74 72 71 70 66 64 63 61 60 58 57 50 49 47 46 45 42 
42 94 92 88 87 86 82 80 79 77 74 72 71 70 66 64 63 61 60 58 57 50 49 47 46 45 1 2 3 4 5 6 7 8 9 10 11 12 13 14 15 16 17 18 19 20 21 22 23 24 25 26 27 28 29 30 31 32 33 34 35 36 37 38 39 40 41 
43 94 92 88 87 86 82 80 79 77 74 72 71 70 66 64 63 61 60 58 57 50 49 47 46 45 
44 94 92 88 87 86 82 80 79 77 74 72 71 70 66 64 63 61 60 58 57 50 49 47 46 45 
45 94 92 88 87 86 82 80 79 77 74 72 71 70 66 64 63 61 60 58 57 50 49 47 46 1 2 3 4 5 6 7 8 9 10 11 12 13 14 15 16 17 18 19 20 21 22 23 24 25 26 27 28 29 30 31 32 33 34 35 36 37 38 39 40 41 42 43 44 
46 94 92 88 87 86 82 80 79 77 74 72 71 70 66 64 63 61 60 58 57 50 49 47 1 2 3 4 5 6 7 8 9 10 11 12 13 14 15 16 17 18 19 20 21 22 23 24 25 26 27 28 29 30 31 32 33 34 35 36 37 38 39 40 41 42 43 44 45 
47 94 92 88 87 86 82 80 79 77 74 72 71 70 66 64 63 61 60 58 57 50 49 1 2 3 4 5 6 7 8 9 10 11 12 13 14 15 16 17 18 19 20 21 22 23 24 25 26 27 28 29 30 31 32 33 34 35 36 37 38 39 40 41 42 43 44 45 46 
48 94 92 88 87 86 82 80 79 77 74 72 71 70 66 64 63 61 60 58 57 50 49 
49 94 92 88 87 86 82 80 79 77 74 72 71 70 66 64 63 61 60 58 57 50 1 2 3 4 5 6 7 8 9 10 11 12 13 14 15 16 17 18 19 20 21 22 23 24 25 26 27 28 29 30 31 32 33 34 35 36 37 38 39 40 41 42 43 44 45 46 47 48 
50 94 92 88 87 86 82 80 79 77 74 72 71 70 66 64 63 61 60 58 57 1 2 3 4 5 6 7 8 9 10 11 12 13 14 15 16 17 18 19 20 21 22 23 24 25 26 27 28 29 30 31 32 33 34 35 36 37 38 39 40 41 42 43 44 45 46 47 48 49 
51 94 92 88 87 86 82 80 79 77 74 72 71 70 66 64 63 61 60 58 57 
52 94 92 88 87 86 82 80 79 77 74 72 71 70 66 64 63 61 60 58 57 
53 94 92 88 87 86 82 80 79 77 74 72 71 70 66 64 63 61 60 58 57 
54 94 92 88 87 86 82 80 79 77 74 72 71 70 66 64 63 61 60 58 57 
55 94 92 88 87 86 82 80 79 77 74 72 71 70 66 64 63 61 60 58 57 
56 94 92 88 87 86 82 80 79 77 74 72 71 70 66 64 63 61 60 58 57 
57 94 92 88 87 86 82 80 79 77 74 72 71 70 66 64 63 61 60 58 1 2 3 4 5 6 7 8 9 10 11 12 13 14 15 16 17 18 19 20 21 22 23 24 25 26 27 28 29 30 31 32 33 34 35 36 37 38 39 40 41 42 43 44 45 46 47 48 49 50 51 52 53 54 55 56 
58 94 92 88 87 86 82 80 79 77 74 72 71 70 66 64 63 61 60 1 2 3 4 5 6 7 8 9 10 11 12 13 14 15 16 17 18 19 20 21 22 23 24 25 26 27 28 29 30 31 32 33 34 35 36 37 38 39 40 41 42 43 44 45 46 47 48 49 50 51 52 53 54 55 56 57 
59 94 92 88 87 86 82 80 79 77 74 72 71 70 66 64 63 61 60 
60 94 92 88 87 86 82 80 79 77 74 72 71 70 66 64 63 61 1 2 3 4 5 6 7 8 9 10 11 12 13 14 15 16 17 18 19 20 21 22 23 24 25 26 27 28 29 30 31 32 33 34 35 36 37 38 39 40 41 42 43 44 45 46 47 48 49 50 51 52 53 54 55 56 57 58 59 
61 94 92 88 87 86 82 80 79 77 74 72 71 70 66 64 63 1 2 3 4 5 6 7 8 9 10 11 12 13 14 15 16 17 18 19 20 21 22 23 24 25 26 27 28 29 30 31 32 33 34 35 36 37 38 39 40 41 42 43 44 45 46 47 48 49 50 51 52 53 54 55 56 57 58 59 60 
62 94 92 88 87 86 82 80 79 77 74 72 71 70 66 64 63 
63 94 92 88 87 86 82 80 79 77 74 72 71 70 66 64 1 2 3 4 5 6 7 8 9 10 11 12 13 14 15 16 17 18 19 20 21 22 23 24 25 26 27 28 29 30 31 32 33 34 35 36 37 38 39 40 41 42 43 44 45 46 47 48 49 50 51 52 53 54 55 56 57 58 59 60 61 62 
64 94 92 88 87 86 82 80 79 77 74 72 71 70 66 1 2 3 4 5 6 7 8 9 10 11 12 13 14 15 16 17 18 19 20 21 22 23 24 25 26 27 28 29 30 31 32 33 34 35 36 37 38 39 40 41 42 43 44 45 46 47 48 49 50 51 52 53 54 55 56 57 58 59 60 61 62 63 
65 94 92 88 87 86 82 80 79 77 74 72 71 70 66 
66 94 92 88 87 86 82 80 79 77 74 72 71 70 1 2 3 4 5 6 7 8 9 10 11 12 13 14 15 16 17 18 19 20 21 22 23 24 25 26 27 28 29 30 31 32 33 34 35 36 37 38 39 40 41 42 43 44 45 46 47 48 49 50 51 52 53 54 55 56 57 58 59 60 61 62 63 64 65 
67 94 92 88 87 86 82 80 79 77 74 72 71 70 
68 94 92 88 87 86 82 80 79 77 74 72 71 70 
69 94 92 88 87 86 82 80 79 77 74 72 71 70 
70 94 92 88 87 86 82 80 79 77 74 72 71 1 2 3 4 5 6 7 8 9 10 11 12 13 14 15 16 17 18 19 20 21 22 23 24 25 26 27 28 29 30 31 32 33 34 35 36 37 38 39 40 41 42 43 44 45 46 47 48 49 50 51 52 53 54 55 56 57 58 59 60 61 62 63 64 65 66 67 68 69 
71 94 92 88 87 86 82 80 79 77 74 72 1 2 3 4 5 6 7 8 9 10 11 12 13 14 15 16 17 18 19 20 21 22 23 24 25 26 27 28 29 30 31 32 33 34 35 36 37 38 39 40 41 42 43 44 45 46 47 48 49 50 51 52 53 54 55 56 57 58 59 60 61 62 63 64 65 66 67 68 69 70 
72 94 92 88 87 86 82 80 79 77 74 1 2 3 4 5 6 7 8 9 10 11 12 13 14 15 16 17 18 19 20 21 22 23 24 25 26 27 28 29 30 31 32 33 34 35 36 37 38 39 40 41 42 43 44 45 46 47 48 49 50 51 52 53 54 55 56 57 58 59 60 61 62 63 64 65 66 67 68 69 70 71 
73 94 92 88 87 86 82 80 79 77 74 
74 94 92 88 87 86 82 80 79 77 1 2 3 4 5 6 7 8 9 10 11 12 13 14 15 16 17 18 19 20 21 22 23 24 25 26 27 28 29 30 31 32 33 34 35 36 37 38 39 40 41 42 43 44 45 46 47 48 49 50 51 52 53 54 55 56 57 58 59 60 61 62 63 64 65 66 67 68 69 70 71 72 73 
75 94 92 88 87 86 82 80 79 77 
76 94 92 88 87 86 82 80 79 77 
77 94 92 88 87 86 82 80 79 1 2 3 4 5 6 7 8 9 10 11 12 13 14 15 16 17 18 19 20 21 22 23 24 25 26 27 28 29 30 31 32 33 34 35 36 37 38 39 40 41 42 43 44 45 46 47 48 49 50 51 52 53 54 55 56 57 58 59 60 61 62 63 64 65 66 67 68 69 70 71 72 73 74 75 76 
78 94 92 88 87 86 82 80 79 
79 94 92 88 87 86 82 80 1 2 3 4 5 6 7 8 9 10 11 12 13 14 15 16 17 18 19 20 21 22 23 24 25 26 27 28 29 30 31 32 33 34 35 36 37 38 39 40 41 42 43 44 45 46 47 48 49 50 51 52 53 54 55 56 57 58 59 60 61 62 63 64 65 66 67 68 69 70 71 72 73 74 75 76 77 78 
80 94 92 88 87 86 82 1 2 3 4 5 6 7 8 9 10 11 12 13 14 15 16 17 18 19 20 21 22 23 24 25 26 27 28 29 30 31 32 33 34 35 36 37 38 39 40 41 42 43 44 45 46 47 48 49 50 51 52 53 54 55 56 57 58 59 60 61 62 63 64 65 66 67 68 69 70 71 72 73 74 75 76 77 78 79 
81 94 92 88 87 86 82 
82 94 92 88 87 86 1 2 3 4 5 6 7 8 9 10 11 12 13 14 15 16 17 18 19 20 21 22 23 24 25 26 27 28 29 30 31 32 33 34 35 36 37 38 39 40 41 42 43 44 45 46 47 48 49 50 51 52 53 54 55 56 57 58 59 60 61 62 63 64 65 66 67 68 69 70 71 72 73 74 75 76 77 78 79 80 81 
83 94 92 88 87 86 
84 94 92 88 87 86 
85 94 92 88 87 86 
86 94 92 88 87 1 2 3 4 5 6 7 8 9 10 11 12 13 14 15 16 17 18 19 20 21 22 23 24 25 26 27 28 29 30 31 32 33 34 35 36 37 38 39 40 41 42 43 44 45 46 47 48 49 50 51 52 53 54 55 56 57 58 59 60 61 62 63 64 65 66 67 68 69 70 71 72 73 74 75 76 77 78 79 80 81 82 83 84 85 
87 94 92 88 1 2 3 4 5 6 7 8 9 10 11 12 13 14 15 16 17 18 19 20 21 22 23 24 25 26 27 28 29 30 31 32 33 34 35 36 37 38 39 40 41 42 43 44 45 46 47 48 49 50 51 52 53 54 55 56 57 58 59 60 61 62 63 64 65 66 67 68 69 70 71 72 73 74 75 76 77 78 79 80 81 82 83 84 85 86 
88 94 92 1 2 3 4 5 6 7 8 9 10 11 12 13 14 15 16 17 18 19 20 21 22 23 24 25 26 27 28 29 30 31 32 33 34 35 36 37 38 39 40 41 42 43 44 45 46 47 48 49 50 51 52 53 54 55 56 57 58 59 60 61 62 63 64 65 66 67 68 69 70 71 72 73 74 75 76 77 78 79 80 81 82 83 84 85 86 87 
89 94 92 
90 94 92 
91 94 92 
92 94 1 2 3 4 5 6 7 8 9 10 11 12 13 14 15 16 17 18 19 20 21 22 23 24 25 26 27 28 29 30 31 32 33 34 35 36 37 38 39 40 41 42 43 44 45 46 47 48 49 50 51 52 53 54 55 56 57 58 59 60 61 62 63 64 65 66 67 68 69 70 71 72 73 74 75 76 77 78 79 80 81 82 83 84 85 86 87 88 89 90 91 
93 94 
94 1 2 3 4 5 6 7 8 9 10 11 12 13 14 15 16 17 18 19 20 21 22 23 24 25 26 27 28 29 30 31 32 33 34 35 36 37 38 39 40 41 42 43 44 45 46 47 48 49 50 51 52 53 54 55 56 57 58 59 60 61 62 63 64 65 66 67 68 69 70 71 72 73 74 75 76 77 78 79 80 81 82 83 84 85 86 87 88 89 90 91 92 93 
