75
74 73 72 68 68 67 66 65 64 64 63 62 62 61 60 59 59 58 54 53 53 52 51 50 50 50 49 49 48 46 45 44 44 43 43 42 41 39 39 38 38 38 36 36 33 32 31 31 30 30 29 28 27 27 27 27 23 18 17 17 16 16 15 15 14 13 11 9 8 6 5 5 3 3 2 0 
1 2 3 5 4 6 7 8 10 9 11 13 12 14 15 17 16 18 19 21 20 22 23 26 25 24 28 27 29 30 31 33 32 35 34 36 37 39 38 42 41 40 44 43 45 46 48 47 50 49 51 52 56 55 54 53 57 58 60 59 62 61 64 63 65 66 67 68 69 70 72 71 74 73 75 
2 1 
3 1 
4 1 
5 1 
6 1 
7 1 
8 1 
9 1 
10 1 
11 1 
12 1 
13 1 
14 1 
15 1 
16 1 
17 1 
18 1 
19 1 
20 1 
21 1 
22 1 
23 1 
24 1 
25 1 
26 1 
27 1 
28 1 
29 1 
30 1 
31 1 
32 1 
33 1 
34 1 
35 1 
36 1 
37 1 
38 1 
39 1 
40 1 
41 1 
42 1 
43 1 
44 1 
45 1 
46 1 
47 1 
48 1 
49 1 
50 1 
51 1 
52 1 
53 1 
54 1 
55 1 
56 1 
57 1 
58 1 
59 1 
60 1 
61 1 
62 1 
63 1 
64 1 
65 1 
66 1 
67 1 
68 1 
69 1 
70 1 
71 1 
72 1 
73 1 
74 1 
75 1 
