61
57 55 53 49 49 49 48 48 47 46 46 46 45 43 43 43 43 42 42 41 39 38 37 37 35 34 34 33 33 32 31 31 30 26 25 21 20 19 18 17 17 17 15 15 13 12 12 12 12 11 10 10 9 9 8 7 6 4 3 3 2 0 
1 58 57 56 55 54 54 53 53 53 53 53 53 53 
2 57 55 
3 54 
4 56 
7 60 
9 60 
17 60 56 54 
18 56 55 
19 55 
20 54 
21 57 
22 56 55 54 
23 57 
25 58 
27 59 
28 57 
30 56 
32 54 
34 59 
37 54 
40 58 
45 61 56 
46 61 58 55 
47 57 
48 54 
49 55 
53 1 1 1 1 1 1 1 
54 48 37 32 22 17 20 3 1 1 
55 59 49 46 22 19 18 2 1 
56 30 18 45 22 17 4 1 
57 2 23 28 21 47 1 
58 25 46 40 1 
59 27 55 34 
60 17 9 7 
61 45 46 
