32
31 30 30 30 29 29 25 25 24 23 22 22 20 18 18 17 17 16 16 14 13 12 12 11 9 8 8 6 6 6 4 3 0 
1 5 5 18 7 3 16 3 4 3 12 2 31 6 5 3 20 7 1 1 30 14 6 9 4 5 24 12 21 17 23 15 
2 16 19 3 12 14 1 5 4 10 20 10 8 2 2 4 19 17 12 29 18 4 19 2 2 14 28 8 10 18 8 
3 6 19 22 5 1 1 1 2 7 24 3 3 3 3 1 8 8 25 15 5 3 3 11 23 13 15 5 10 24 29 
4 5 1 8 7 16 2 9 29 13 4 4 6 22 5 11 4 4 2 12 25 28 10 1 17 30 2 21 17 14 21 
5 1 1 14 7 4 7 10 3 21 18 2 12 1 8 14 22 4 22 22 3 16 1 9 6 10 3 26 12 6 
6 11 3 26 26 6 6 27 14 17 1 7 7 9 14 4 1 13 8 7 7 16 27 5 24 8 21 17 19 5 
7 27 5 10 5 12 1 4 3 9 6 6 1 13 18 24 24 6 19 6 26 18 7 7 23 22 
8 16 9 15 25 4 23 30 8 8 31 22 10 16 5 3 2 32 3 24 6 6 20 2 15 2 
9 11 11 8 13 27 25 13 7 12 4 11 6 12 15 1 11 17 15 11 14 10 5 18 16 
10 7 12 5 17 11 12 15 16 2 8 2 14 11 16 16 30 4 20 9 5 27 3 2 
11 6 21 9 21 19 9 17 17 19 10 30 9 10 4 23 9 3 19 9 18 13 19 
12 15 10 21 7 21 1 2 10 5 9 9 29 4 18 2 16 16 23 19 1 18 5 
13 26 22 9 20 27 9 4 24 7 25 6 13 13 32 3 23 11 23 22 27 
14 5 20 6 2 14 14 5 10 6 25 1 19 9 28 18 2 4 20 
15 12 8 15 15 29 20 10 20 9 17 17 9 3 17 18 3 8 1 
16 2 8 20 1 4 10 8 10 22 10 12 5 12 6 20 18 9 
17 10 11 11 6 26 15 9 15 2 15 19 20 4 4 1 23 6 
18 28 1 5 21 7 12 11 15 2 7 14 25 9 16 12 2 
19 3 11 2 11 23 2 17 11 24 14 7 2 12 22 6 11 
20 14 16 15 13 2 1 15 17 10 16 31 21 8 14 
21 11 11 26 12 12 5 32 18 4 20 6 1 4 
22 13 3 8 5 16 4 5 5 13 19 30 7 
23 8 19 11 3 23 23 13 12 13 7 1 17 
24 3 28 13 31 7 7 8 19 6 1 3 
25 8 9 29 14 13 3 4 27 18 
26 6 21 6 13 17 28 7 5 
27 7 6 9 13 6 25 10 13 
28 18 24 26 4 14 2 
29 15 4 25 12 2 3 
30 8 11 1 10 4 22 
31 1 8 24 20 
32 21 8 13 
