37
36 34 34 33 33 33 31 31 29 29 28 28 27 26 25 25 24 21 21 19 19 19 19 17 16 16 16 14 13 12 12 12 9 9 8 7 6 1 
1 37 34 33 31 30 29 26 25 22 21 19 18 16 14 12 11 9 5 4 4 3 3 3 3 3 2 2 2 2 2 2 
2 37 34 33 31 30 29 26 25 22 21 19 18 16 14 12 11 9 5 4 4 3 3 3 3 3 1 1 1 1 1 1 
3 37 34 33 31 30 29 26 25 22 21 19 18 16 14 12 11 9 5 4 4 1 2 1 2 1 2 1 2 1 2 
4 37 34 33 31 30 29 26 25 22 21 19 18 16 14 12 11 9 5 1 2 3 1 2 3 
5 37 34 33 31 30 29 26 25 22 21 19 18 16 14 12 11 9 1 2 3 4 
6 37 34 33 31 30 29 26 25 22 21 19 18 16 14 12 11 9 
7 37 34 33 31 30 29 26 25 22 21 19 18 16 14 12 11 9 
8 37 34 33 31 30 29 26 25 22 21 19 18 16 14 12 11 9 
9 37 34 33 31 30 29 26 25 22 21 19 18 16 14 12 11 1 2 3 4 5 6 7 8 
10 37 34 33 31 30 29 26 25 22 21 19 18 16 14 12 11 
11 37 34 33 31 30 29 26 25 22 21 19 18 16 14 12 1 2 3 4 5 6 7 8 9 10 
12 37 34 33 31 30 29 26 25 22 21 19 18 16 14 1 2 3 4 5 6 7 8 9 10 11 
13 37 34 33 31 30 29 26 25 22 21 19 18 16 14 
14 37 34 33 31 30 29 26 25 22 21 19 18 16 1 2 3 4 5 6 7 8 9 10 11 12 13 
15 37 34 33 31 30 29 26 25 22 21 19 18 16 
16 37 34 33 31 30 29 26 25 22 21 19 18 1 2 3 4 5 6 7 8 9 10 11 12 13 14 15 
17 37 34 33 31 30 29 26 25 22 21 19 18 
18 37 34 33 31 30 29 26 25 22 21 19 1 2 3 4 5 6 7 8 9 10 11 12 13 14 15 16 17 
19 37 34 33 31 30 29 26 25 22 21 1 2 3 4 5 6 7 8 9 10 11 12 13 14 15 16 17 18 
20 37 34 33 31 30 29 26 25 22 21 
21 37 34 33 31 30 29 26 25 22 1 2 3 4 5 6 7 8 9 10 11 12 13 14 15 16 17 18 19 20 
22 37 34 33 31 30 29 26 25 1 2 3 4 5 6 7 8 9 10 11 12 13 14 15 16 17 18 19 20 21 
23 37 34 33 31 30 29 26 25 
24 37 34 33 31 30 29 26 25 
25 37 34 33 31 30 29 26 1 2 3 4 5 6 7 8 9 10 11 12 13 14 15 16 17 18 19 20 21 22 23 24 
26 37 34 33 31 30 29 1 2 3 4 5 6 7 8 9 10 11 12 13 14 15 16 17 18 19 20 21 22 23 24 25 
27 37 34 33 31 30 29 
28 37 34 33 31 30 29 
29 37 34 33 31 30 1 2 3 4 5 6 7 8 9 10 11 12 13 14 15 16 17 18 19 20 21 22 23 24 25 26 27 28 
30 37 34 33 31 1 2 3 4 5 6 7 8 9 10 11 12 13 14 15 16 17 18 19 20 21 22 23 24 25 26 27 28 29 
31 37 34 33 1 2 3 4 5 6 7 8 9 10 11 12 13 14 15 16 17 18 19 20 21 22 23 24 25 26 27 28 29 30 
32 37 34 33 
33 37 34 1 2 3 4 5 6 7 8 9 10 11 12 13 14 15 16 17 18 19 20 21 22 23 24 25 26 27 28 29 30 31 32 
34 37 1 2 3 4 5 6 7 8 9 10 11 12 13 14 15 16 17 18 19 20 21 22 23 24 25 26 27 28 29 30 31 32 33 
35 37 
36 37 
37 1 2 3 4 5 6 7 8 9 10 11 12 13 14 15 16 17 18 19 20 21 22 23 24 25 26 27 28 29 30 31 32 33 34 35 36 
