37
36 33 33 33 31 29 28 28 27 25 24 24 24 23 23 23 22 22 22 22 21 20 20 17 16 16 14 14 13 13 12 10 7 6 5 4 2 
1 37 36 35 34 33 32 31 30 29 28 27 26 25 24 23 22 21 20 19 18 17 16 15 14 13 12 11 11 9 8 7 6 5 4 3 2 
2 36 33 32 31 30 29 28 27 26 25 25 24 22 21 20 19 18 17 16 15 14 13 12 11 10 9 8 7 6 5 4 3 1 
3 34 33 32 31 30 29 28 27 26 25 24 23 22 21 20 19 18 17 16 15 14 13 12 11 10 9 8 7 6 5 4 2 1 
4 34 33 32 31 30 29 28 27 26 25 24 23 22 21 20 20 19 19 19 15 14 13 12 11 10 9 8 7 6 5 3 2 1 
5 34 31 30 29 28 28 26 26 24 23 22 21 20 19 18 17 16 15 14 13 12 12 10 9 8 7 6 3 4 1 2 
6 31 30 29 27 26 25 24 23 22 21 21 19 18 17 16 15 15 13 12 11 10 9 8 7 3 5 4 2 1 
7 32 28 28 26 25 24 23 23 23 20 19 18 17 16 16 16 14 12 11 10 9 8 3 6 5 4 1 2 
8 34 30 27 26 25 24 23 22 21 20 19 19 17 16 15 14 13 13 12 10 9 2 3 4 6 1 5 7 
9 30 28 26 25 24 23 22 21 20 19 18 17 17 15 14 14 12 11 10 1 2 4 8 6 3 7 5 
10 33 32 31 29 29 28 26 23 23 22 20 17 17 15 12 11 11 6 2 5 4 3 8 9 7 
11 32 30 29 28 27 22 21 18 18 16 15 14 13 13 1 4 10 10 3 2 7 6 1 9 
12 35 30 27 24 21 20 19 18 17 16 16 14 13 8 10 5 5 6 9 4 7 2 1 3 
13 30 25 23 22 21 20 19 18 17 16 15 15 14 11 2 1 11 8 8 4 5 6 3 12 
14 37 24 23 21 20 20 20 19 17 16 15 3 7 5 4 9 11 2 9 13 1 8 12 
15 35 29 22 21 20 19 18 17 16 6 10 13 11 6 13 14 3 4 8 1 5 9 2 
16 27 27 23 21 20 19 18 17 2 7 3 1 15 12 14 7 7 12 11 5 6 8 13 
17 30 28 24 23 22 18 5 15 10 6 2 10 16 14 9 9 12 7 8 1 3 13 
18 33 31 29 27 25 23 22 19 11 2 11 16 13 1 5 6 9 7 3 17 12 15 
19 31 25 23 20 4 6 5 7 18 2 4 12 8 1 14 15 4 8 9 16 3 13 
20 31 25 23 22 2 14 4 14 10 19 15 12 4 13 5 8 14 1 3 7 9 16 
21 36 33 32 28 27 25 11 16 6 6 3 5 14 13 2 8 1 4 15 9 12 
22 35 34 32 31 24 18 3 1 4 10 11 13 20 9 2 17 8 6 15 5 
23 35 7 18 9 20 3 7 7 16 10 14 19 17 10 8 4 6 5 13 1 
24 31 26 26 26 22 2 6 12 17 14 5 4 7 1 8 3 9 
25 32 28 20 2 18 8 21 13 1 3 2 19 7 9 4 6 
26 29 27 9 10 24 5 24 24 5 7 2 1 3 4 8 6 
27 29 12 3 21 26 16 16 18 11 4 2 6 8 1 
28 5 5 21 7 25 9 7 3 17 11 10 2 1 4 
29 6 3 27 26 15 18 11 10 10 5 4 1 2 
30 36 4 1 9 6 12 17 13 11 8 3 2 5 
31 10 24 20 18 4 19 22 6 2 5 1 3 
32 11 22 7 1 21 10 25 3 2 4 
33 18 21 10 2 1 3 4 
34 5 3 8 22 4 1 
35 12 22 15 23 1 
36 30 2 21 1 
37 14 1 
