92
91 90 90 88 87 87 86 83 83 83 78 78 76 75 73 73 72 72 72 71 69 68 68 67 66 66 66 65 64 63 62 62 60 59 58 57 55 53 53 52 50 50 49 49 49 48 48 48 47 45 45 44 44 43 43 42 40 39 39 38 38 38 38 38 36 36 32 31 30 28 28 27 27 22 20 20 20 19 18 18 17 17 16 15 15 14 12 9 9 5 4 4 
1 59 27 85 56 66 31 35 52 20 76 15 8 30 3 23 17 43 47 42 14 60 9 38 9 5 24 48 3 3 6 8 30 68 90 6 18 83 34 78 33 2 35 53 19 39 54 37 8 30 51 74 5 80 11 76 18 40 9 21 21 17 24 6 2 35 75 76 14 31 90 89 45 7 35 26 28 7 18 10 52 21 1 1 41 18 9 64 40 11 58 25 
2 28 42 56 26 6 57 41 25 70 23 19 25 71 16 82 23 67 43 10 56 31 3 26 21 30 22 49 20 22 3 44 50 49 47 40 37 13 8 37 73 33 59 1 44 33 21 25 66 72 53 31 51 62 25 19 2 2 5 63 23 37 34 12 56 58 4 1 15 58 24 6 47 58 78 28 67 15 12 18 62 32 33 64 54 7 28 35 22 6 25 
3 22 7 44 6 15 16 14 3 3 52 18 6 3 3 78 56 82 21 38 40 6 49 56 1 50 52 2 14 41 35 22 2 6 1 1 30 66 32 27 84 27 10 77 72 8 32 41 23 36 13 54 59 74 17 32 8 19 55 27 69 13 49 71 32 57 10 6 59 51 4 43 53 20 46 4 41 75 14 4 69 84 8 56 62 60 58 4 36 58 69 
4 72 25 39 8 25 78 22 10 33 53 8 13 54 10 89 48 37 64 9 84 18 39 42 26 13 30 61 35 12 23 64 65 34 38 28 34 22 75 48 17 16 12 54 66 15 59 17 87 19 10 68 52 73 13 6 26 70 91 2 6 3 40 49 62 34 3 47 26 3 17 45 44 9 27 39 13 27 5 27 9 30 5 21 17 3 40 43 45 
5 56 57 22 57 7 52 47 37 72 10 1 20 24 7 8 32 19 31 75 24 42 71 89 31 59 49 48 6 43 13 84 22 29 41 39 28 51 82 17 6 37 39 5 5 37 29 10 63 12 1 66 16 38 2 36 39 26 42 45 16 57 26 32 41 60 35 32 12 7 12 68 34 50 11 33 88 38 4 58 69 4 12 10 72 32 6 32 
6 15 3 2 9 13 69 9 55 59 3 31 25 47 9 3 16 39 47 28 36 31 11 8 60 48 24 8 34 3 17 1 60 69 40 20 8 1 5 65 18 51 33 59 16 54 30 5 78 60 10 89 31 7 32 12 4 33 31 59 33 1 7 44 3 4 44 8 86 41 19 2 23 48 28 49 41 55 6 6 16 41 23 30 2 5 9 7 
7 41 48 85 3 27 14 16 29 47 5 55 9 11 25 16 18 40 24 28 32 64 73 8 66 41 5 20 33 83 51 73 23 27 60 15 40 71 87 46 25 9 19 57 13 8 47 77 7 7 91 6 70 25 27 51 35 12 45 6 76 50 16 73 45 32 5 16 46 12 1 37 30 9 1 35 20 23 34 2 23 8 12 71 6 41 75 
8 47 10 40 4 22 55 15 4 12 14 30 41 1 57 14 36 44 43 42 7 6 14 6 29 53 42 5 14 1 18 32 6 18 49 2 32 65 36 26 80 3 10 70 36 12 7 55 18 39 1 3 25 32 21 31 40 51 9 10 47 63 13 63 6 47 31 16 10 86 31 22 14 3 21 55 24 22 9 10 63 7 71 10 
9 52 54 33 32 6 21 6 29 15 26 7 6 34 19 40 20 4 1 83 10 77 1 34 26 66 16 29 64 58 24 54 40 27 27 68 11 21 32 23 34 45 58 70 28 7 48 31 35 31 27 75 31 14 48 11 76 70 8 1 48 68 38 21 51 87 64 30 21 24 7 8 4 48 15 47 27 4 18 1 25 62 6 31 
10 31 54 46 8 63 54 40 4 13 48 23 4 13 36 32 31 64 10 10 19 2 9 5 90 28 67 23 55 49 12 83 40 22 37 3 62 80 20 8 11 20 31 48 75 4 5 6 14 38 15 23 35 19 41 18 30 74 11 16 8 45 13 21 71 3 61 42 27 16 49 34 23 23 8 47 1 69 8 49 20 5 44 8 
11 69 85 37 19 11 11 69 54 17 7 29 16 37 36 38 39 54 6 16 42 21 25 17 24 61 48 23 63 39 40 62 51 9 62 18 55 50 42 10 11 11 68 26 74 81 1 22 9 68 10 20 16 72 24 43 48 37 67 45 59 51 34 47 65 58 5 49 44 46 67 62 13 17 35 45 25 1 29 
12 35 28 76 8 72 56 77 49 60 44 37 29 77 29 4 15 67 56 35 47 71 29 34 16 10 65 48 75 42 18 4 70 84 72 14 8 28 48 33 45 33 5 52 6 74 2 29 19 7 12 12 63 25 87 5 14 72 5 48 7 25 63 17 2 58 30 26 82 29 29 66 16 5 7 31 12 12 47 
13 45 17 20 39 6 84 13 13 45 10 51 4 88 10 31 75 57 4 61 73 53 27 31 19 45 39 2 23 33 5 57 34 59 23 57 62 13 13 3 41 27 19 7 24 19 24 17 30 75 4 3 39 21 55 38 10 17 15 8 79 42 21 50 40 26 89 79 14 14 33 22 4 11 73 57 34 
14 32 29 60 3 36 7 24 8 79 77 16 25 8 20 43 57 70 1 3 31 57 33 8 16 40 15 37 81 8 21 19 20 29 46 26 48 73 46 30 14 14 56 71 24 23 28 12 51 28 26 10 9 72 33 30 24 59 33 29 1 60 85 83 12 17 3 37 8 39 13 13 39 19 52 57 
15 16 6 17 3 92 88 9 8 38 48 27 61 1 23 23 50 38 35 55 12 14 45 20 63 16 7 15 15 39 61 34 4 72 34 51 66 75 64 29 29 34 56 10 42 34 61 30 13 2 52 59 63 29 17 19 40 2 61 22 36 47 37 34 9 20 44 58 39 40 50 39 32 21 
16 15 3 57 23 7 47 20 56 14 7 6 2 62 11 23 11 41 14 38 9 20 79 83 28 12 15 22 4 71 74 6 31 80 62 57 24 40 27 37 76 5 43 45 31 37 64 5 10 11 25 59 31 17 51 39 7 69 10 21 24 7 8 31 21 27 62 6 12 17 21 47 20 74 
17 13 15 52 37 32 66 11 77 35 1 60 85 11 21 6 50 23 57 38 36 28 56 69 4 19 73 62 33 68 5 4 32 26 32 3 19 38 51 72 61 13 28 22 30 1 59 13 44 16 51 72 15 34 24 19 14 46 4 12 52 50 54 30 82 33 35 11 16 4 54 92 33 
18 34 25 28 37 44 19 81 39 71 3 7 71 4 85 57 26 24 67 35 69 55 27 30 26 8 81 30 83 46 80 1 27 8 12 46 18 18 6 72 11 25 77 8 33 28 38 1 10 33 20 20 60 18 18 21 62 75 71 42 41 31 1 82 2 30 1 9 46 28 64 42 52 
19 18 54 24 11 29 50 2 44 9 10 50 64 22 26 58 67 13 5 14 52 63 58 17 60 35 57 81 45 41 40 67 31 1 13 7 60 4 17 3 2 13 19 19 53 48 66 83 10 35 12 68 34 41 72 6 32 19 19 38 15 17 25 28 30 27 27 71 48 20 14 24 48 
20 45 13 25 61 22 29 22 16 1 9 14 28 2 5 27 16 7 15 6 32 14 20 20 77 77 10 36 70 65 10 86 46 58 36 35 79 77 67 67 34 30 25 24 20 20 11 30 49 18 51 18 50 28 71 3 29 46 61 92 50 73 42 30 15 7 42 19 10 39 69 16 
21 9 70 70 43 3 25 24 65 48 11 61 2 40 17 45 70 28 65 14 54 46 47 65 41 22 29 45 33 59 9 2 38 44 23 8 64 65 59 13 46 1 1 27 10 9 29 67 58 36 16 18 13 9 76 24 16 8 56 42 1 4 23 16 32 21 21 70 63 15 
22 50 55 3 62 33 20 5 8 46 65 20 54 4 25 33 28 38 26 81 27 19 43 2 47 67 3 88 50 22 22 2 50 43 45 27 4 16 21 54 32 86 10 5 32 26 58 60 24 29 11 51 17 51 43 87 70 8 15 49 8 41 13 82 61 30 2 42 45 
23 24 38 35 16 43 2 10 83 57 47 28 1 16 34 51 15 15 2 38 38 4 10 11 17 52 50 7 31 45 13 25 9 13 28 14 51 39 3 62 54 38 24 46 60 21 53 10 2 28 64 49 29 53 25 62 6 59 37 34 10 10 61 50 6 7 7 21 46 
24 23 29 73 19 28 14 32 21 7 56 39 6 18 1 11 5 29 9 28 5 40 41 68 62 67 14 47 13 53 16 23 22 54 13 53 20 14 57 27 85 1 11 61 31 53 31 2 16 26 29 53 51 17 59 49 21 42 9 8 30 30 57 65 19 44 32 28 
25 42 20 18 4 4 2 22 6 63 2 14 7 33 21 70 69 48 85 11 40 44 73 37 85 23 64 61 18 7 30 2 40 65 48 74 8 2 49 7 78 20 56 16 73 70 12 47 23 57 12 60 64 19 39 63 85 33 38 9 42 57 33 11 2 1 59 
26 2 88 46 61 47 39 9 60 65 40 41 22 54 67 4 19 2 58 18 38 9 49 67 78 44 36 41 69 56 18 46 37 51 14 63 59 64 8 84 27 22 80 64 11 35 17 49 14 65 34 4 5 5 35 24 34 4 13 39 1 12 32 39 56 76 65 
27 75 1 7 68 15 32 56 55 45 22 28 31 29 81 60 13 67 20 81 72 62 18 72 52 22 9 9 7 50 3 18 3 27 27 26 36 61 65 30 13 37 9 16 57 37 29 42 3 7 58 21 24 57 55 10 53 32 79 30 16 4 19 4 19 4 9 
28 2 53 18 12 24 75 22 69 89 23 27 7 66 32 37 6 54 20 10 21 31 4 24 16 60 30 17 50 33 41 33 46 38 29 9 23 5 14 29 12 34 14 42 18 46 17 45 64 70 23 20 41 6 2 40 1 19 47 2 62 68 36 18 47 24 
29 24 78 14 29 29 20 9 19 7 69 11 33 36 42 27 12 81 12 47 80 74 8 47 9 24 64 12 52 74 14 61 55 43 21 5 28 28 15 59 15 5 22 27 31 12 21 46 14 15 78 23 20 24 63 36 47 48 12 76 81 35 12 74 11 
30 45 50 8 67 72 1 4 80 2 39 1 3 18 28 18 47 48 14 25 32 6 27 37 53 38 35 76 1 13 89 44 14 10 20 17 20 48 15 45 9 33 63 45 43 27 39 91 7 20 12 66 19 24 24 17 18 6 50 4 53 22 42 49 
31 32 33 10 32 1 6 13 10 27 6 2 14 33 73 48 13 28 5 5 23 52 61 19 16 36 10 51 9 9 2 81 44 8 6 9 29 70 74 16 6 16 43 71 24 24 48 1 64 8 50 16 8 18 52 64 37 56 53 12 9 37 53 
32 31 14 31 47 9 49 17 88 77 27 10 24 33 36 28 41 7 43 51 59 5 54 3 8 20 58 22 22 9 8 3 30 17 17 3 8 46 6 69 65 50 3 59 61 5 39 73 5 81 19 7 27 46 26 2 38 21 5 33 5 15 24 
33 9 31 22 4 22 29 32 25 81 50 42 31 59 14 41 7 65 67 64 72 57 56 13 21 28 28 1 2 6 72 2 17 60 35 77 12 18 86 12 14 6 54 43 6 14 18 60 30 44 43 13 67 5 25 17 2 35 32 25 17 
34 18 58 65 54 86 44 9 23 65 9 6 43 36 4 12 4 43 1 9 13 63 46 15 15 57 28 15 72 63 15 86 26 2 20 83 19 52 68 71 60 17 60 4 11 10 54 26 23 5 75 41 40 38 15 52 7 35 13 35 
35 12 37 52 23 82 1 60 56 17 88 43 15 49 3 4 18 12 66 53 50 19 55 1 62 26 33 54 9 20 30 35 35 59 41 71 10 19 7 38 1 55 80 5 26 75 50 1 54 7 29 17 52 33 2 34 11 63 34 
36 43 68 14 10 80 71 29 32 8 11 6 76 34 48 52 26 17 38 83 58 58 54 8 27 62 20 3 31 8 42 62 81 20 74 86 5 44 75 21 55 40 46 37 45 29 15 63 38 65 46 43 28 47 55 3 49 47 
37 74 39 35 18 17 74 59 11 84 4 11 12 28 66 5 80 25 14 42 26 2 73 10 2 43 43 37 37 30 5 27 1 73 5 27 16 2 58 16 42 54 39 11 37 37 42 36 14 51 23 7 15 47 31 31 
38 23 48 15 22 3 49 11 15 48 23 1 26 46 23 64 16 44 84 65 4 44 45 17 57 54 36 28 21 42 30 23 17 70 82 10 5 18 65 35 13 9 60 19 43 34 36 67 5 25 39 32 68 54 
39 43 13 37 4 18 26 49 46 57 68 6 4 40 79 11 24 30 11 13 84 15 5 23 1 83 40 65 52 8 5 49 55 5 78 13 56 37 32 16 72 30 26 14 4 25 26 14 15 38 82 20 67 15 
40 56 8 59 10 26 3 9 7 55 39 61 25 21 14 76 53 6 9 11 62 2 7 10 24 19 44 25 39 45 16 66 8 87 67 1 42 58 67 4 56 36 45 15 53 13 28 54 34 50 15 1 4 
41 7 2 8 26 79 62 42 32 80 41 41 16 3 64 33 7 54 58 53 61 26 45 21 79 59 24 28 51 69 19 5 3 13 35 10 68 19 5 28 6 51 3 6 18 34 6 22 59 1 7 
42 25 2 77 61 51 44 29 41 4 33 66 1 8 11 8 45 37 5 12 11 36 38 64 28 27 15 89 37 5 40 53 81 10 13 60 37 51 18 56 20 24 21 63 54 20 67 25 30 22 18 
43 58 60 39 36 23 21 66 8 76 2 50 1 14 35 45 22 32 75 22 34 29 50 5 34 85 57 37 37 86 49 48 16 33 58 58 22 11 50 31 3 61 30 44 38 71 33 66 36 4 
44 68 3 62 18 19 34 63 12 42 63 8 64 25 46 38 2 26 55 38 52 55 52 61 2 64 40 21 31 30 36 70 17 6 6 80 33 49 56 43 51 44 44 11 4 52 15 10 69 24 
45 13 20 66 30 13 55 47 27 56 43 48 15 42 13 21 22 38 41 91 23 21 61 9 19 71 40 12 16 28 5 10 73 7 61 45 45 30 7 11 40 30 36 1 4 64 69 11 4 22 
46 50 10 22 26 39 72 49 63 52 47 38 44 21 65 26 18 51 14 18 14 28 34 7 49 62 20 23 87 32 28 50 21 49 50 29 3 20 36 7 17 85 32 11 71 36 18 23 80 
47 8 32 26 7 16 45 6 23 5 6 46 1 29 22 29 12 2 21 30 59 90 74 83 24 7 8 25 2 8 48 4 11 29 10 55 66 15 9 37 28 36 28 16 12 53 70 79 36 
48 38 7 55 10 15 55 4 25 21 38 53 51 45 6 31 1 11 36 5 12 4 30 14 49 9 25 61 12 10 68 43 19 58 9 9 30 11 61 31 68 6 12 47 29 9 19 19 64 
49 74 32 71 39 46 12 3 38 35 2 26 2 10 5 8 50 43 46 48 63 26 39 56 25 52 57 3 53 46 20 68 23 72 4 10 80 44 6 24 66 22 11 65 61 10 30 36 
50 22 46 19 30 85 3 19 43 33 15 73 60 73 64 22 22 17 56 2 23 27 61 28 43 49 35 11 59 46 76 32 46 43 20 7 13 31 20 35 5 23 17 40 30 15 
51 70 13 42 23 83 62 48 32 54 7 82 26 46 11 6 41 23 61 5 64 55 31 86 15 14 2 17 1 22 8 7 22 16 20 3 9 17 73 11 41 42 24 37 44 54 
52 9 17 58 35 1 68 3 5 3 46 67 63 36 23 27 29 44 19 44 57 31 72 39 58 53 85 84 4 49 12 15 34 64 73 17 1 31 44 34 35 14 66 55 18 
53 28 71 4 56 13 48 70 66 8 41 40 82 68 58 35 92 1 86 2 24 30 52 23 19 57 24 78 49 78 42 24 3 23 27 24 79 40 56 56 30 31 89 47 31 
54 9 68 10 19 10 22 11 4 34 26 11 28 51 41 32 21 9 38 22 36 65 4 63 6 3 1 35 23 76 24 33 37 86 34 35 40 17 42 2 66 51 17 38 
55 22 48 6 45 8 86 69 7 48 27 63 40 62 15 10 18 44 72 77 56 44 29 11 35 51 62 66 8 67 39 3 77 13 74 35 27 36 47 6 8 57 36 52 
56 5 2 1 40 79 35 3 16 12 53 27 81 3 45 69 24 2 50 12 26 55 17 33 14 69 60 49 15 78 90 25 39 2 40 44 53 42 21 53 3 26 31 
57 5 2 5 16 39 23 8 59 13 14 18 14 17 38 33 52 13 63 19 43 13 84 7 68 34 16 27 53 49 3 24 5 27 25 55 24 13 68 14 25 
58 43 52 34 26 19 76 84 41 9 36 32 19 36 53 76 9 70 22 52 20 48 27 37 43 43 2 40 21 58 58 2 2 11 12 15 5 3 3 1 
59 1 40 37 6 57 33 32 5 41 47 61 21 13 26 2 6 4 50 3 29 35 21 32 6 17 16 14 3 15 11 63 24 23 68 64 69 41 76 25 
60 43 66 14 35 26 12 17 80 1 65 50 6 27 6 28 7 19 86 33 22 19 64 56 23 6 73 18 33 5 34 14 38 42 34 88 25 61 3 
61 20 42 26 15 13 40 67 21 4 11 41 29 62 50 83 59 44 45 25 15 31 27 51 48 17 15 45 32 10 24 48 20 43 15 23 60 49 22 
62 44 22 71 41 16 55 51 78 73 27 40 61 11 83 78 11 10 24 13 35 17 36 46 16 23 55 36 2 69 4 23 18 16 11 3 2 28 9 
63 10 25 44 44 55 46 74 52 77 11 15 19 57 26 34 54 85 49 5 34 2 12 8 66 8 15 30 29 59 12 36 69 42 25 8 67 21 35 
64 72 10 4 19 44 7 41 38 50 4 9 29 33 25 26 44 51 26 15 60 42 67 21 16 28 23 52 9 31 25 59 31 45 78 2 18 1 48 
65 22 26 34 70 79 21 60 34 4 38 21 33 46 21 12 6 79 8 54 27 20 25 39 26 21 38 32 78 84 11 49 36 78 79 24 26 
66 45 75 60 1 17 69 28 43 37 42 69 87 53 9 7 80 3 35 87 68 4 2 55 15 5 40 19 63 71 49 47 30 43 12 54 52 
67 30 26 52 2 61 19 22 27 10 18 26 12 33 24 19 55 20 64 20 40 21 40 11 71 2 11 33 38 63 71 42 39 
68 54 44 36 52 27 39 1 53 9 24 66 75 17 11 57 48 4 11 41 19 9 49 77 34 48 5 59 28 38 73 57 
69 6 11 11 55 66 29 28 25 56 66 18 26 6 17 41 56 3 32 16 62 3 63 59 10 74 5 45 20 44 3 
70 78 21 51 2 81 21 65 25 14 53 21 9 12 58 20 8 38 7 31 9 44 4 25 28 22 82 21 47 
71 62 53 18 49 2 36 18 12 5 7 16 14 45 35 3 10 34 31 20 66 67 18 43 46 19 67 7 8 
72 4 64 46 12 30 5 27 55 27 33 18 52 3 33 12 15 2 34 17 14 11 49 17 19 12 39 5 
73 24 13 50 7 31 50 25 62 7 37 14 2 17 37 4 60 82 25 45 7 32 51 52 82 20 13 68 
74 37 49 37 63 29 87 29 82 47 16 3 25 36 1 11 12 31 10 55 69 29 16 
75 27 66 28 13 43 5 4 12 68 15 10 9 13 1 36 35 3 18 34 7 
76 12 1 43 58 40 36 84 58 54 30 16 1 50 9 1 7 21 29 59 26 
77 42 32 17 12 14 12 9 63 55 82 20 3 20 18 33 20 7 55 68 80 
78 29 70 4 3 62 26 62 1 6 39 25 56 53 53 65 29 2 65 64 
79 56 14 65 41 39 16 41 65 87 20 13 53 79 79 27 13 65 47 
80 36 60 41 30 37 29 66 18 8 10 26 16 1 35 44 49 46 77 
81 18 70 22 56 29 33 27 27 14 18 19 36 31 11 42 32 29 
82 35 3 2 51 53 74 77 5 38 73 73 18 12 70 17 22 39 
83 23 51 9 16 7 18 36 62 10 61 1 47 39 19 34 14 
84 13 37 4 58 38 39 76 5 3 26 12 57 52 65 3 
85 7 1 11 50 25 17 18 25 43 63 52 24 14 46 25 
86 55 34 22 43 60 53 20 51 33 36 34 6 54 8 
87 88 66 74 66 7 79 4 46 40 22 12 9 
88 26 15 32 13 87 35 22 60 5 
89 4 28 5 6 42 30 1 13 53 
90 10 1 47 56 1 
91 45 7 4 30 
92 15 53 20 17 
