23
20 19 19 17 17 17 16 15 14 13 13 13 11 10 10 9 7 6 6 4 4 4 2 
1 21 20 19 18 17 16 15 14 13 12 11 10 9 8 7 6 5 4 3 2 
2 21 20 18 17 16 15 14 13 12 11 10 9 8 7 6 5 4 3 1 
3 20 19 18 17 16 16 15 13 12 11 10 9 8 7 6 5 4 1 2 
4 22 17 16 15 14 13 12 11 10 9 8 7 6 5 2 1 3 
5 18 17 16 15 14 13 12 11 10 9 8 7 6 2 3 4 1 
6 22 22 16 15 14 13 12 11 10 9 8 7 1 3 4 2 5 
7 17 16 15 14 13 12 11 10 9 8 1 5 2 6 4 3 
8 22 15 14 13 12 11 10 9 2 1 4 3 7 6 5 
9 19 14 13 12 11 10 6 3 5 8 2 4 7 1 
10 23 19 12 11 2 1 6 4 5 8 9 7 3 
11 18 13 12 2 1 10 5 6 8 7 9 4 3 
12 21 18 4 6 5 9 11 2 10 8 1 7 3 
13 15 3 8 2 9 6 1 11 5 4 7 
14 23 17 5 6 2 7 8 4 1 9 
15 20 1 13 7 6 3 4 8 5 2 
16 19 1 3 3 7 6 2 5 4 
17 14 5 4 1 2 7 3 
18 1 12 11 5 3 2 
19 21 10 16 9 3 1 
20 2 15 3 1 
21 2 19 12 1 
22 6 8 4 6 
23 10 14 
