27
25 25 25 24 22 21 19 19 19 19 18 17 17 14 14 14 13 12 9 9 8 8 7 6 4 4 2 
1 2 5 3 10 16 3 22 15 17 7 12 11 17 14 2 11 22 7 4 7 10 21 14 18 4 
2 1 7 25 4 12 21 2 2 6 4 11 5 5 3 9 13 7 1 19 16 18 4 16 10 8 
3 20 17 1 15 10 9 19 1 25 8 9 10 2 16 8 16 17 6 12 20 11 15 11 11 11 
4 2 5 11 6 21 9 2 7 7 21 7 14 1 17 9 24 9 2 11 5 14 15 1 8 
5 1 25 4 11 19 9 6 13 10 18 2 2 15 10 10 14 7 5 5 4 12 13 
6 16 24 4 13 8 5 2 20 12 9 24 18 11 21 19 14 16 12 3 20 24 
7 2 11 16 23 1 4 4 18 15 4 2 23 1 5 1 8 19 17 25 
8 6 9 12 21 10 17 13 3 26 3 20 7 11 15 9 17 14 2 4 
9 17 23 3 5 8 13 21 4 20 6 3 2 27 4 15 4 23 19 8 
10 1 3 5 19 16 8 16 3 5 22 5 10 10 23 1 14 24 12 2 
11 7 22 4 5 18 2 12 6 1 14 26 1 3 3 8 3 4 3 
12 15 2 26 8 1 6 11 18 16 13 6 3 23 17 17 5 10 
13 15 6 5 9 21 14 8 17 13 13 2 12 18 18 20 14 5 
14 23 18 13 11 6 4 5 1 10 1 22 13 4 8 
15 12 3 13 18 1 7 5 19 9 3 22 8 18 4 
16 6 7 1 22 10 22 10 12 20 3 3 6 2 2 
17 9 3 1 8 13 1 3 4 12 12 20 7 8 
18 15 14 5 11 6 7 12 13 2 13 1 15 
19 3 5 10 6 24 15 2 7 9 
20 3 6 9 16 3 8 6 17 13 
21 2 4 9 13 8 6 4 1 
22 11 1 16 16 10 1 15 14 
23 9 14 7 7 12 10 9 
24 6 6 19 4 6 10 
25 2 5 3 7 
26 12 27 11 8 
27 26 9 
