58
57 55 53 49 49 49 48 48 47 46 46 46 45 43 43 43 43 42 42 41 39 38 37 37 35 34 34 33 33 32 31 31 30 26 25 21 20 19 18 17 17 17 15 15 13 12 12 12 12 11 10 10 9 9 8 7 6 4 3 3 2 0 
1 2 3 6 5 4 8 7 9 12 11 10 13 17 16 15 14 19 18 20 21 22 24 23 25 27 26 29 28 30 32 31 33 34 35 36 37 38 39 42 41 40 44 43 45 49 48 47 46 50 52 51 54 53 55 56 57 58 
2 1 
3 1 
4 1 
5 1 
6 1 
7 1 
8 1 
9 1 
10 1 
11 1 
12 1 
13 1 
14 1 
15 1 
16 1 
17 1 
18 1 
19 1 
20 1 
21 1 
22 1 
23 1 
24 1 
25 1 
26 1 
27 1 
28 1 
29 1 
30 1 
31 1 
32 1 
33 1 
34 1 
35 1 
36 1 
37 1 
38 1 
39 1 
40 1 
41 1 
42 1 
43 1 
44 1 
45 1 
46 1 
47 1 
48 1 
49 1 
50 1 
51 1 
52 1 
53 1 
54 1 
55 1 
56 1 
57 1 
58 1 
